815034276
203185746
324017865
687213405
714035628
123457608
703621458
742310685
516430872
348270615
835240761
532674801
351824607
801254763
123085467
143820567
305147862
451230876
208653147
345620781
402185367
851436207
312754806
528374106
428153706
415238607
356081742
436287501
234085617
145273806
803614275
402163875
257168403
123864705
638710254
725086413
813025746
234870165
283715406
106832475
138260754
845631702
102564378
234076185
203164875
803216754
614083527
135784602
853017426
356024871
124376805
103425876
784031625
234017685
802153764
273085146
356014782
234078615
283650147
134082765
168052743
384715206
124073586
803264751
126738504
681420573
807614253
872054361
624037158
728510634
142035687
428150763
704612835
103724685
263758104
305718264
472583106
124068753
102876543
501763284
153780264
782064513
781563204
703586214
283745601
102865743
281450736
617830254
172064583
512073846
874160235
634057281
723054816
703284516
164052873
103824765
638021574
801753642
608712543
135820746
138740625
816072345
204153876
134825706
812035764
276834501
631058274
718654302
346251708
861234705
634021875
142850736
243570168
837412605
401682375
106832754
123670854
812630754
812673405
135072486
407538621
218047653
402183657
135742608
635812704
126073854
324617508
104637285
734210685
102743685
812743605
863214507
185642703
236745801
637182504
106532874
152083746
812046753
851076432
208163547
103874562
713045268
234810675
208137654
152340867
563812704
501463782
582140763
643815207
134865207
825367401
134758602
102648573
345167802
123840765
837461205
283715406
278150463
836210754
316524708
328670154
603718254
602815347
134062875
835724601
134650827
386120754
703145286
423085176
248035176
502183746
813724605
703284165
148325706
851743602
728345106
485210736
206173854
416832507
237150846
713085246
234057186
281043576
172630854
123084765
205138746
123740685
208643175
803216754
214350876
283014765
152783406
507283146
812456703
354860127
135720486
346027185
481630725
783250461
123740685
134820765
365120847
624038175
248135706
248156703
235870614
823746501
384162705
273140685
123064875
104237865
781234605
245130786
203185746
738650214
701482653
406213758
108742356
123045876
123840765
102645837
726053148
142673805
138054726
612473805
762084153
821036754
347250186
852673104
704825136
248160753
652187304
614782305
703514286
781254306
283164705
201683754
142730685
341875602
173026485
135072486
371564802
142063875
871026435
304578216
802145763
165270483
301256748
712563804
134260785
813674205
267135804
281073645
268134705
123864705
803752641
127035684
701684532
274135806
781230654
205137648
102843765
716284503
134075286
781034652
702681453
342185706
653421807
152870436
803421765
123845706
248137605
107628543
123075864
304125876
617582304
231860754
742085163
813054267
234170685
806241735
365287104
312084765
645783102
134620875
371062485
735810462
263480517
345287601
713028546
203784561
738625401
573126804
263015847
413025687
712360485
641823705
263845701
108764352
602147835
172435806
152037468
134865207
386712504
124087536
301268745
304821765
428610375
253164807
352078164
423170568
814730526
761083254
831460752
703682145
874150632
804231765
142760583
763014852
804316752
123048675
164082753
206537148
263174805
152083746
234150786
813240765
573218604
823415706
712456308
851026734
125340876
423018765
418750632
345170286
425170863
302164785
723850641
123864705
123785406
702143865
435780126
103627548
203145768
681472503
184670532
123870456
234750681
138752604
714036258
264013857
421653708
283074156
812063475
105436827
243015876
725413806
142835706
172065843
215083746
516387204
231780654
813024765
462015783
243756108
128740365
703864125
712643805
814325706
804623175
283075416
241357806
872014635
263014875
142860753
273458106
236780514
672035184
236150874
813056274
283715406
283410675
517230486
784056312
104538762
734058126
134082765
281463705
213074586
821360754
157863204
612045837
254810637
812430765
143780625
472350168
751234806
145036872
704365182
528140673
165842307
281043765
135072486
613024587
183074652
462150837
231670854
173845602
135472806
135620847
673210845
108423765
123645807
314052687
428015637
721380654
673520841
104632875
572468301
403612587
384016752
845360271
803715426
812073456
281065743
843716502
123678504
203871645
283014765
136084725
208653147
248063175
654123807
612473805
134780265
137254806
356284107
534067218
183560724
704581632
582046713
235816407
482730615
625043187
801723465
163472805
481062753
174062853
438017625
521843706
815742603
783120654
126430875
326074185
257381604
702435168
236785104
145326708
612840753
728061543
382056714
103427586
358240176
134725608
435261708
802315476
245873106
834720651
612045837
345210867
481657302
123570684
368542107
613042857
162580734
134082765
802714536
134720685
162573804
153064827
836014275
864315702
208345176
683517402
283510764
703164285
183745206
183420765
142560738
374185206
143085762
104683527
673284105
324687105
124650738
613740285
402857163
123856704
123850674
307864215
125846703
136082754
802714653
281056473
426830175
135820746
401823765
703851264
231670485
204381765
134820765
213574806
384720561
816043752
762580431
308217654
634071285
134572608
256130784
718350642
245013867
123856704
134075286
205837614
406382751
345278106
542170863
162873405
204836715
214780653
708413265
136024875
132740865
328164705
408273615
185046723
723810654
804712635
123085746
283740615
712583406
128634705
238170465
182657304
235016847
254036187
471062358
825014376
134085726
134620875
843251706
124038765
302168754
146083275
134725608
308154726
703215648
308152764
564381702
123784605
124865703
708163452
726083415
813250746
832516407
263784105
326851704
648023715
283570146
352716804
721084536
145836702
364275801
356180724
124075368
436812705
128073645
782460153
582734106
273180654
234750816
834061275
156023874
516034827
423168705
203564178
123456807
673840215
805412376
357016482
203786145
347280165
782016543
402168357
802435761
103624875
304185726
134867502
803512764
102743685
713245608
432015876
281530746
718063425
813056427
403216857
136780542
362054187
853026741
163840752
245180763
715468203
421783605
172560483
142835706
241785603
123064875
402186753
342150786
324810765
253160874
873260514
203645817
271068543
678250134
612083574
602714835
206543178
207143685
743085126
123087456
348250167
105283746
603812547
284530617
103568742
102643875
135472806
685213704
748130625
623045817
263015847
324815706
762413805
308276154
205483167
234716508
153084672
123750648
285130764
127654803
583012476
123645807
135470862
803674251
384026157
406127835
103674852
205418736
402781536
123856704
423560178
134725608
728140635
136840725
807614532
481730265
263170854
123580476
136572804
154673802
503172846
234867105
263140875
501826734
137620854
358140672
387014652
304817265
153872406
364812705
543821706
623075184
461873205
345170286
463180275
483015627
468750123
184035276
483256701
283710465
127460835
237468105
613074285
801734652
123075486
126043875
205413876
607284513
342015867
106523847
703851264
304875612
243850671
507216843
207618345
142076583
723845601
708512643
716053284
248163705
132057864
145823706
834260751
108635472
824051763
523864107
205413876
385126704
861420753
534180726
402185736
162830754
253168704
836210754
507326841
804231765
236084175
803612745
783610542
206835714
613024875
421780653
841250736
471835602
204315768
718634205
205638471
413082765
823410765
543180276
826057314
815072436
236718504
781023465
347012658
235170648
415832706
514072368
372015684
251460873
813725406
602138745
614085723
246130875
835160427
123650478
807631425
812430765
425170638
214730685
102576348
103627854
851473206
356870241
158726403
123568704
123650478
107643528
264037185
856310724
683250174
154780623
867320154
123067548
713624805
521470863
104632875
712635804
534068127
813024765
103825674
173082654
835210746
567310842
728013546
234085176
153086742
805317264
152036748
235861704
248130765
802173654
752461308
452036817
728540361
213065748
283014765
236154807
261350874
138724605
284651703
182650734
208431765
127450638
825610743
308172654
104235876
134620875
872043615
102843765
862751403
863024175
384125706
123064875
134780652
146785203
153860274
304682175
674085213
623170845
146735802
871023564
723084615
374018652
348260751
405683127
103824765
152043768
504631728
142783605
186034275
423180765
517046832
302716458
132076854
103845762
234780561
352086174
203185746
245180376
473015682
815024736
245683107
102637845
284031576
203745618
713650842
768540123
208174365
106853724
214035876
405137682
603172854
104263758
523018746
834015276
123850746
458160723
162570843
123075648
807432615
347682105
234765108
532180476
703256814
803264175
624158307
814075623
813756402
562083174
823041765
123784605
123846507
546012873
832410675
813724605
813240765
516820347
235417806
813576204
123864705
138062574
145073628
603274185
483061752
124580736
176032854
104782653
863250147
173264805
835071642
781563204
823054761
283715406
106478532
814056372
842670351
145378206
371024685
156380742
821073654
621430785
835210746
273014685
305248176
821730465
136082754
832561704
325180764
204758631
148032765
604723185
384067215
123570468
403215876
685174302
103856274
204753618
123854607
182734605
804312765
604825317
173628405
614372805
162580473
852736104
206384715
246015783
708451632
741235608
324861705
153246807
203184765
134058627
812476305
812746503
124853706
125870346
386024175
601754283
153067842
146082735
802413765
304186752
823160574
157630824
314068275
413860527
235148706
152830746
374250168
804125736
716452803
384576102
142635807
801573624
761480532
102758634
421073685
843750216
136750482
721638504
145376802
705234816
802713645
123860754
602853147
631825704
482053716
128645703
623470851
813245706
824130657
134086752
257630418
687013245
814723506
273840165
136520874
823045716
603124857
135780462
503281674
714038652
301754682
234176805
712430685
256081473
835126407
701824365
701482653
628513704
482730561
283760514
823051467
673845201
357084612
163854702
203186754
