134082765
134820765
123064875
103824765
123084765
123084765
103824765
813024765
203164875
813724605
123845706
123064875
802413765
813240765
102843765
134082765
103824765
123840765
812043765
234180765
813024765
123840765
123784605
123084765
134820765
123084765
123840765
123086754
123860754
123084765
203184765
203184765
123864705
103824765
283140765
123856704
813245706
123864705
102843765
123064875
123840765
123084765
134820765
103824765
123064875
123064875
283014765
123864705
103824765
134825706
123085746
123640875
203164875
123084765
103824765
142863705
813024765
813724605
813264705
123840765
123860754
123084765
142830765
283014765
123840765
123864705
123864705
123840765
813240765
123064875
123084765
123784605
103824765
103824765
134820765
123084765
123840765
123084765
123084765
102843765
103824765
134082765
102843765
283164705
813724605
123845706
234180765
123784605
123840765
123845706
123840765
134825706
203184765
123860754
134820765
123064875
123840765
123084765
123840765
123864705
123064875
103824765
123840765
123086754
123840765
203164875
123064875
123864705
103824765
123064875
203184765
103824765
123864705
123840765
813024765
123064875
123785406
123064875
103824765
123850746
123845706
103824765
142830765
123864705
103824765
123840765
123045876
102863754
203164875
123864705
123845706
102863754
103824765
123860754
203184765
123064875
102783654
103824765
123084765
103826754
103824765
123084765
283145706
123086754
103824765
123064875
123864705
123860754
123064875
134820765
123845706
123864705
813024765
123084765
123840765
123084765
134820765
123840765
123845706
123840765
103824765
203184765
813024765
813024765
134862705
123780654
102843765
123864705
123840765
123840765
123784605
123845706
123084765
123074685
134820765
103824765
123084765
103824765
103824765
123064875
142863705
123864705
134820765
123860754
103824765
123084765
103824765
813724605
123045876
123845706
813024765
123864705
102843765
812043765
134820765
134820765
123085746
102863754
123864705
103824765
103824765
123045876
123864705
813264705
123084765
103824765
123864705
123860754
123840765
123840765
834210765
234180765
123864705
103824765
123084765
103824765
103824765
203184765
134820765
123864705
103824765
123840765
813024765
103824765
123840765
103825746
123864705
123864705
123864705
123084765
103824765
103824765
102863754
134782605
123845706
813024765
123864705
123864705
142083765
123840765
123084765
134082765
203164875
813724605
104832765
123064875
123084765
123784605
103824765
103824765
102843765
103824765
123840765
123784605
123064875
103824765
123086754
803214765
123864705
203184765
203184765
813024765
123860754
103824765
123840765
123864705
103724685
123840765
123864705
123084765
203184765
123640875
134820765
123784605
134820765
103824765
123084765
103824765
283714605
283014765
134862705
203184765
283014765
103724685
134820765
123845706
123840765
263140875
134825706
813024765
103824765
142083765
103624875
123084765
123784605
123864705
123864705
123084765
134820765
123064875
103728654
123845706
134825706
102863754
134862705
123845706
102843765
123864705
123084765
803214765
123840765
142830765
102843765
123084765
134820765
123084765
102843765
123864705
123084765
123864705
103824765
203164875
102843765
123864705
102843765
103824765
102843765
123084765
123784605
813024765
123084765
102863754
123074685
123085746
103824765
123864705
203184765
123864705
813724605
123840765
123840765
102843765
123840765
803214765
123084765
234180765
812043765
103824765
123084765
123045876
123864705
813024765
123840765
103824765
204138765
813264705
134820765
123064875
102863754
123864705
102843765
123084765
123840765
103824765
234180765
123845706
103824765
134820765
283014765
123784605
103824765
123784605
123864705
134820765
123845706
123845706
103824765
102843765
123784605
103824765
123840765
123850746
123840765
134862705
123784605
134825706
123845706
123845706
123784605
123864705
123064875
103825746
813264705
102843765
123840765
123840765
123860754
813264705
123864705
134820765
162083754
123864705
123784605
123864705
103824765
103824765
123864705
123845706
123845706
813240765
103824765
123064875
123864705
813245706
162083754
123064875
123864705
123864705
123084765
123860754
123840765
123864705
123780654
123840765
103825746
123064875
123840765
203184765
103824765
102843765
123864705
123845706
103824765
813064275
123850746
123864705
203184765
123845706
123084765
102843765
813024765
813724605
103824765
123864705
123784605
123860754
234160875
814032765
103824765
123084765
123864705
134862705
234180765
123864705
102843765
123864705
123860754
203184765
123084765
123084765
134825706
203184765
123864705
142830765
123084765
123850746
104832765
123860754
123674805
103826754
102783654
123084765
123845706
123864705
102863754
123084765
123784605
813024765
123864705
103724685
123864705
123084765
283145706
813724605
123840765
123864705
123064875
123864705
123864705
813724605
134820765
134820765
123840765
123864705
103826754
203184765
123084765
123845706
123864705
813024765
123860754
102783654
103824765
813024765
123864705
102843765
102863754
123784605
103824765
123864705
123864705
123864705
813024765
103824765
103825746
813024765
812043765
103824765
123840765
123845706
813720654
123084765
123840765
234168705
102843765
103728654
123845706
234180765
102863754
123784605
813720654
123840765
123864705
813240765
813240765
123084765
803214765
123084765
123084765
203184765
123064875
123084765
123845706
123784605
813264705
123084765
123845706
123740685
123045876
234018765
123780654
123845706
123780654
123864705
123084765
123084765
283014765
283140765
203184765
102843765
134820765
123840765
123740685
203184765
123084765
123084765
103824765
203184765
134820765
123085746
142863705
123860754
102843765
123084765
103824765
123784605
102863754
203184765
203184765
102843765
103824765
283140765
123084765
102843765
123064875
134820765
102863754
123845706
263174805
103824765
123784605
812043765
103824765
123084765
203164875
123856704
134082765
123084765
123084765
123084765
234180765
123840765
103824765
123845706
123840765
123840765
123084765
123084765
123064875
103624875
103824765
813264705
123086754
123856704
123864705
103824765
123864705
123856704
123864705
123084765
142830765
123045876
123784605
813024765
123864705
203184765
813024765
283164705
813724605
123084765
134862705
103824765
813024765
123864705
203184765
123780654
283140765
813240765
123850746
142835706
123784605
123064875
102863754
803714625
123784605
283140765
123640875
123840765
283140765
283164705
123784605
103624875
103824765
123860754
123845706
123084765
123784605
134825706
103425876
813724605
123860754
134820765
123864705
203184765
103824765
813024765
103824765
813724605
123780654
123864705
123084765
123780654
803214765
123840765
103825746
813024765
123845706
123840765
123864705
123840765
123840765
813024765
123840765
102863754
123864705
134820765
123740685
123784605
102643875
134820765
203184765
123845706
123084765
123864705
123860754
134820765
123084765
102843765
102863754
123840765
123845706
123864705
123084765
103825746
283014765
123864705
103824765
123840765
102843765
123084765
123864705
203184765
123084765
123784605
134820765
123864705
103724685
123864705
203184765
203184765
102843765
123784605
123840765
103824765
134820765
123845706
123840765
102863754
203184765
123064875
123784605
134825706
123085746
142863705
103826754
123780654
123084765
103824765
103728654
134862705
103825746
134862705
123860754
123864705
283164705
123840765
813024765
134782605
103724685
104835726
103824765
123840765
123074685
234180765
123840765
813024765
234180765
123084765
123084765
813024765
123084765
123864705
123840765
103824765
123840765
123045876
123856704
123864705
123860754
123740685
123845706
123845706
813724605
283140765
134820765
123784605
102843765
134820765
123670854
123845706
103824765
103824765
203184765
123864705
813024765
123850746
134820765
123045876
123840765
803214765
123864705
134820765
134820765
123084765
123084765
123860754
813024765
203184765
123840765
813024765
134820765
103825746
123084765
123084765
103824765
103824765
123845706
812043765
234180765
103824765
103824765
102843765
103824765
123084765
102843765
134862705
103824765
123864705
123084765
123784605
123864705
123845706
123045876
123860754
813024765
134820765
103824765
102843765
102843765
123084765
123864705
103826754
103824765
123064875
103824765
134782605
103824765
123860754
123840765
123840765
813024765
123084765
134820765
123084765
813720654
123084765
123064875
123840765
123784605
123845706
203184765
123845706
123084765
813024765
203184765
203184765
123784605
123845706
123084765
103824765
123780654
123780654
803214765
103824765
803214765
123864705
123084765
123864705
123845706
203184765
103824765
123864705
103824765
123784605
123670854
123864705
283014765
123084765
123784605
104832765
104832765
123084765
123840765
123784605
283714605
123064875
103824765
103825746
123864705
134820765
123045876
203184765
142863705
813024765
123860754
123064875
123840765
103824765
123084765
103824765
123840765
134082765
102843765
123860754
103824765
123074685
123864705
103824765
283164705
813024765
103824765
123640875
123784605
123840765
103824765
814032765
123864705
102783654
123840765
123086754
123064875
123450876
203184765
813724605
123860754
123084765
123784605
123845706
123864705
123784605
123840765
123840765
813064275
103825746
123784605
813240765
812043765
123864705
203164875
123864705
123864705
123084765
142830765
123840765
123864705
123084765
123860754
123064875
102843765
123864705
103824765
134820765
123784605
123840765
123074685
142783605
123845706
123084765
102843765
123084765
123084765
123864705
134825706
123084765
123864705
123864705
123864705
102863754
123850746
123845706
203184765
134085726
123860754
813024765
102843765
134820765
123845706
123864705
134825706
134082765
123840765
123840765
103824765
123845706
123860754
123084765
123860754
134820765
123864705
203164875
102843765
813024765
123845706
102843765
123084765
123084765
123084765
123845706
123864705
123845706
