102863754
123045876
742683105
812763504
841375206
283745601
203175486
813724605
863245107
813064275
234180765
812560473
813720546
345270816
841720653
203154786
276130854
613820754
102843765
713240685
234180765
305217864
134086752
204135786
136780254
386014725
152036874
126038754
803215746
812063754
803716524
804312765
802415736
103826754
713025486
102845673
142830765
182674305
203145768
123658407
813250746
812740536
812463705
612473805
135082746
234718605
138240765
123086754
813640275
123674805
283140765
152430876
702843615
123084765
203785416
183045726
105836724
134672805
384126507
237160854
283156704
813024765
178043625
713028654
138724605
135067824
821054736
835740621
123845706
842510736
104635827
304125876
812435706
148320765
381064275
273180654
801432765
108423765
203185467
836251704
802613475
134768205
623084175
813024765
245830176
203465187
136274805
103826547
304162875
215043876
134782605
351240867
203164758
203164875
781643205
734085162
813260754
162853704
123740685
513276804
184752603
142860537
103875642
812634705
283140765
103724685
783014625
602148753
263014758
813074625
103824765
283150746
873024615
123046578
234180765
302145786
123670854
671342805
674821503
123780654
134082765
304182765
235167804
803714625
831720645
123078465
813745602
103726584
834015276
187542603
812753406
642870315
804732651
104732856
123850746
283160754
834275601
234710658
142056873
805426713
135640287
814356702
803216754
612035487
123067854
203174685
813260754
102783654
134720685
102563874
813026754
835071264
834260175
286753104
134278605
152063847
701643825
812063475
203178654
103824765
145837206
134860752
612875403
263074185
175623408
123675408
701632584
813245706
203154786
263174805
106724583
406153872
305126748
631024785
814023675
841730256
601832574
238170465
418025736
152830746
304162875
608213754
164820753
105243876
142630875
214035876
123864705
812760543
712458603
134850726
234176805
813074625
523061874
562018743
134862705
813726504
786530241
123086754
123064875
601243875
842310765
415382607
156340872
281035476
136740528
812743605
123850746
713024685
203874165
861023754
152043876
103248765
142560738
102745638
813724605
134750628
834210765
134062875
213678405
217038654
502786431
123084765
134078652
713240685
483250716
516082734
604231875
102836745
123856704
203164758
243170658
123674805
738621504
803245176
123674805
283740561
801763524
136824705
405381276
235186704
102753486
802413765
253164807
326074185
821730654
102456837
617042583
834610275
823760541
284136705
425130876
246730518
813025746
682053174
234165807
103824765
126083745
104832765
231064875
102647853
123840765
123657804
612753804
836410257
812743605
832751604
123780465
203874165
263140875
137654208
123750486
603214875
384015726
273180654
812063754
863270154
812740653
234170856
283640751
721653804
162083754
134056872
712830654
236154807
142863705
134672805
364150827
134620875
602154837
142083765
703214685
701432685
802613754
123856704
713624805
142860753
126083745
485270631
152830674
813560274
613820754
102643875
816032754
314725806
123045687
158467302
802713564
246783105
134850726
123657804
253710864
813024765
123064875
234680175
134025687
123460857
248035761
236140857
182670543
103624875
402185736
402713865
102653847
104326875
731425608
153082764
684031275
634058172
205134876
123078654
834026175
813264705
641230875
714065238
813674205
134820765
402163875
703614825
783614205
816732504
814073265
482716503
601253847
123074685
142085673
162083754
283016754
283150746
283016754
813640275
285140736
236150874
123675408
263814705
782513604
305182746
283160547
283741506
612043875
823610754
123450687
841670253
123084765
832740615
874325601
123784605
708153642
308172654
482713605
734210685
681032475
613854207
103526874
104628375
123864705
842310765
301824675
102845736
248713605
602183754
123467805
103758264
836210754
271683504
142670538
123678504
135480672
308241765
103528764
123845706
304215786
248160753
104835726
623074815
305182746
123640875
813074625
362180754
374125608
301472865
123784605
283164705
234516807
813740625
821730654
435081267
384715206
234180765
104825763
284130756
243015876
402631875
863274105
374120685
234780615
136274805
283714605
246013875
813054726
468235107
304167852
283071654
135782406
823067451
103845276
813056274
263014875
845023716
813256704
123074685
134782605
102763584
142630875
103875642
813072654
134082765
123786504
103826754
123450876
784025631
246810753
123045687
134056872
602183754
631240785
712045638
813724605
803256174
834720651
123078654
103854726
861230547
712043685
813724605
273140685
135042876
203148756
123740685
283710465
263014875
123085746
245136708
123840765
203785416
853276104
406235187
813240765
841632705
203784615
152830746
142035768
324167805
234168705
134620875
283016754
701483625
173085642
152830746
234086715
234785601
814732605
237140865
378120654
482063175
421073685
134027865
103826754
234156708
283710654
853260174
152470863
123864705
425136807
243167805
831062754
164835702
135026487
814725603
801732645
812073645
182753604
258143706
823410765
823465107
835021746
283710465
248063175
204168753
234168705
812670453
253016487
123850746
134820765
123780654
306241875
103728654
136852704
402163875
235048176
128053746
243850716
123740685
124065387
123845706
801243765
246783105
713854602
273580416
208643175
204738615
123046857
603142875
482013765
135864702
138720465
283750416
281063475
253784601
148325706
402156873
834250716
246173805
103824765
283145706
823610754
278031654
604328175
208143765
263145807
641273805
278061453
123785406
283764501
253460817
378120546
234875106
345712608
182734605
273618504
103864752
752483106
308475216
813240765
123075648
142650837
123650847
324075186
142863705
482013765
103824765
204153876
203185746
712043685
831052674
234160758
842310765
258730416
246035187
238170654
123860754
602134758
731280645
123864705
134072685
134862705
702153684
423085176
234168705
146073582
123640875
203174685
162845703
713026458
128053746
835041276
273014685
142673805
813264705
103784652
781053642
304216875
481362705
801324765
142673805
123670854
803712654
513276804
602183754
823640715
273840165
601472853
134825706
812743605
631047852
613840725
103425876
834570216
105832746
138724605
803421765
612053847
802613754
134720685
803614275
783026154
134856702
123860754
123645807
104832765
526038174
124380765
142356807
283674105
532176804
423180765
243815706
841263705
804713265
123864705
401872653
812430765
142673805
235140768
142830765
283164705
123864705
813024765
401253876
106853724
135426807
154082736
325184706
103864275
712683504
123850746
103725648
325146708
612450837
836214705
834210765
235718406
123084765
673280154
203685147
125840736
123670854
304162875
843620751
205734186
584013762
123645807
812035476
123786504
384710652
142830765
136875204
142830765
283164705
104326875
831042765
803214765
205137864
482135706
134620875
713024685
105324768
813026754
813264705
841750632
134825706
871542603
238761504
142083765
123650847
824375106
712530486
243150687
413870625
834056712
283014765
134860752
123756408
105843726
203618754
628043175
146850723
804731625
246013875
234075681
234850176
162850743
813674205
203164875
281674503
814032765
614032875
123864705
812460753
104873526
237645108
123670854
134625807
123784605
781042653
831062475
123064875
721068534
304285176
304821765
142783605
273186504
803216754
781042653
834021765
123674805
123084765
281470563
872015643
102643587
813264705
804231765
853021764
805124763
483021765
345286107
841723605
324870615
582013746
812043765
123750486
802173654
234056817
145730628
136820754
103824765
526180734
123674805
482735601
203658174
152830746
581043726
812045736
713640825
804325176
123785406
123045876
103625847
234786105
142083765
106843275
315824706
283015746
103724685
841073625
713024685
104832765
354712806
142630875
145082376
634072815
812743605
304821765
104732685
134720685
713540286
513270846
613084725
528037164
172630854
813674205
783012654
813520764
712043685
508213746
203184765
123678504
123784605
801732645
123860754
801263754
712043685
134820765
513260748
628543107
865341702
162570843
203185746
123845706
812075634
803214765
304185726
154072638
103824765
208563174
814732605
614320875
124380765
612073548
142083765
123078654
304165827
523064178
204136875
123758604
104732685
134820765
405237186
503627184
176028543
203876541
123860754
814032765
802753614
814620753
134862705
375012864
783150642
304182765
802415736
234867105
314260875
358216704
834175206
134087256
123670854
681072453
803216754
402163875
613784205
123084765
812670534
142863705
283064175
273180654
104832765
751320684
813264705
123784605
137620854
123074685
103824765
283015746
142830765
301862754
123075648
123780654
826730514
123758604
134267805
134076582
732580164
812645703
312840765
283160754
103425876
123840765
638120754
208143765
123740685
283740615
384012765
278350641
421830765
204837165
123057684
201783456
384056172
234185706
145830726
104836275
831462705
472183605
123674805
314265807
614820735
345172806
813720654
804362175
234715806
712643805
304826751
124037856
301862475
102835476
142073685
408213576
782015463
304125876
123740685
435027861
103784265
103254768
134082765
816042735
458260173
123865407
823510746
814260735
162083754
834260751
283716504
134860275
234760185
204138765
834210765
281743605
283145706
123845706
142830765
246013875
205136784
134782605
173654802
607243185
603245187
702643185
283150746
142863705
812653704
136824705
142673805
273581604
842315706
314028765
638152704
102843765
481036752
281063754
234185706
203156874
783150642
134056872
103862574
134720685
123784605
123064875
106743582
813750426
103425768
142056873
163840752
152436807
142073685
802413765
812740536
134780652
482635107
513027468
123086754
304167852
142835706
345126807
123578406
283164705
142863705
134562807
235160847
143068275
123078654
723054168
614032875
123850746
128740653
734618205
273685104
128734506
802413765
384250176
841023765
204135786
234160875
807213465
103625847
142673805
108723645
102746583
813245706
701632845
163027584
208143765
