837125460
835206147
148235067
862105734
130742865
612538470
273105648
071526483
015872436
210463587
672804513
746312580
812503746
361205784
082346517
123645087
026451783
254376810
218735046
216308574
376102458
230846517
350416872
862704513
860437152
217403658
063247581
710825463
728503164
062418573
287145063
614325870
123784065
352804716
018432756
574302816
315762480
245703816
013264857
265318047
183756240
028764315
123507846
415873026
042185673
148507326
327648150
845701623
751683024
167502834
417802563
527403186
610724538
586307124
236714850
823651740
826104735
123756048
340187625
831754620
632457018
238516074
873204156
042831765
084175326
528416370
034825167
036257481
728634510
764508213
172835064
238564710
821735460
673412850
321504876
481736520
165372084
712803654
645183027
158376042
046357281
563104782
054168732
318507426
123806754
637801524
823405716
247603815
274806513
560831724
253647018
142683570
034871625
476302158
870534261
068271543
012753486
682713054
128406753
014372865
250381674
146507823
510237486
625183740
163278045
085361427
420761583
718326540
843712650
813276045
053127486
183405726
625714038
165784230
167452083
370264185
435671280
230145768
162307854
764108352
837205146
256704831
318456072
671805423
086731524
516234078
123406578
213508746
258106473
238401576
782305641
147835620
120586374
560812473
423508167
523601874
638152074
274603518
356812074
513807426
263805741
437602815
072361845
061823754
368412057
714605823
374508621
038246751
173654820
136482750
016842735
765204831
712543068
250164837
146305782
518347026
214785036
025148376
341508762
134605827
783652410
420168735
274561830
568304127
520183746
643108725
453821670
831742650
784302516
245806137
753602418
813526047
284507163
836154720
283601574
478203615
812403765
120634785
480723165
418376520
621703458
813604752
632807514
145286730
263105478
078543126
160428573
638201574
150463872
586127043
231708546
027465813
154672380
624385170
071286345
734108625
857162340
642873150
816207543
768312540
415736082
650873214
720613845
184726053
715483026
783615420
278106543
185724630
084573612
267108435
346185270
652403781
257103486
036182754
678203514
018635724
842301765
827361450
023641875
012857436
286703154
814725063
450167283
860354712
071824536
187206435
084132756
074365182
254107386
487125360
243516078
714568320
174823560
036218754
630184752
823645710
253467081
021753684
376512840
861742530
560237184
863401752
532167048
751803462
150834276
510274638
876234015
460152378
371206584
760125834
134602875
634728015
250736148
358102476
350612748
728603451
160573248
284106357
016438275
834216570
628573041
123806754
123804765
275401683
284605317
826314570
351648720
358417062
812305476
084123765
453102876
713602854
372416085
843615072
567341820
214706583
357608412
051463782
013674285
071428563
561783024
368104527
183275460
423601578
548603127
870652341
643702518
015738624
250341687
821307456
318704265
072638514
783604215
247306518
785102436
783501246
063547218
041837265
175263084
216304875
781645032
150862734
310742856
015723846
480751236
450378162
813604275
013864752
012483675
482507613
431285760
827631054
265103748
380742516
862145037
087132465
124675830
310742568
745302681
426305178
341265780
712483650
017453286
437105628
641735280
164702583
436205718
483217650
280453176
325647180
516402837
352108674
015432876
078641532
741265083
356812074
075432186
283746015
834275061
340258671
120384765
324801576
068512473
680542713
846103725
183604725
274601583
826103547
078435612
310785642
782431065
167352048
034712865
431702658
243106857
736402158
328401675
267153480
147638052
830654172
635718240
840235716
380724561
017253684
234108765
046815273
813256074
425306871
784163025
813765240
451263780
618752340
034762185
235674018
231674850
712805364
085423176
670238514
026185347
178603524
421583076
563701482
421708365
718203564
126837045
358207164
860513247
430826715
861723540
043175268
142367850
283607541
534768012
012378465
570318642
752436018
538126740
384507126
280435716
236501784
058261437
350218746
410378652
350821674
051873642
834605721
813256740
720853164
261304785
286534710
280746513
016238745
560273814
680172534
435826170
826305147
045367182
862547031
534806721
734208516
035814726
186204735
017842536
580723146
857143260
013542876
674203158
043826157
481703652
012743685
745613820
234561078
051762483
071436825
146203785
824103765
034156872
810753264
175423086
478213065
732861540
073815462
816702453
623501847
014273856
176405382
284153076
087423651
043217658
852401763
415726038
516432870
281703645
124703865
784305126
782605143
728103654
186354720
235786041
164527038
863407125
324501786
012734658
243678510
856107432
820147365
576823140
041627853
271364850
132705468
746801352
371842065
052673184
723608541
324701685
240135786
138602745
851237460
738102564
642108375
821607435
062537418
083726154
648512073
327516840
453278160
085437261
475631082
421806375
576408231
420681735
682403715
013725648
146372085
745301628
842153760
120846375
174205863
725418063
215608743
834607251
564207318
357186042
613825470
460173825
847305126
658732014
078352164
283701654
384162075
137265840
678132540
650437821
731806245
174586032
075182364
124678035
832607154
780561432
034516827
084613572
276134085
036218754
536847012
427168530
524301876
237861045
365427180
174368520
754103862
021764835
163807254
062745183
041832567
234508671
750482163
054863127
372801654
215438760
450837621
813524076
724631058
218673540
136824750
513842076
143627085
768405132
761503824
681457230
178205643
472368510
017624853
041683725
231864075
071468325
541702638
164827530
068215743
086713542
781326450
140258637
823601547
150326847
513642870
341782650
386701425
320176485
153608247
074632185
624501873
450267381
012476853
328714650
468352017
813754026
482561730
143578620
120654873
712538640
471238650
864571023
062483157
041285763
820731546
152407386
864307521
247106583
120483756
863245170
678401532
214768350
052618473
314206587
273106458
023168574
147623058
148725063
174586320
367205481
436872510
052173486
423851760
018653427
280163475
712538640
354721068
578412036
278405361
437158620
064512783
268413075
024387561
385674120
683207514
364801527
123578460
163584027
172358064
041862735
075813264
457608213
065724183
715326480
126703854
638504271
845103276
318604725
413726850
867543021
120547683
526704813
130746528
435201687
642305178
462807513
085216743
251304768
431758026
124785630
810432765
386102754
025631874
054812763
021745683
120743685
056142387
173204658
268153074
681325470
720863145
745201836
465718023
720541386
374208615
134607852
134586027
372608541
065143287
720534186
036814527
625703148
853164720
016283754
617302485
840263571
710352846
132687540
410378652
573206184
215876043
271435680
280134756
482307165
278431065
248507136
631805724
152803746
042853761
513604287
461802735
623401875
843205617
280764531
823705146
024135867
042567318
016827543
528731046
821706453
072631854
086374215
830452761
745803216
268503174
314507628
840613725
728304165
381704625
854136072
048253716
178504362
253184076
862507413
023718645
243806175
236104578
015734682
671403825
164852730
364705281
354107826
164285730
128653740
685207413
462807135
084635721
240837165
324106857
038421567
250614387
521403876
780354261
521368074
081735246
784321650
073685412
132578064
034175286
816243750
710832654
176802534
034567821
874205361
170528634
813476520
123504786
861245073
146728530
542368071
480312567
614537028
386504271
823507164
812346750
531407826
257638410
234607815
085671423
231604587
165427830
615748230
043128765
345102876
034127658
684215073
231845760
870423165
073156428
340718625
536108427
163804275
245106387
861407523
546702183
370251486
658432071
178603245
834652017
034268175
713405826
782504163
128753460
123854067
412738650
782135640
043568721
047315268
028746513
683174025
423576180
637105482
835764012
681725340
813726054
024157386
723801546
150432876
560342817
814703652
015328746
456802173
724308156
873105246
825614037
384152067
176204538
234185760
178405263
812403576
320814765
361724058
364705281
157308462
324705186
283507146
264105387
382605741
740231685
368275014
142378650
612405378
685137420
017852634
241758036
024735168
823457160
823407615
453268071
084351762
032864175
750481623
513708462
043185762
182405763
345802167
234506817
870513642
257608431
310842765
578132460
160425378
837564210
135406782
238716045
078465213
684301752
056241837
135402876
062145387
034861527
213805764
140635278
273104685
064231875
260817534
157604328
240156783
674815023
073248156
421375086
720381654
762134850
751238064
560824731
712506384
725406318
012784635
136728045
387602541
670243185
230684175
134826570
210743586
241857063
067345218
846205713
026841753
631507248
164738052
830214765
326175480
714538026
450218376
572413086
175406832
670132458
641385270
380124765
476258130
120738645
470681532
870543162
423106758
270145386
126784530
263708154
362801457
248715360
284305671
785243610
483256071
450372186
870453126
742158036
230681745
342801675
413805726
378625014
234816075
614307852
175204836
273105648
432165078
630184752
437125068
187503624
415328076
285304617
650487123
426801573
358614072
462805317
374568120
438201567
310548762
762503418
213405678
084716532
465708321
132405678
283764510
730614582
723601845
764812053
815476023
618734052
781305462
250163487
254816370
385104762
215683074
851472630
572803614
436257180
027164853
183726450
264873150
872603451
362451780
817206534
081645237
723148650
682537410
360741852
847503216
368205741
840316752
064873125
382401657
160524738
578263140
586407321
758263410
083147625
081642735
410723685
610245378
052473816
465803217
824736015
520184763
136827054
725641038
350174826
730146825
736805412
248516370
843106752
327681045
142856730
275813046
382165074
380564217
435816072
810453276
082467153
584703612
812503674
816273054
271604385
087642153
812734560
725386041
752803641
613508724
251487063
084675123
154207836
235806174
286174350
283507146
815703246
367105284
247385061
134807625
067831245
078254316
281306745
145307682
840175632
