732618504
281370654
215048367
302715648
658431207
132864507
105623874
413087625
452360781
714035628
314570628
725610348
274563108
413570826
804375216
831024675
812375406
714356208
502143687
183526704
854021673
803672154
257146803
526840173
162347508
862340157
362015487
125073846
541032876
803714562
815724306
374012685
104672853
806371254
813425607
803421765
402317685
875032641
103864752
307514826
712435608
304125768
413280675
835027416
638174502
185042736
703284651
406781352
682435701
182075643
813726504
137840265
573018264
268134705
816735402
761238405
835217406
731560428
364518702
681530472
702153684
481652703
108624573
183674502
501634827
381720465
208463715
243087156
134682507
304821765
286345701
415873206
684012375
145826307
268013754
803265471
126840753
314526807
602843517
584071362
268130754
135670482
873420651
146850372
834710625
613078254
207653841
823410576
485031276
265134807
471830562
861234705
126578304
208653471
615370824
382170654
601783425
104658273
403856172
203164875
412380765
346287105
273450816
736512408
104728635
783140625
134780265
243067185
253160487
781430625
603215847
174038625
801635427
475021863
813470265
317864502
638420157
804256713
342015867
236075184
102473586
804732516
162453807
235418607
301825764
287013654
374082165
281764305
408162753
741825603
806417253
842710635
103457826
103284675
605478213
218730654
213465807
216450873
813045276
564380172
354786102
126345708
203561487
364027158
531072846
734128605
315684702
201743658
245061837
713065428
302648517
603185247
273650841
346728105
162850743
721064835
102745638
835071426
647120385
306215748
651830427
306245781
834617502
103745268
805247361
482013765
507184623
435821706
136540278
714238605
608274315
248135706
134856702
135042687
823064715
582146307
175042863
306415782
602384751
752038461
123465708
325784601
721860435
406812753
738614502
104257836
123850746
836510274
183672405
143250678
158036472
125074863
381245706
613087524
162483705
136845702
132065874
102358647
124360758
825143706
687540231
721036845
135072486
805243716
486071523
153027864
482730615
618025743
825740136
603124578
804651372
213085647
845360271
178536402
671023485
632485107
268340517
523170486
738510264
706582314
403572168
814325706
368210475
204375186
702635184
158360724
308147526
703264815
783016524
485021673
146320875
146830275
206781345
201736584
213065487
763845102
823740516
873214605
142783605
236780514
307526148
374850126
512340687
103762485
325084176
804731256
405871623
603724815
421850736
812463705
341285607
342150786
435168702
104632875
123067854
283164705
304185726
602135847
134056872
204637815
741238506
416072583
283174506
704125638
251083764
872041536
634710852
364012875
152876403
806354127
216340758
106825734
206834517
642078135
806753241
123786504
713864205
278013564
801637524
426750183
634125708
348026175
158670324
613284507
103725648
672143805
731258406
231780654
328645107
154360782
743260518
316254807
134057682
138724605
263758104
123570468
482156703
235480176
834065217
507142836
345180726
354087621
853274601
804631275
186032574
273048156
734615802
301485762
261470853
185432706
572084163
863120754
364028175
203186754
201763854
402586173
236574801
612745803
258140763
482013765
573120846
283561704
603415287
682053741
142863705
283015746
218673504
823560147
273164508
382065174
103625478
142850736
587064132
126043875
728415306
271630584
732081645
125460873
573280614
157862403
871043265
418075632
126053847
153846702
145067328
584163702
123860754
123475806
765182403
627381504
237854106
426850137
253068741
738061245
402315786
671028453
257143608
571043862
861420375
602143857
861530742
205384617
105743628
152043768
603172548
235048176
123864705
807325164
134570682
803641572
204158673
807316542
245316807
841023765
654310872
253617804
803426751
102783546
213074865
782034561
283714605
462851703
581372604
814735206
406172385
642085371
603278415
312056874
314865702
201685743
123074685
503217684
285731406
134782605
145276308
854073621
502871643
314085762
714025683
314058726
105283674
273154806
108426753
834025671
813074625
703628154
137028654
283410756
247635801
203568147
238410765
306174285
163247805
368415702
216845703
301574862
307145826
417083652
364015278
237865104
201584763
412087536
203784615
627310845
142863705
534160782
465071823
512483706
201738654
203718456
802753614
134075862
604325187
106582734
483720651
532017468
276534108
506482731
804213675
347816502
126843705
574280163
851270643
834061275
152763804
546083721
108543276
163740825
832451706
628450371
147036258
831420765
245067813
305128764
403712685
285063417
872540613
723016485
805316724
402185736
267013845
273016845
102736548
542613807
324875601
127563804
372140865
346085127
124063785
805723164
306214857
304257186
614270835
273165804
845670231
613854207
126758403
184730625
807425613
407165382
832140765
102643875
812056473
723016548
653710842
642875301
581062473
136087452
123056874
153024687
725438106
542036187
813047265
231864705
801472635
103874562
236087415
381064752
821074635
174832605
402371658
653271804
347015268
738210654
183270654
354270861
802671354
507426138
351076284
172680534
158427603
184730625
123745608
801264573
103784265
354827601
418362507
201835467
506178432
758412603
134270865
506821743
317620584
234170856
725413806
783015642
345016278
728035614
234156708
165820734
247058163
186324507
713245608
801243765
104735628
813072546
801354726
204163785
473025186
426837501
713254806
834175206
506384172
145286703
125876304
801542763
124683705
128750346
102463857
526143708
124675803
804512736
152743608
742830615
861023754
823071645
142083765
205136784
738162504
602387154
703648512
152470863
134820765
603714285
104825376
503428176
801263754
106834725
485712603
105478362
203841765
837625104
123845706
847250163
801574326
538720164
702346581
384250176
283075641
283571406
304285176
385264107
824716503
461028537
423018765
385261704
712680543
713650284
823067514
642713805
406328715
813075426
238046751
374815602
432017865
234078615
308674215
134785206
825610743
628017543
785012436
204871653
638527401
428763105
104872563
283745601
354680217
723581406
472568103
123576804
615847302
351246708
651340782
703512684
864251703
134725608
263170854
851630472
123468507
245018763
305248761
235046871
135628407
123470658
702651843
238561407
705321846
253164807
832056417
175046832
253614708
721035648
723140865
276813504
204617853
803146275
483265107
845016723
725384106
283150746
824051376
681052743
263571804
286073541
813650247
603427851
801234675
415780236
281045736
283674105
145360728
683170254
812456703
846012537
163084275
158067432
257864103
435762108
453078162
482160753
308564217
283160754
732516804
651043287
152743608
708521463
105834762
872046135
102467835
648032175
258731604
413270865
106348257
134278605
243150876
536012847
381740256
183062754
304182765
503648217
647052318
402385176
273150648
235168407
128760543
123078465
503826174
346078251
834275601
531086274
634150872
802513746
701286534
208164357
304782156
613825407
814526703
204138765
725841603
803614275
254036187
351280476
367284105
476013825
702415638
172430586
234870165
308174256
758260134
235140876
173852604
305284716
258473106
102753648
586014327
835267104
524630187
284651703
832014576
423180765
361082475
301852467
872615403
304216875
203164875
823514607
462085173
851230674
805214736
451876203
312085674
276840531
142056738
324071856
253816704
831725604
257043816
123076458
278630154
862754301
783045621
527086314
478160253
283716504
412730865
678120453
701682435
513240786
104635827
813620574
703218546
571028643
715462308
465812703
637840125
364850721
106237854
248015736
104368527
123657804
513260874
304267158
436082157
236071548
368154702
345126807
201465783
516842307
714238605
802753614
165830274
203657814
482160753
132068475
813672504
782140653
136578402
641083725
435170268
156230874
103724685
213856407
602813574
105628734
108236754
612870354
306457218
671853402
518463702
207345816
723460581
315024687
132048765
673120548
146387205
634850127
813264705
152874306
763258401
105423786
714082653
482150736
452136708
103864752
243560187
402183765
516834207
123785406
367012485
704612835
314726508
135742608
167043258
281530746
731642805
801673254
308574126
142780653
841063275
173640852
753068142
506271438
714085632
274310685
257316804
138740625
721634805
308124765
846310752
123746805
432710856
102364758
273046518
278014536
172083564
507381624
487061532
407326815
716034528
871263504
305172648
803174265
123076584
701643582
205683174
784310625
281063547
813720546
734150826
583610247
247850136
804152637
713085462
246783105
204863517
134856702
812073564
645382107
284613705
851034672
183072456
631820745
785036241
802715346
716250438
514830267
845036271
842730651
478365201
548073216
623578104
721643508
713485602
835410276
205184736
123074856
613570842
748062513
806512743
208751634
623058741
871046532
601784523
732480156
804713652
247860153
148570326
801752463
671034528
745630812
142035768
308754621
254810763
234160875
543710862
812743605
724568103
701642853
605182473
378012654
748013625
413850726
605437218
103425876
368170542
102546873
435167208
728613504
721438605
524036781
405728631
805367124
302486751
803714625
647123805
104768532
578016234
802576143
604152873
263187405
165430728
341657802
245830761
713568204
134250768
632815407
763410582
671253804
234670158
306815247
372815406
235140687
203185746
852730614
305427186
631582704
681074352
781042653
412038576
801746235
843215607
284573106
862143705
817024635
824713605
123864705
126450837
356470182
106824375
402186375
682150743
823074651
602843175
104385276
781053264
801462753
243780165
105824367
123780465
438620175
106853724
423150678
562018437
384051627
201573648
534620817
125378604
135642807
183247506
274031685
104328765
238710645
812657403
306175824
812750463
324150876
407183625
273516804
307614528
413785206
714026538
314085627
142063875
705816324
764510238
306178254
863240751
104235876
174320658
267850143
803516274
843260715
187453602
205348716
623150487
205174386
374160825
128743605
604123875
304287165
