085231746
420163875
736812540
250136478
613804725
075823614
410685327
681402573
263754810
081452736
234108765
230451768
123604875
863105742
356207148
438602175
163205487
174208653
861403725
571806243
538472016
183604725
436201857
381402756
645381072
238754610
682415037
283761045
851634072
364705128
213405786
173842560
475203168
283701654
120345876
468501372
540632781
812405736
671304852
612783045
853214760
513674820
152843076
870213654
150382476
418632075
235607184
025487361
142576830
310624785
235184067
345172086
163825074
175806342
025743816
048715632
548136072
246107853
816572340
623718540
215403876
478205316
734502681
271605483
042185736
413852067
816203574
417628530
285107634
172463085
816304572
083475261
823764150
438105672
674815230
563401872
823541760
832715460
712634058
085173642
145803726
670831524
163257480
760125834
374162580
283604175
384275160
450723618
620371548
450367182
721584360
625104387
560813274
542781063
710384652
356702184
468217035
013486752
632814750
514836072
425168037
250186374
716832450
231806547
013624875
127364085
812563470
678425013
134807256
860721543
835204176
036812745
283674150
028153674
810354267
240356187
064125837
780613425
780243165
150472386
348605172
810473265
248305176
610243875
730618524
158406732
140685723
136245870
530216874
073261854
123746085
710253486
152403876
182503764
573124068
410782635
386721450
081243765
280761543
632501874
123574068
275813046
073125846
063524187
130624875
120437856
241768530
136845720
854703621
834167250
078125643
230174856
016784325
430816752
820731546
230714658
652841073
013856274
285173046
132846750
830654172
814325076
830764215
324805167
162803754
136254780
518736420
482176350
168304572
841602573
243508176
120754836
140738652
268301457
186537420
612403875
623105874
072163485
476315280
182734650
540128376
673104825
310786452
142305876
174506823
137802564
248163075
235104876
128406753
235408176
710482653
286173540
230485617
423816750
374508621
364805217
265137048
273104568
713608452
780623514
854263071
568723140
718624530
364102875
284315076
253147086
542103876
678531024
628407153
713208465
430625187
346581072
042371865
174623850
085421736
431205786
645372081
813724065
840312765
725801643
123608574
450361287
023185746
263145087
623405817
514307826
715683420
472618530
473185620
713604582
728301564
138465720
254683710
265703184
720613845
034182765
781603524
142856073
570481326
432807615
423176850
613874520
764301528
210543876
753106284
241867350
452613780
842361075
461705283
045732681
137284065
072648531
127853064
246305718
850214736
758413026
634201875
254806317
147325680
041683572
134506287
835742160
248105367
120843765
130542876
012653478
083712654
742605813
637804125
356702184
170845632
125468073
873652014
134508276
134625870
362547180
042613857
068123457
741632580
720658413
347128650
230457618
482163750
246135087
315704628
850321476
423185076
713205648
651304827
624305871
061823754
281304567
123705648
271503486
712405638
526147083
083621754
716852340
827506134
328406157
523401786
285704631
230156874
124785063
237156840
360814752
147823065
074531286
081273564
125306478
810345276
234876510
481635072
214603875
835601247
058736421
534172860
368712450
364205187
825764310
042873165
134658027
632805741
350142876
783152640
273104685
734605128
827143065
851703426
061378542
051876324
136704285
265104378
074152836
850431762
413205876
286503471
360458712
523601748
027645831
835416270
045632871
215804376
731452860
782316054
783201645
815702436
478205163
260731548
120384765
152837460
530821647
213504687
123864075
741203685
761483025
164802753
068712543
375204861
015826743
345712680
283564170
720815643
120843765
230156748
710654238
615278043
135842076
384167052
163825740
826751034
836251074
738601245
270184635
845301726
280735461
471208563
783605241
130824765
142803765
452701386
581403672
427368015
418705326
458173026
028471635
782103456
638152074
831702645
842503761
473528160
042137865
054267183
263871450
045312876
678201543
012347865
342708615
182704563
216853074
470153826
310245876
172603854
784561023
268405173
236704581
142786053
851706243
372106854
384617250
375208416
128405736
027853146
370854612
823405671
213857640
450683127
074382165
384725061
273508164
456137280
062541837
065712483
234875160
013824765
273104685
260538174
840715236
123805746
734506218
815703462
158364720
145823076
013825746
017658423
024563187
827605143
810673254
076142583
386104257
253804176
172438650
861207534
763124580
872145063
640182753
710248653
145672083
840216357
472185360
162805743
023167485
032845761
735816240
630517842
086172435
380412765
126803574
263175048
023864571
134508762
163425870
845602713
781523460
628753140
248671053
085321476
826701543
236158740
720634815
512634870
841362057
356812074
810645237
712608543
245163087
045812736
428615037
723801465
162834750
648205317
157824630
021875643
621503874
623704581
032814765
720814635
215438760
840165237
261758043
613205847
280643175
123548670
273608514
240136875
423187065
076451382
034268175
680152743
234751680
073685241
680354172
358204617
034865217
812403765
360152874
384251760
825436170
810432765
520763148
283164750
638401275
135874026
120486357
328605714
327158640
368201475
035261874
418705326
125603748
234107856
025461873
036184725
273104685
813702546
350146827
271368540
048256731
482153067
871543026
153784026
275601843
542613870
274865013
072813546
318207654
714562083
813506274
283104765
487231065
238406751
576802143
123804765
182753064
048263175
732106845
751346280
057132486
736204185
851372460
350271684
125406738
432805716
310574628
028417536
248607315
718653024
057684213
312708546
146803527
417305682
146358027
253804761
631802457
723604185
074183652
738405126
736204518
120783654
145607283
243165780
256371084
657403821
043276158
214807356
315206847
613208745
813245076
251483076
851406237
023847615
324106857
264758031
263408751
283701654
136824075
784635012
154832076
012783465
734812650
823107654
021638574
162573084
724805613
534108726
831406752
318675024
386104257
613824075
781203654
426513078
034185726
670243185
283104657
234108657
134768250
072613584
713286054
724801356
013425768
340275168
128703645
462703185
124305867
013845627
136825470
170638524
064183725
721308465
682401753
740132865
310872564
420586173
871462530
364285017
623701485
013875642
085127436
483652017
132407856
524168730
160237854
160842735
410235786
730216584
530214786
016834725
643278015
023185746
821503764
450816372
263148075
216538740
134705628
812704653
184235760
683214750
348256710
046783125
251708436
651702843
014352876
053124876
248137650
230614785
082536417
024175368
268401753
716548023
630581274
170852634
723681054
841723065
370856142
764201835
238104675
230465718
713208546
518463720
420781536
725306148
625173480
278356410
210483765
280763514
134506872
123706584
416305728
438176025
064153782
635102874
012763458
651703248
014725368
814753062
013267584
610724385
275316480
013874256
180632745
213608754
037654821
256483017
143205678
345286170
530782614
284536170
243107658
362145780
086315274
074531862
067245381
023165784
841367250
823756140
814325760
260184753
610274835
465732810
023654187
780243165
435807621
014328765
521604873
683501742
836504217
152836740
830256174
078261453
073615284
574102386
836752140
175342860
247501683
816753024
148723560
623804175
634108275
410856732
248106375
723108645
162703584
013724685
035281764
345806217
152478630
863751024
841305276
083174265
136204875
754806213
254687013
165204873
142863750
073258164
284106735
130864275
836105724
136872045
041875632
235108746
450638217
273864150
810643752
612704583
813402567
270613548
384256170
246503178
683204715
136802754
736104825
165304827
123708654
536201874
345806217
730421685
162503748
137605428
086234571
345102768
283406157
014672385
130674852
130426857
268175340
052178463
036157842
561783024
483562710
678145023
431206875
450173862
182735460
843617025
138562074
134705862
820431675
160235478
613704528
128574036
134802765
831205764
364725180
134672850
043125786
312806754
260548713
482106753
864215370
068371524
215704683
624135870
345706128
428671035
154732680
784623015
865721340
061243875
742105683
480653721
342105867
520483176
152473860
416803725
845361270
130824765
145263078
685702314
013678425
542701683
064823157
123805746
816507423
462705138
562783041
023178465
123406857
634185027
152308476
216754083
150627843
824507613
670183524
210348765
134705628
435107682
384105672
123854670
370624815
138752064
123608745
620843517
321805764
018452763
072681534
142863075
163724085
130825746
718503624
713684052
270653418
123804765
672815034
314268075
512476083
253708461
142857360
067312854
573612840
160843752
085423176
187632054
835124760
235104687
023148756
028641573
132805476
073514286
014273685
735612084
128703645
430172865
283104576
140735286
164802375
526374810
423608175
651803427
120643875
083146752
135204786
783405621
062853471
237164850
473602518
813205746
518207436
813602457
028431576
013824765
123867054
125804736
072831645
120386754
782534061
734256180
610273854
047312658
512863074
013852764
864521037
740861532
123764580
234807516
518247630
023145687
428135067
063415287
123756480
134672850
145326780
123476058
431608275
821735046
423706185
358102647
270451386
471803625
341702568
564287130
348607125
280163754
813205746
837246510
460127835
357214860
123406578
723164085
076513428
715206483
234176085
183425760
314825670
157302864
730654281
328671054
426105873
230865174
273105486
436107528
087625431
283504167
218703654
810246753
324107865
027583164
273406851
283104576
034178652
047283165
047328165
123784065
841673025
273164580
715403286
632184570
123807645
120573846
430268157
834105762
142803765
713526840
250683174
180736452
081753426
078325146
743206185
642305817
563201784
820345671
261705843
174823560
842305716
351704682
843672150
230485176
138206754
328105746
017642835
365187420
261583740
127345860
632105847
380154267
267403851
630825471
123406785
864123057
210853764
218503476
821304765
781604325
038246517
730214856
436807251
286543170
813264075
283547160
452873160
