160237485
253106487
065832147
182604375
462805317
261348057
273605418
857142063
640321578
831205476
123645087
840623751
726308514
325471086
154376028
823104675
864305271
452708613
120836745
265403781
327104856
123578046
253804176
024835176
375814260
130652874
840631275
073214685
031825764
376581024
162803754
782643510
083276514
041387625
236584170
860531742
463781025
073124658
754268031
723645180
813745620
813406572
352601874
064187352
065427138
342508716
752648031
325604718
834526170
283605471
726103584
386102754
154803762
462817053
174362850
328706145
530627418
835126047
740182563
043187652
432805671
062437815
078632541
081274365
725804631
072483651
768214053
740538261
725186340
215687430
742801365
013467528
174805623
814623750
487305162
058213746
745623018
750218364
745302168
235641780
834215076
265173084
283504167
517608243
435108627
086543127
438712650
368104527
235146087
861743250
465708213
178603452
142783650
423608175
812506347
810453762
180765432
138657024
418376520
012748365
038572641
748501623
314702586
340758126
810273564
135764028
237841560
140835672
162805437
623504187
083214657
812507643
721843650
017382654
237605814
172534680
780342615
263708154
013824765
063284157
836512740
051867342
750286314
514368720
470235816
286751430
417608235
026135748
283107645
164785032
381705426
073218654
014562873
041657283
018637542
578403126
781263045
510327684
253104867
240573168
718256034
710482536
523106784
678213540
463152870
231705864
362574810
570324681
267301854
423605718
163874025
135807426
063714852
683217540
041835627
182504367
025674831
546701238
241856037
631807542
540862731
038125746
136508724
243756180
821675430
370152684
258603471
216804573
367105284
812507436
517203486
023146785
718204365
035841627
735206841
824703156
483517260
734105682
854603712
567804312
170864325
524703681
152803746
251406738
018732465
140372865
014273856
176402583
360245178
345867210
358204176
176832054
768124350
514603278
358271640
073681254
428751036
140732685
864213750
016748352
682403715
467501832
138204576
863172450
784205163
421803765
815304276
518473026
571326480
364127580
456307128
235408176
140257836
236815740
135608742
482713065
582604173
042876531
273815064
831604572
674238150
758206413
135206748
763412580
281634750
386107524
250364871
541728063
872654013
851763024
345706128
123807645
653207184
263587140
867203451
567348021
340762851
057623481
570381624
235861740
580231764
287401536
786503124
671524830
816703425
342106758
438107625
530681724
418702365
783154026
065172843
178256430
035728146
840267351
251306847
641572083
740561238
347258061
534701682
681402735
857341620
615327840
720358614
758304126
638405721
123704856
031576482
620178543
285106743
013285764
528301674
863457021
562304178
261743580
356804217
634201587
816752043
586203417
713402658
851672034
815742630
531462870
014623785
640271538
184705263
063521784
143507286
267503814
738164025
364802715
621805743
731465082
483167025
342705168
135872640
843706512
482103657
372804561
817562430
843271065
356841072
153607428
547618032
045367218
836501742
658702134
714603528
413678052
810245736
130857624
580342167
368257041
823605741
438501762
518762430
021854736
130654782
184657230
852407136
842756013
123768045
832574610
345728061
058324761
084137265
162853740
860734512
726103458
780231465
816204537
682153074
425103876
384102765
628701534
834601275
026815743
013682754
180245376
478123560
874203165
085214736
230476851
014682735
562478130
073128564
015436782
034875612
350647821
751408362
472608513
850372416
026731854
684102375
264103785
034276185
380164527
570316482
150874632
864501732
187504263
157406238
538107642
620478153
031286754
563401287
251673084
731245860
280643517
273801645
783402156
427305618
534108726
017652438
751624830
531702468
748536012
436278150
826103754
710423658
460738152
184256730
281763054
368704251
836542017
458706213
835216074
248103576
018543762
712568430
012745638
150642738
051462873
683104752
756138240
713208654
152306874
638204751
758413026
783245160
410362758
654372018
817605234
846753012
032685174
153207486
753108246
230761458
236508174
024367851
612845370
145823760
047631852
370652814
621408753
513862047
865127043
162543780
180724365
483165720
035721486
650813472
782631054
517803624
085173642
275403618
356784210
087213465
135782460
134508627
064517382
123657084
384712065
374605182
764215083
374652180
378102654
852604713
520816743
715283640
576138420
180367524
853426017
142853670
356847210
385164720
483702165
120538746
016457283
810742653
163205487
035874162
028463157
083621475
410683725
145867320
326701584
314706528
561823074
312805674
712863450
280413756
612483057
183604572
246537081
168723045
267831540
680472513
514687023
836104275
720136584
084673215
718532046
847302165
146703582
678402513
416502873
071854632
830215746
238105647
834512670
523601487
068215374
710235684
085214736
378162045
572316084
310756842
061283457
081547362
132504876
526703841
810472356
637125840
014856372
013725648
073841256
135706428
152806734
687142530
073581624
450182763
841723065
673241850
123805674
374125068
142708653
013724685
150784623
083672415
627308154
346208157
876132045
280153467
830254716
625837410
052183746
025346781
416502873
712305846
564307128
250783146
428706153
032148657
761204853
037216485
450618732
578463021
571386240
381642750
253874160
670231485
283745061
381402675
354261780
234107568
035682471
248653710
163704258
321768054
682701435
243786051
057846321
860253714
450132678
081372654
342108576
780621354
436718250
378461025
830674125
632508714
026354817
026713584
346802175
052613874
426815073
158672043
145273086
714826053
680175324
045178632
147263850
164528730
841605723
832607154
075826341
741362085
236501847
123458760
148763025
413627058
710625843
563702418
462307158
034162875
032185764
328405176
264358170
680521374
173402856
134582760
324805716
078123654
732145680
612508437
520178463
563478210
271635840
123784650
234701865
078416532
240378165
760584213
172638054
370524618
320578146
170286435
067138425
234507861
013285647
623578014
324108756
786105324
316207584
871605432
512703684
367281054
786304512
865421073
518703426
067231548
640572381
187603254
132407685
160742853
024183756
720685143
132608547
470865321
540617328
756408321
386501247
048721356
084163527
814305726
381457620
485102637
082574361
376804512
154826730
382107465
012563874
370265481
360842517
014628375
031864572
370624815
352874610
634127085
743802165
631405782
084156732
014836752
023418657
830721645
140652378
450612837
748602135
861304275
850427631
281467053
312706458
076254381
516703248
210768534
713805246
532876410
160284735
325107846
426381057
230154867
067143258
078362145
721645083
270814653
528746031
230576814
514602873
263157084
436172850
231705486
267805431
243867510
023854176
531782064
673204851
416728350
830657412
628147053
670431825
128564730
321804567
326105847
524618037
236408571
647308251
640318572
534102876
012873564
130652874
376182540
081365724
285104736
526384170
270683145
357601284
280476153
583104726
024637158
752831064
138704625
023847615
068471532
781602543
175634280
037482165
148306752
283645017
183407256
614257038
670254831
780246315
613402578
134872560
234501768
472308156
521873064
378561420
160354728
683425017
815204673
620513784
218603574
570832614
874605231
732604158
712503486
810573246
150786243
286104753
260317854
248603175
146503872
583401762
324781650
738641250
230185467
084756231
640273158
036754281
617528043
512673840
136782540
385701462
051623478
753104682
310274685
518203467
527386140
643501728
462108573
267814530
084315267
362807154
287401653
635807241
024376158
013562847
514203687
531264780
210674853
237458061
364815270
823147056
012638754
648315072
165432870
823745160
475601832
284376150
526478031
267543180
123408756
027436158
540761832
084215637
134725068
415672038
571803426
830175462
154208376
531674028
820763154
850613742
074851623
348251067
056348271
530841726
268537041
150437628
263174085
283104765
850674213
412567830
014752638
760415328
027164385
453176280
423678015
724683051
682104357
132657480
265703418
072143586
281504763
831247560
352406187
532416870
314286570
123845760
238405167
038754216
256407138
350816274
076281354
471285063
283456170
283157460
021873546
635802714
837125460
170486532
148305726
863147025
740638521
235846710
368174025
716304285
083764215
371485620
678345012
615802374
120756384
823107654
248135076
087326145
831274650
780524361
178356240
368405127
123405687
318607245
013756482
074361285
081265743
012865374
137805246
015873246
246718350
086473251
653204781
127803654
245307618
685704132
716482350
630725841
384206157
452106387
518243076
015643278
043786215
162504837
038264157
164328057
618573024
240358176
145306287
253487016
416508723
367508214
150863427
236851047
035281476
315806274
054368172
136704528
140238756
210836754
081724635
017536824
275603814
028413756
027851436
482105736
345207168
740258361
173504826
240653178
821603574
310846752
182705643
520317486
347821560
852701643
643102875
437861052
230618547
632407815
150236748
354187620
782601345
370618542
475623810
726508134
183605427
523607418
067351482
528703146
120578436
643257180
652408137
341875062
723614058
681732540
821753640
680453127
360721845
053628147
510263874
367542810
721608453
534608127
721805634
813426750
370621548
173468025
653482017
863517024
473501286
061784523
218507346
352176480
425603178
681725340
873106254
276104358
451806327
457632810
715468023
358204617
182307456
367584021
540172863
210483765
381406725
835206714
061358247
472305816
840563217
246507831
012673485
351802746
081246375
078152346
423758160
432107586
615872340
081246753
530174286
836457120
271604853
146802573
130275468
254713068
251406387
340621875
650428731
180527643
326107854
842651073
835126470
230716854
042573186
354167280
512407683
073862154
053816724
086243751
380761524
435806712
061253847
562471038
382746051
130842675
754183026
062834571
138472065
827543016
123864075
013865724
814736052
283156074
728145063
671402853
450862713
273586041
534812760
573421860
624108357
283156074
