508143726
823415706
134856702
845710236
418235706
106724835
435278601
284075613
203546871
407563218
236750418
713458206
306257148
513270684
468730521
403612758
618723504
142673805
642053718
813074256
413720685
781325604
814036752
102573846
738450126
425037168
826413705
738510426
704836125
283650714
531086274
604235781
204158736
134087625
142783605
628043175
485127603
526034187
301752864
702184536
218034765
102547683
273510468
126850473
524063187
134082765
324576801
304182765
203748651
734150826
381260754
134057826
157630482
152836704
736450218
341785206
208137654
601852734
872630514
126038754
472681305
403615278
145273806
125074386
247650318
702415638
521430876
805312746
142065378
342780615
167023854
341786502
561038427
534026187
843216705
708214365
835672104
176083542
836245701
623017845
472830165
653184207
458017263
134562807
326784105
203146578
678021354
164780532
134065827
864130752
503186742
123850467
345170286
314765208
172085463
812053674
851023746
205318764
842071563
621580473
836472105
135820467
314287605
216780543
812750634
314728605
826450731
124630857
861052734
376250184
675314208
512348706
187256304
327681405
354076182
248067153
382074165
142863705
708415362
681534702
361820475
418023765
803625174
273680514
274350618
274013865
172084653
842360751
705843621
136748502
785026314
328650471
128370546
205376418
153860742
138052764
536184207
301584267
804325176
856240317
387156204
248760513
157832604
721546308
345768102
754013862
381546702
128460753
154276803
263174805
834210576
701634852
371085624
342087165
567840312
735280146
805143276
138627405
802413657
356240187
153084726
305864712
103842567
234160758
523814706
275364108
273084516
134025768
806512437
401325876
218740563
135024867
268530174
834016725
621087534
203675184
304217685
152830746
136742805
134056872
435182706
234760185
341265708
834071625
235741806
142875603
152360874
168450723
137582604
531024768
123075486
203541786
816052743
254170863
408263175
813642705
347285106
257136408
806143572
726143805
683570241
156043827
162583407
214863705
235064178
623758401
214385607
783261504
103782645
102843765
814730652
701863425
521470863
805271643
536082174
601835724
103248765
734016285
604385217
132048657
703856124
763081524
568071423
704638152
423016758
813450762
512864307
721685304
456380217
843621705
367084521
283160754
173850264
124675803
345817602
302816754
425710683
125346807
702385416
104635827
238064715
234160758
584370621
836014275
524317608
724581603
104832765
216053487
708235416
123870645
268734501
247358106
215738604
123675408
246017385
347120865
618723504
804135276
731460825
503826741
543217608
421075386
264085137
813740625
523078164
743015862
701836245
281634705
612043875
806713542
378624501
416025378
853076421
326740185
803257614
581062347
513740826
123460785
425136807
738120645
621845703
124865703
803126574
406813725
308475216
405821763
134056872
104238675
785146302
816073425
103874625
674012835
314285706
286743501
768031254
205437168
758432106
136074852
234816705
435781206
236180754
215648703
163057824
541370862
126870543
814320576
124738605
614372805
136052748
513867204
204785613
427150836
358017246
142863705
135876402
703685412
248350761
237480165
432815706
538067124
402815763
327586401
812064357
124068375
423870651
364085172
102748653
813056742
208753416
524176803
604831725
704386215
408162753
134860752
385621407
683014275
207816543
612538407
173250684
831045672
283741506
815734602
407132685
258473106
348072165
326780154
132480765
702538164
734128605
761043852
862314705
413075286
137268405
103265487
618042753
163075428
345167802
801462753
605487123
703826514
213460875
207863154
834015276
305841276
403765182
128053746
203168745
657014382
536214807
403675281
834615207
873021654
154072638
803245761
125730684
863140257
275180643
153687204
826340751
218460357
821560743
731586204
123864705
834016725
812730564
108423765
836072154
834671205
152376804
824067531
368140752
386024175
106453827
164850732
753648102
132450678
301652847
604752183
123640875
405278361
217035864
278351604
156034728
283740561
734621805
485031762
813072546
142678503
531760824
134782605
204135867
342670815
178034265
324758601
235086741
143260875
813420675
642051783
102853746
245610783
537682104
482035176
172063854
105832746
124075368
621840735
164028735
163280754
853076421
105783426
502183746
362540871
701583264
603254178
751682403
174680523
317084256
142657803
284760153
204851763
704231685
612380475
106452873
812057436
603174825
284315706
645170823
203175486
152043876
872165304
154036278
843120765
846273105
672830154
342675801
852073614
153240876
623541807
517230486
786153204
302146758
485021736
835012647
735284601
832710465
145036287
205364187
153260784
231064587
637820154
781063524
705318246
364280175
124650873
835021746
807521643
831462705
203716854
143078625
632174805
701563824
861430725
604312875
801753426
846510237
301846752
123074685
207651348
163072854
213468705
124076853
301428765
304826751
238056147
718043265
254160837
405173286
708521463
273680451
148720635
423685107
531820476
826051473
326014587
761352804
104872356
128056734
724063581
803726541
835062174
815472306
704568321
248130576
428613705
203487165
748630521
136274805
708352416
136057842
461382507
105784623
143860725
342170685
126430758
256041837
403128765
528613407
263071584
105263784
203716854
163085724
145763802
102836745
152640738
431765208
265038174
214375806
142756308
837425601
218753604
152473806
138640752
618075234
813057624
802361754
302148765
103754628
165830274
374120685
128056473
482150736
401863752
137520684
146073582
831274605
836042751
735021648
381065724
618042537
548237601
283674105
713840526
701543628
812746503
803712465
643750812
158420763
501486732
123670854
374180652
413025876
783516204
142560873
381724605
123870456
528073146
465083721
723015846
123086754
851463702
142830765
526847301
425038176
845316702
327610548
162850743
543870216
102486735
368071245
604317528
512867403
287610543
132078645
348720165
124650738
621350847
102843765
235180746
102735846
204736851
705261438
216840735
602874513
352014876
512340687
278031654
324078651
178045326
164285703
613870245
312750648
642830175
782430516
638172405
328064175
207138564
215078463
102857643
234570618
253064187
641830725
103725648
813750642
804521763
175820643
601782453
162853704
687143205
284310576
137820456
502648713
142783605
512063874
248673105
481032765
708153426
814720563
712483605
204138765
728063451
351680427
102768543
761023845
263140875
276415308
731820654
346287105
184025736
841035276
184027635
204813765
461752803
182563704
718062534
607412835
704132865
632045187
465031872
867153204
762153804
841250736
283014765
145076823
356084172
403825176
207153864
304678125
435278601
218740635
638270154
748120653
415830276
152473806
256478103
523071846
318025476
413620875
341860275
328140576
423180765
134625807
123670854
836210754
162547803
657310482
684032715
176342508
823057641
153720684
183456702
612074835
135268704
462175308
814362705
304715268
281350647
734051628
106832754
263170854
325047861
462350718
675310842
236180754
268174503
138540726
152047386
416870523
713280465
352160847
682315704
103478652
281645703
402631875
726083154
801362745
261834507
843250176
378461205
851740236
134560872
274850163
841630275
143870265
203465187
708214536
812563407
673250148
328671504
861524703
153426708
104632875
134260857
273015648
748250361
102583764
645310827
708235164
785230164
813467205
173260854
243156807
672054183
374012685
714082365
213784506
806371254
253184706
416028573
714260853
314072865
205481376
803415762
438270165
803126745
802543176
513042876
307158426
283014765
402187563
865240137
802315647
476283105
123680457
451362807
726450813
106834725
436750812
325418706
102863754
851264703
834075612
283674105
302854716
614852307
845310672
804713265
125760348
127385604
273156408
124073865
364815207
864571203
831072564
128430765
841073625
283156704
103825746
835172406
423085761
403186725
831475602
342165807
283156704
162780435
504721386
254810763
478630125
742813605
347150826
234815607
615243708
783410652
237450186
813250746
728614305
348265107
603185247
152734806
367124805
163524708
802513674
316275804
802471536
263048751
623415807
802451763
304812675
461372805
806713254
201754386
162043857
341267805
123760584
681247503
632174805
152074683
724130685
632810547
283710465
381645207
762085413
613820475
234671508
614037852
167584302
372156804
135420768
846753102
584021763
368150724
345068712
415078236
271830654
738510264
603217854
481073265
813265407
127465803
601523874
204813576
753026814
804635217
164730285
104628753
401362875
843072615
123840765
186742503
234065718
408762351
352046871
234015867
348610752
102354678
432185607
874023165
784356102
873420165
801653724
762038415
416085732
813045276
821365407
267183504
731640528
203586174
712640538
362810745
608431752
407152863
312740685
246053817
273850146
704156382
182643705
416053827
268130754
358246107
712683504
132760485
426018753
123450687
713684502
234168705
305486127
823061475
782650143
264135708
417530862
701632584
643827105
263014875
738652104
247038156
162730584
234086157
285041763
813026754
801563274
813725406
821064753
208731564
213058674
157430862
457612308
617048253
306284175
204136875
268041753
276034851
103568274
203715684
263850174
613780254
718360524
621840735
612570348
123460578
374026851
803214765
238165704
304218765
504183762
601825743
164235807
164057832
365210874
532768401
614370852
345072618
178423605
183025476
641820753
715230846
134825706
123864705
354278601
364510728
503216874
317820654
126438705
245037618
103675482
815430726
508324176
618037542
742153608
413026857
861470235
861740532
743058216
258140376
546813207
506231748
726031854
152076384
832061574
107643285
831670452
601748532
123475806
782145306
186042753
204138765
254061387
768014253
813527604
301846275
204813657
784013265
586027431
631842705
748651203
562017834
403185276
163820745
683712405
738610524
213576408
728610435
874021635
123086754
246810375
145037826
813674205
813067542
621530874
163245708
234180576
102743685
