142803765
123708654
134862075
123845760
123845760
023184765
023184765
142803765
142803765
142803765
081243765
134702685
123784650
120643875
123604875
123845760
134802765
134275086
324105876
134205876
123784065
123805746
134825076
014832765
830214765
283164075
120783654
142835760
083712654
234165087
123864750
023164875
834215760
813206754
130728654
123864075
140832765
123806754
042163875
813702465
083214765
134825760
134805726
023184765
830214765
123806754
123804765
230184765
023186754
243105768
123708654
142803765
123674085
142673085
230184765
813724065
042163875
160832754
123864075
813264075
234805176
134205876
123674850
120783654
230164875
123604875
142863750
134805726
013824765
120783654
123804765
012743685
134602875
123806754
120853746
123805746
123804765
123804765
013824765
123674085
813405276
120843765
810723654
012843765
081243765
134802765
013824765
123704685
283105746
123804765
023184765
013824765
420183765
123804765
123867054
134825076
123845760
123804765
813724065
123804765
023164875
013724685
013824765
120863754
142863075
123806754
123604875
042135876
134802765
123784065
123804765
123604875
023184765
120783654
230174685
182703654
283104765
123708654
283104765
023186754
810742653
283164750
023184765
130825746
023184765
123805746
812403765
123845760
123864750
012853746
123704685
123645087
123845760
162803754
123804765
023184765
123845760
134802765
134802765
123845760
123804765
123705648
283714650
283104765
283104765
123805746
123864750
280143765
813204765
813264075
120783654
123785460
120643875
120843765
123678054
023184765
023184765
123674850
120863754
123864750
140835726
013724685
014832765
012783654
134825076
123674850
230156874
013824765
162803754
120843765
123845760
810243765
023864715
123856740
123784065
123784065
813724650
162803754
283164750
130728654
123704685
234108765
123784065
123704685
123805746
120843765
130824765
230184765
123804765
163804275
814302765
230184765
713624085
023145876
813724065
023178654
813724650
142803765
813204765
013826754
134782065
263104875
813674025
813724065
083714625
023174685
841203765
230145876
813724065
130725486
083214765
134802765
023145876
162503874
230184765
023184765
134802765
142783065
123856074
813724065
134802765
123804765
123804765
123604875
813264075
123804765
123864750
012863754
234105786
134862750
120863754
812743065
130824765
123845760
142803765
123864750
123805746
123506874
134802765
023184765
130624875
012863754
023184765
123806754
034182765
123805746
123804765
142863750
042173685
083214765
142803765
023184765
283104765
123745680
123806754
813724065
123604875
283604175
781203654
123864075
123864750
084315726
023186754
123784650
813204765
123784065
813206754
083264175
123786054
142783065
123806754
123845760
123804765
123745680
123804765
283104765
142803765
123456870
813206754
023184765
873214650
243105876
123805746
130824765
134825760
134825760
123704685
120763584
123845760
283106754
234185760
813204765
123845760
814302765
120643875
023178654
031842765
123804765
142783065
830214765
123804765
123804765
023184765
013825746
713284650
123804765
142803765
432105876
234105786
230184765
813704625
280163754
123864075
142835760
120843765
813204765
123804765
023184765
234165870
120563874
134825760
123784065
123806754
123806754
813724065
123405876
230184765
130824765
120853746
134802765
123856074
123804765
130824765
013624875
140832765
134625870
123806754
123804765
123864075
123405876
281743065
861234750
123806754
123674085
234108765
013874625
123806754
123864750
012843765
134805726
042183765
142803765
083264175
123845076
120843765
813724650
123784065
123704685
813204765
123674085
420183765
023145876
123864075
023186754
123708654
130824765
013824765
123804765
123604875
812503746
134802765
012843765
123804765
123784650
283164075
123784650
081243765
062183754
123845076
123674850
123804765
140862753
123864075
013724685
012853746
812403765
120743685
123804765
142783065
142803765
120843765
023184765
230184765
130425876
130824765
813204765
813724650
812763054
123704685
234108765
123804765
123864075
134802765
713604825
013824765
123604875
023156874
812403765
123804765
123845760
813204765
123708654
234185076
123706584
123805746
123784065
813256740
123804765
123786054
134862750
123864750
034182765
283104765
142803765
123804765
123864075
123804765
142783065
263104875
123845760
230154867
026143875
260143875
123784065
130824765
162803754
123645870
813724065
123845760
123845076
012843765
123784065
123845760
142835760
142835760
613204875
812763540
123784065
042183765
123804765
013824765
123805746
123804765
123784065
130824765
230186754
123806754
123456870
123845760
234105786
123864750
123804765
813704625
023164875
123784065
123806754
134825760
142835760
120863754
123856074
123864075
123804765
123864750
013624875
123845760
023184765
123784065
023184765
123864750
123405876
142803765
123604875
123804765
123864075
120863754
123806754
123804765
120843765
283145760
813206754
134825760
814702635
123804765
123864750
123806754
123864750
142835760
130825746
023174685
013824765
123856074
123864075
713204685
283104765
123864750
283164075
812435760
283714065
263104875
813204765
230164875
123784065
013824765
123784065
134856720
013825746
230184765
123784065
123804765
830214765
123786054
230164875
123674085
813752640
130824765
123786054
134802765
123708654
013824765
142835760
134802765
130824765
123804765
234718065
283104765
130624875
283104765
023184765
136824750
134802765
042163875
123864075
130824765
123804765
283105746
123784650
123804765
023184765
123784065
813704625
123864075
283145760
130625847
120673854
834215760
130864752
123845076
134802765
023184765
123806754
134856720
130825746
123804765
120863754
813724650
123864750
123804765
123804765
123784650
013724685
813724065
013824765
813204765
813204765
123704685
012843765
123845760
123804765
014835726
152803746
123804765
123864075
123784065
120783654
123704685
234108765
134825760
130824765
123864075
253106874
234185076
034182765
123704685
120843765
120673854
123804765
123784065
142863075
123674850
123864075
810743625
120783654
140832765
013824765
612803745
134807625
234168075
123864750
280143765
123784065
123704685
123805746
120743685
123704685
123704685
123804765
123805746
123604875
023145876
230184765
123784065
023184765
123804765
123805746
134825760
123805746
142703685
160832754
813204765
123864750
013824765
123804765
123806754
012853746
123806754
123845760
130724685
123864750
012863754
123576084
130724685
813604275
130725486
023164875
814302765
142603875
042183765
120843765
834201765
234185076
283104765
123864075
230184765
283164750
162803754
023184765
813724065
248103765
023164875
813264750
034125876
130824765
813724065
123864750
013824765
162503874
013625847
123674850
120453876
123804765
280143765
123784065
813204765
042186753
023164875
123864750
813245760
142805736
012863754
013826754
123864750
123804765
130825746
240136875
120753648
123804765
142803765
230184765
134825760
123784065
234106758
263104875
134806752
384102765
123804765
123845076
813704625
283104765
123674850
134825760
123806754
130824765
123645870
243175860
123674085
134825760
134256870
142803765
123856074
123864750
123705486
123864075
123804765
012843765
234108765
123804765
813724065
813724065
841203765
182734650
023178654
234105867
134805726
283164075
023145876
123804765
083214765
123864075
123804765
134802765
152436870
243815076
134802765
283714650
012783654
482103765
123675048
142703685
813264750
123604875
123805746
123845760
130724685
812703645
123845760
283145760
123845760
123804765
123674850
283105746
123845760
123864750
142803765
123706584
123864750
230164875
023184765
123806754
813724065
120783654
123475860
123806754
123784065
783614025
130824765
042183765
013824765
134602875
813724065
023184765
130824765
861203754
123805746
283104765
123864750
123845760
283714065
123674085
134825760
120743685
120743685
130824765
234108765
813206754
134825760
142863075
123604875
812753046
123864750
034185726
123604875
083264175
263814750
142703685
813724065
134805726
123806754
140832765
134802765
123784065
230154786
140832765
134802765
123845076
012853746
230184765
120453876
364102875
123704685
140832765
123805746
142863075
134802765
810723654
813204765
283164750
012843765
023174685
123786054
123864750
130826754
123804765
230184765
162803754
123864750
134802765
630214875
023164875
140732685
012845736
123704685
123856740
263104875
123786540
123784065
810743625
123704685
123864750
123864750
123864750
142863750
012843765
123604875
123864075
130824765
123784650
123864075
123804765
123864750
123864750
123604875
123804765
082413765
123864750
246813075
234106758
420183765
243107865
130824765
123856740
140835726
123604875
230164875
123864075
482305176
813245760
012843765
142803765
123806754
123784065
814305726
283104765
013724685
230164875
123758640
130824765
162803754
123674085
123804765
123604875
123604875
134625870
130824765
230184765
142603875
023164875
813264075
123805746
713604825
123678054
283104765
283104765
136852074
123864750
123804765
283714065
384102765
813704625
123804765
123745680
123864075
130824765
120843765
130826754
082413765
023164875
012843765
123604875
023164875
123784065
023174685
123605478
120843765
234185760
810432765
013824765
023186754
810243765
123456870
283104765
135802746
123784650
123785046
263104875
123604875
812403765
813724065
123786054
123804765
134825760
123845760
123784650
120783654
123804765
834215760
813204765
123405876
123845760
813204765
134825760
123864750
813245760
012853746
123405876
234106875
023184765
123785046
813204765
123864750
134862750
023185746
142835760
123864750
123806754
012863754
123704685
160852743
713204685
813204765
014732685
014832765
023184765
134862075
123864750
134802765
813264075
813724065
123845760
230185746
283714650
123864075
123704685
142603875
013825746
813704625
134805726
283104765
034162875
140832765
123845760
134825076
123745680
123864750
123704685
123784065
034182765
813724065
123864750
230164875
134825760
120843765
280143765
023184765
123784650
130824765
812403765
814762053
083214765
813204765
042183765
