621783504
813670254
208153746
534182607
403128765
284056371
342156708
205413768
317024586
106427853
283560174
265874103
352810764
128750634
283016754
157820634
126430875
364018725
728014635
248013765
482051763
157423608
135460827
781563204
814032765
851243706
482130765
571630824
364172805
147530682
205481376
603217854
128745306
123864705
814725603
102867345
281530746
402156873
143078625
362840751
134562807
843012765
106843275
821560743
851076324
561043827
623710548
173245806
714650238
841260753
182635704
701235684
603128475
513248607
683021754
652370481
231860754
374850126
403217658
235740186
263745108
813264705
673042158
102453876
123564807
814062753
537184602
801463257
628041573
672143805
856230714
831042765
812064735
735286104
781043625
283710546
142786503
745230618
103254687
103268754
308217654
801436752
548216703
681230745
813064275
835427106
846327105
846150732
864213705
482073615
851746203
813264705
123086754
123086754
264071385
482673105
102873456
152043876
738014652
502748163
783415206
234560178
712836504
302185476
308746215
136085274
103872654
162853704
816024753
123860754
467213805
806153427
835210746
102538746
704356812
346215807
142063875
581072436
301862754
103624875
304156728
142680735
743526108
263580147
136578402
403125867
805721634
142830765
816475302
102345876
736250148
437820651
735210648
826014357
342186507
418260753
783620145
705481623
342685107
813064275
814032765
512067843
142783605
715063824
813264705
231480756
314072586
213084567
834721605
503217684
247816305
125834706
821674305
824037165
283450176
762830514
386712504
613742805
457236108
416825307
135674802
361750824
134872506
802513674
725084163
123074685
146780523
134625807
601745238
752013684
103824765
783045162
534012876
287463501
273046518
861053427
423085176
207143685
613840725
147830625
283075416
873240615
368240157
106253874
673024185
834650217
214350876
425067318
153086742
342056178
206387514
624517308
106825473
364015827
203148756
304815276
813260754
812045736
285163704
162853704
805426713
236158704
617034825
304218765
482673105
278043165
408235617
123580476
108453726
712458603
602713485
831025647
124876503
741025638
723415608
172036845
612530784
104752638
812430657
123745608
312084765
183720645
812650374
801764325
137840652
236047518
732845106
732085614
437280615
813245706
283164705
713524608
745180623
782610453
135046782
801324765
752061384
304715682
234051876
384162705
273186504
346271805
721430865
142863705
142863705
203186754
305146782
614053287
128036745
157042368
813240765
852410763
816453702
503741628
413876205
142083765
283054671
347160852
718653204
523081764
674382105
102763584
142835706
134058762
812670453
703218654
783015642
176852403
582043176
132865704
103254876
503764281
702853416
134780526
135674802
136827504
206534187
624137508
165270483
705613248
671480523
102843765
836214705
402183765
187543206
107823465
203167854
325084761
162830754
853421706
231084576
812075634
124675803
134065827
375086412
134672805
503216874
406132875
317684205
203175486
123078654
712640385
285134706
206413857
203185746
714532608
278530146
803415762
138520764
148023675
512463807
504136827
142783605
481062753
263780154
836071524
486130752
814732605
273184605
874362501
215683704
571430286
107532846
136470825
732015864
136087452
213046758
784250163
284356701
612087543
608721345
512063874
381472605
206743185
324015876
103758264
124086735
308512746
713640825
123450876
136052874
435021876
152860734
103724685
734162805
713068245
402653187
253764108
461230857
143780625
164830725
501673482
671583204
235016784
813062574
142730685
106738254
132078645
412065873
134056728
384670152
104236785
156247803
203145876
416320785
134082765
718052364
712634508
735480216
104832765
132078564
683214705
851024763
821364705
146083275
471630285
512640783
182630574
234150786
123650784
138720465
142783605
673280154
812053746
713045826
153620874
267183504
813674205
123475806
142035768
865371204
784230156
134820765
287130465
813075426
214685703
142670853
571830264
423150786
123074685
834260175
518320764
812735604
876012435
315024876
273614805
346870152
825730164
482160753
235610487
812635407
123480756
476830521
182640753
283751604
347260158
712560843
734621805
824710653
402751386
803625417
283045176
106234875
513874206
402158763
702413685
612084375
471230865
812347506
103725648
458013276
103628574
762034185
104372865
728053164
275183604
482367105
364815207
203746158
201648753
102483675
134075286
841730625
451760823
125460873
123758604
234075681
865142703
702183564
453120876
813260754
305421876
146320875
713480625
618230754
203164875
468327105
713086254
458710362
841576203
103824765
482160753
582160473
304162875
137025486
301825764
425610873
781023654
214356807
263074185
123674805
375068214
462350718
135726408
657048231
813245706
234850617
813742506
601783542
703215648
623870154
274035186
152470863
432615807
703825641
102743568
682530174
204153876
321756804
718340625
142738506
804612375
803126457
713425806
123847605
148673502
104837562
283561704
813654702
451830267
813750264
704612835
105432876
432175806
873014526
703186524
102758634
842031765
134067852
621073845
105342786
283610457
134082765
376042185
324781605
134086752
501768432
326014587
834610275
123457608
613280574
503216748
403516872
234785601
314268705
138750642
102743568
142386705
436072185
145620873
436258701
103426785
851436207
462081537
253710864
163870254
203485176
317840625
845310726
107823654
123758604
863240175
784361502
235087146
124685307
586012743
401832675
273068514
564031782
204831675
841063752
234068175
384056217
402183765
342175608
273180654
132758406
804257163
216780354
163720548
203165784
162840735
134270865
823045716
683170254
413025876
306154827
235746108
682571403
304285176
134680257
803165742
134086752
123845706
156830724
123786504
683214705
603124785
137284605
102783654
703145286
845170263
501824763
612053478
652813704
213064785
152083746
278013645
281035476
135260874
146830752
263140875
408725136
851627403
348160572
876413502
237145806
261537804
102743685
234170685
714026538
134862705
643871205
341850726
152346708
314582607
268034175
503724186
561738402
234065718
602173584
813674205
801263754
368740125
708421653
134782605
861354702
138724605
135086724
812075463
135842706
328160754
352810764
712056438
804216735
712480653
713062485
234160875
803714625
582314706
503812746
358162704
714082653
183042576
154082736
123860547
806534721
614082735
372160854
603825147
208145673
235840716
238170654
123450768
235071468
153840726
206731485
273860154
284036751
103825746
268740531
208743615
832074615
541082367
831047625
283750164
142750638
761083542
214035876
502613874
824375106
681732504
637041258
134750286
623017458
235170648
152870643
801356427
105784362
123670854
812073645
782065314
638014725
427013865
342780615
123054867
127450863
436812705
831540762
142860753
162834705
812750463
513276804
342058167
253710486
263145807
234087165
613475802
621834705
234180765
405273816
478213605
148325706
123074685
734082615
863014257
203418765
674510283
214758603
714326805
348172605
417026583
412057863
142830765
816043752
234185706
832160754
163720854
784321605
108752643
823410765
813260754
803274156
164230758
256074318
201856743
238156407
345086217
824013765
102745386
203586417
124356708
105834276
142583706
362874105
713240685
843016275
184756302
123840765
103425687
803751624
841063275
123075648
863015427
587016324
134782605
234168705
102835764
123784605
723814605
673124805
327614805
268043715
673081425
236058174
384016752
851043762
142786503
123480675
634158702
365148702
263145807
486073125
703218654
831074652
123086754
283150746
784361502
286753104
106534827
123480756
163042875
142035687
205436187
815034762
172048635
712063584
275061843
134827605
105632847
574310286
481075236
476320158
768054312
376018542
123740685
234160875
142830765
423015786
834260751
203586741
158320746
836014275
834650217
123058764
528673104
613240875
614032875
762051483
813740562
142375806
803612745
172653804
138420675
281653704
342670158
142850736
134860752
508163274
125038746
354816702
412075683
186423705
142367805
104263758
805362147
183074526
236074158
613274805
406832715
201874635
768014253
146073582
134250876
516843702
123058764
618240735
364257108
452081673
641520873
435120867
205347186
783045162
832045761
481035726
371062854
814723506
804715362
813562704
258164703
518034726
253410876
162073584
123860754
234078615
724038615
342075168
273158604
248761305
308126754
713240685
345176208
102764385
723684105
162834705
134056872
134625807
734028165
134625807
103872654
307154628
712083654
304125876
712038456
152730486
214037865
782134506
862710453
603854271
803215746
305126748
821570463
708342615
621350847
204638175
136082754
816274305
305814726
804235671
642138507
836210754
802673514
345026718
823051746
671340852
831520746
253084176
671082543
132640578
142635807
172053684
781230654
205134876
134782605
635240187
624153708
823461705
384017562
304186275
406137852
826041753
143786205
283645107
163874205
162083754
134260785
708612534
302674185
841230765
408273615
734826105
572831406
104632875
236147805
813742506
178025643
108342765
854670321
613074285
471038265
102743685
701528364
283671504
206143875
142856703
804617235
108432567
386740215
504813726
703412865
346720581
231840765
813750426
156472803
816350742
236184705
406317825
173820546
305217648
136520487
513260874
801532674
384071265
214780653
413286705
852716403
184752603
801543726
684031275
823417605
138724605
812053674
754063821
264013785
123785406
123475806
406273185
738250641
673018245
142860753
268014735
705236418
284760531
803421765
623071548
712580634
123845706
834610275
143826705
684350172
104732685
153086274
236578104
834061275
632847105
126734805
713684502
714062583
843275106
807214563
304781652
823560714
354270186
678251304
401736285
803214765
872013654
263810547
405216873
731820465
203184765
263074185
501342876
401732865
748230165
412530876
123764508
185063724
634780125
845316702
123784605
127063845
806172543
152036748
107284653
265073184
307425168
712053486
437210865
814325706
