134672805
283160754
512087463
153086274
458372106
305182746
702835614
703621845
813674205
617052843
837012654
152864703
703612854
803216754
603285741
158073462
207613485
703618524
367125408
253017684
154780362
842360175
273184605
415780362
685130742
123460857
714032685
243158706
273068451
835462107
203781654
341587602
321670584
106375284
423075681
123564807
806713425
421673805
254630817
206138754
124860573
106253874
187360524
203174685
526018347
143870265
702415863
836214705
351724806
235147608
473085621
214750386
452076183
738154602
148320765
632814705
102475368
736081254
512064837
851462307
732810645
701562843
803614275
105634872
361780542
403875216
281743605
706245183
104872635
204751368
812056473
841723605
207135846
812430765
845032761
481360752
754261803
203875146
713028654
834760152
631054872
205136847
108725346
138672504
183720456
135760428
456038172
134862705
234675801
321850476
284731605
426310758
682034175
168054732
421375806
821073654
702514683
814073652
475016238
834167205
835241706
701235846
364082715
374820165
106743582
863712504
136247508
134082765
174685203
704628513
376120584
274036158
285036714
276053418
785120364
513864702
286371405
134720685
542167803
741052683
425178603
403286751
821635704
583714206
621078354
231584706
648153702
152780463
263480175
203186547
812430765
153467208
831620475
316054287
462013875
603145782
123786504
834210765
634270185
307268154
204835617
138275604
163284705
807452631
281063754
172063854
304156872
608724351
802165347
134870625
251430786
607351248
613257804
248063175
536270841
804327651
502136748
157632408
175480623
874613205
802745613
867350421
824071536
203671854
821057346
372154608
802154736
786213504
214065837
173025468
402578163
145230768
413250876
581730624
801457632
132480765
237860514
258731604
647310852
638250714
103854726
617042358
162043785
684270531
478630125
106857342
408312756
821730654
624083157
705683214
235671804
328164705
158064372
602145873
861034275
263470815
657280341
513086247
613485207
514062387
701562843
812057643
315826407
782430165
562730814
127340865
128037654
635280417
243086751
612730854
158736204
236015748
264073581
204713685
423758106
482013765
208734516
283061745
164028735
415872603
234780615
843615702
482013765
307241685
761230458
423175608
712643805
852016374
401783265
103825746
871625304
403721658
608541273
203751486
243875601
804351627
405316782
782460153
203517648
832571406
823415706
384162705
873120645
428310765
816024375
123064875
801573462
813072546
153246807
652748103
708213564
268035147
128046537
512630874
152063847
108243756
206154387
205876314
107634825
284315706
804713652
374026851
803516274
813657204
164038752
283156704
834715602
704328615
136840725
705146283
283075641
273086415
534172806
102473865
138740625
281634705
247310865
205143678
846253701
805421736
102638754
804136725
504237681
238164507
165083274
641723508
153468702
804231765
105732486
648320175
703156284
801542763
584760213
603725841
682140735
851034267
708123465
802153476
712435608
813640275
207153648
125376408
364078215
802476513
863120754
103826754
154726308
416732805
601832745
138750642
613045287
135760284
283160754
815742603
465012738
105236487
134758602
248136507
284573106
815260437
826410753
813256704
153276408
831420765
234780156
265813704
283140765
142067538
816542703
785321406
653074218
183420576
713624805
562047813
413270658
238175406
123860754
125860743
784632501
142865307
346051278
813725406
217084653
534086172
823714506
601837542
104825763
201874635
462850317
124670358
458012736
721380546
305126874
346150728
145072368
851043276
807324615
804513276
641780532
268015743
403516872
156842703
215760843
104732685
136072584
253741608
134750286
682730145
372180456
724830651
723086514
182564307
152637804
813450627
705246381
328576104
781654203
538046127
268051473
782043165
348756102
802153764
268730514
783024165
706245183
701863254
841256703
273415806
136052748
203146578
103782645
205674183
467531802
864271305
124057638
718650324
864372105
608143275
387420165
123085467
853026174
236540187
362150874
738210654
105732486
285013764
127056843
834521706
803521746
431867205
142856703
321840756
412785603
715036284
384712605
134780652
423056178
234170568
783145602
571684203
851042736
572416308
654320817
825730164
613820547
874035621
712680435
234751608
182574603
683024715
463870152
207145638
123786504
867520431
725680143
412563708
375120486
813264705
452730168
326415708
708421653
381260754
813024765
425160837
723640851
243056187
342175608
123670485
123864705
407123586
634780512
374125608
231564807
273086541
682073145
284053176
824573601
241078563
614023785
502483176
372810654
486037152
236150874
742138605
467235801
274560183
162053874
514720683
802754163
135674802
831750462
102543786
813542607
813026754
723851604
147026853
301856724
813250746
138475206
316840752
104735628
645032187
843026715
706581423
406523187
673284105
352086174
345126807
306721584
258143706
257160843
324867501
475820316
204658137
218073546
413820765
813052647
863024175
841735602
706231458
608731542
601253847
473120586
206314875
804623517
345027168
372081654
536281407
143850276
803614275
142056873
105842376
856042137
437256801
462130875
378042561
304126857
834265107
135867204
213078645
283745601
623145708
821045376
807652413
732580416
248630175
412783506
218074635
243816507
124830756
162780543
725036481
648325107
173850642
302415687
812763504
835046217
124653807
364120875
104652837
823074651
612540738
813657204
165738204
851074236
512067384
587632401
701532486
504316728
153246807
348261705
103857624
705621834
482063175
213870654
735680412
568073124
618073524
314280657
154632807
538210764
132086457
826510347
175064382
864730512
421630875
134082765
431875206
328065471
813264705
142065378
174062538
235780641
816350742
425136807
247056138
283015746
283164705
208157643
246081753
542078163
263574108
834260175
408162753
328065714
713280546
135864702
367024185
203174568
376512804
813025746
263754801
702813465
723586104
713042865
324015876
143028576
124870536
132086574
276814305
123570846
713025864
723064185
308175264
813726504
384652701
312785406
345016827
103724568
306275418
283016754
406235871
256071438
603172548
874023516
714032685
573410268
162730584
235180746
408237165
145836702
728413605
783624501
813250746
834256701
813745602
613274805
702614385
371028465
251483706
218340765
235140876
132658704
305214876
184627305
325048716
134750286
802641375
321846705
127483605
352864107
508421763
126035748
327610485
681072534
142073685
681053472
126870435
804213756
306128745
843160752
651072843
103284675
364078215
406235187
758240631
265041387
248370165
508243617
283170456
735286104
253874106
457281603
381760245
147823605
483127506
683125704
213845607
413567208
283157406
317250846
812063754
245630187
861753402
361570842
816032754
807612543
728435601
705186423
401675382
204735816
758024316
512384607
375160842
814250376
163048257
614320875
415720638
502186734
403612875
407125368
863071542
701482653
503486721
283075416
701582346
725418603
816730542
283570146
123780654
603218745
642810573
104358672
781640325
582130746
235641708
837516204
247013685
386124705
864210753
324580176
614520378
763024158
628375104
402356817
864250731
203865174
164872305
845376201
263741805
736084215
243160857
618370254
604315827
306812574
136825407
624817503
186374205
782510643
512043786
425836701
306127854
815263704
381056742
863274105
107683425
417863205
472815603
608271543
801432765
802561743
283475106
236058174
803254167
845216307
802413765
851746203
362158704
513462708
803751246
154836207
104832765
106438752
618234705
142073685
603247158
123064875
403728156
435721608
351062847
428357106
134087625
617540283
612437508
624038175
152063847
841630752
102573846
205437168
742630185
703256148
423610578
803416257
835062417
176283504
683021754
802156437
834021765
823064715
813720465
612783405
632740185
503284761
358140726
716348502
716043258
531472608
283016754
134720685
813045762
473815206
782364501
862530714
813645207
715043286
124078635
283164705
801253674
283165407
712630458
413065278
413650827
235146807
352187406
871032546
804135627
462850317
805361274
513748206
781563204
134025876
387641205
148320657
834025716
123780654
206143875
873140652
108234765
813024765
104238567
123045876
142730685
283645107
364275801
328540671
143076285
206345718
263085174
472183605
216437805
614730825
384251706
147826503
102754683
803674251
842370615
582031764
238170654
723815406
583017462
283150746
203176584
812053467
517320846
106437825
834671205
412570638
283140765
235140876
312784605
813540267
103764582
816023745
702613584
502137684
704621385
764315208
132876504
726038514
873251604
813062745
802375146
842750136
347610825
234516807
821064375
123784605
156042873
405263187
285046317
103824765
284075613
823610754
315264708
412035867
123674805
235048176
582617403
351067482
874325601
207168543
245610837
813045627
712483605
104862753
748632105
234176805
403275186
561073428
152083467
123840765
702641583
807612354
135726408
841730625
103428675
713058264
563027148
123670854
231764508
381450276
384275106
123760458
345180726
137260458
263784105
168024753
831620754
638124705
325064187
286740135
503716284
314726508
853076214
203185467
372058614
372014865
234651807
716038542
603718254
107623845
253867104
265047183
701483625
745083216
103728465
152068374
235710468
814356702
124350678
201836754
814275306
123085746
182073546
814320765
584370162
745321608
248015736
254036187
512043786
382541706
612053847
106824375
582136704
281065743
821045376
842730165
124368705
384570126
134782605
271385604
238016574
867023514
605342187
426158703
345162708
736052184
762583104
251468703
801754623
281036745
714082365
273064581
842750613
364580712
142630875
701265483
234650187
128745306
514026837
236580174
103572864
104836752
134850726
613027854
631870254
734850162
134270865
714325608
145672803
206718354
103824765
402185736
827530461
835216704
302546178
842310765
304167852
584760213
823076541
173084625
827061453
738214605
341652708
548160732
163054287
603178524
803217564
384720156
514860327
