813720654
103824765
403215876
103425876
123840765
138724605
123864705
102843765
123786504
123086754
612073854
123084765
123864705
283140765
813026754
103724685
234160875
813745602
813024765
134075286
123860754
105432876
134025876
234180765
812043765
234085176
283140765
713025648
134780652
123864705
814320765
802413765
123056874
812743605
812435706
162853704
103826754
715320648
123740685
123856704
102843765
384712605
863274105
501873426
203184765
304182765
142835706
102843765
834725106
813024765
603814725
123078654
135826704
812045736
142083765
102843765
103824765
102783654
103824765
123064875
142086753
283016754
123758604
813726504
123485607
813024765
123084765
123640875
102843765
145230876
142835706
103726584
123860754
203154678
162850743
613824705
203145876
162083754
702813654
283140765
103826754
813024765
135820746
134085726
134825706
123650847
813026754
402135876
103824765
135086724
102753648
123086754
203164875
123856704
123784605
123674805
123075486
813250746
134862705
123864705
104832765
123084765
283014765
172653804
203485176
803714625
581423706
803214765
134085726
182073654
103824765
803256174
812730645
102843765
248130765
136852704
123678504
102863754
135820746
813674205
812430765
123864705
123064875
234718605
402183765
283714605
123045687
481762503
781032564
613240875
142083765
813240765
813724605
234718605
123670854
142086753
203185746
482163705
123084765
813240765
123860754
601243875
423160875
813720654
123850746
123074685
123086754
123084765
123760584
243175806
123856704
123860754
123864705
384012765
402183765
136820754
234185706
384012765
103724685
283160754
203156874
123784605
134820765
823061475
102873564
813074625
206143875
236157408
123084765
123784605
203186754
841630275
813264705
283714605
712063584
281043765
123084765
162073584
136820754
104782653
813250746
801723654
123470865
103824765
813064275
234185706
203184765
142780653
123864705
106832754
142035876
123058764
123860754
634210875
845130762
103624875
234718605
283670154
713028654
813745602
812740653
102863754
283064175
462013875
123850746
123064875
612750843
283015746
203184765
345280176
283760514
123064875
304215786
103824765
613827504
713280654
123864705
234150786
803214765
102835476
123840765
103627854
123864705
801263754
123084765
134082765
104826735
603214875
138072654
134825706
813725406
304182765
123640875
813260754
134620875
814320765
123786504
142863705
123845706
123740685
142630875
814032765
103825746
142830765
123864705
123850746
123670854
206153847
102864735
142863705
203186754
283014765
142780653
813024765
203175486
123864705
253786104
304218765
234160875
712430685
613270854
123784605
123674805
203184765
103825746
108423765
235140876
283150746
123864705
613270854
134062875
813024765
123084765
283074615
283074615
273184605
123745608
802713645
142860753
103824765
203185746
136840725
123045876
243175806
102864735
103624875
402183765
123785406
123784605
123784605
214035876
263145807
123845706
432150876
103824765
123860754
123784605
142630875
781623504
103724685
283014765
123740685
283714605
134256807
123840765
703824615
813024765
384156702
243015876
105432876
123740685
136024875
813064275
135782406
123450876
123640875
813240765
813245706
123740685
123086754
813024765
701852643
152083746
783124605
803714625
813740625
342170685
123045876
103425687
123856704
145830726
612047853
203145876
813245706
348210765
783124605
123845706
135620847
203185746
103826754
123784605
713024685
102853746
834261705
134062875
134820765
123780654
123784605
235014876
813024765
162083754
203174685
203184765
134725608
713028654
283150746
135820746
203184765
245183706
163784502
283160754
782130645
106832754
142856703
203164875
814032765
103824765
103874625
234068175
803214765
603214875
123864705
182750643
102863754
123845706
123065847
123084765
162853704
102783654
123784605
143028765
136820754
123780654
142783605
123780654
123084765
834210765
813450276
802613754
123860754
123064875
123840765
812043765
603215847
182730654
123478605
102843765
104835726
123864705
104832765
283164705
123075486
814032765
104832765
613257804
123864705
384012765
142763508
123086754
102863754
812630475
123450876
123784605
234718605
243015876
834215706
182730654
104836752
103864752
134672805
813026754
142783605
812063754
123674805
123056874
123085746
123045876
123784605
123064875
142830765
134850726
234180765
235718406
134058762
613240875
123864705
203784615
283467105
613240875
102843765
103824765
256143807
263174805
813240765
102843765
812430765
613274805
802713645
203174685
208143765
208143765
142863705
203164875
103627854
283714605
283014765
104832765
813024765
134720685
834210765
123864705
134082765
713028654
123084765
123064875
234718605
136820754
123786504
123450876
803214765
123758604
134085726
142673805
123045768
104832765
134672805
134072685
803214765
384125706
103728654
102843765
258143706
134825706
812754603
128743605
123045876
813240765
682013475
142056873
123784605
713240685
123085746
243056187
423085176
123840765
123680574
861250743
123850746
142630875
803214765
152840763
142863705
134862705
123786504
246135807
834210765
103824765
123856704
146270835
123784605
142063875
283750641
123064875
814730265
123745608
104832765
142083765
123045876
603874215
123845706
813074625
234160875
123056874
123864705
234015786
103824765
123086754
304186752
801243765
283160754
801734652
123064875
253160874
123740685
123056874
835210746
304218765
123845706
683420175
813245706
142063875
514823706
283140765
104732685
102853746
123074685
123840765
103425876
235467108
142035876
813725406
102843765
813240765
123074685
253140786
134856702
283140765
123074685
814035726
103526874
203186754
104832765
248013765
813065247
813072654
813026754
123064875
304218765
136782504
812740653
123670854
123064875
123078654
123086754
142830765
102863754
812053746
812463705
203184765
204136758
234685107
102843765
612073854
142863705
123850746
812730645
103826754
234150867
123840765
813074625
812043765
134082765
603274185
704832615
812043765
834750126
123845706
123056874
802415736
682013754
123670854
123064875
123840765
103824765
283016754
384120765
123078654
102845736
283064175
123864705
814035726
812463705
234018765
142863705
203164875
102863754
203164875
402183765
123064875
814735206
134082765
703614825
104732685
162830754
142863705
123674805
203184765
402183765
123780654
134820765
102843765
812740653
234185706
841723605
163054872
123850746
814025376
134820765
123674805
135820746
283714605
236180754
813674205
108234765
812456703
304182765
134820765
104832765
384751602
246073185
123045876
123084765
107642835
135420876
104835726
102845736
103425876
142783605
801453276
205138746
134620875
812053746
123845706
104832765
104832765
123860754
203674815
135084762
348210765
283740615
123784605
102743685
123784605
813720654
102743685
134072685
283164705
283164705
134820765
263814705
812073564
123056874
123645807
123840765
712830654
102783654
813240765
613824705
142035876
253180764
246130875
123784605
134025876
203164875
162830754
123860754
134620875
812460753
283150746
123084765
182730654
103825746
142830765
208143765
283156704
142085736
834210765
105832746
152430876
123860754
804612753
263140875
103825746
203164875
136820754
142035876
142860753
123864705
283164705
128463705
123064875
813720654
602413875
134862705
123758604
384125706
103425876
142780653
123074685
103825746
123840765
152086734
134825706
813024765
123450876
283745601
813264705
123740685
162083754
834615207
134072685
203174685
103824765
812043765
263014875
162083754
134256807
123640875
123860754
123640875
123670854
123864705
102563487
134862705
203186754
123084765
713025486
123064875
103826754
283164705
104632875
103624875
812043765
134820765
813024765
134025876
123084765
203164875
134825706
281063754
123084765
402173685
123084765
128754603
134082765
613024875
843275106
612043875
134650827
134068572
203164875
134625807
123864705
134082765
123064875
203854176
123845706
123074685
283164705
123784605
173820654
813670542
103824765
103724685
234185706
142863705
135426807
142830765
234180765
423085176
123845706
103674285
812743605
324175806
801243765
102843765
102845736
134025687
281743605
102783654
613240875
123864705
814362705
234678105
152083746
142860753
203186754
123840765
812763504
123075648
804236751
203184765
813024765
103826754
102643875
123860754
123074685
123840765
814732605
134620875
802613754
234160875
123850746
123064875
203186754
134720685
283140765
235014876
103824765
123084765
123758604
283164705
124385706
813724605
104782653
102783654
135820746
781023654
234018765
718632504
102743685
103864752
783612504
273018654
234186507
308245716
123085746
102843765
801324765
203184765
803214765
123860754
234160875
203184765
203186754
134820765
234185706
123640875
134072685
103624875
203184765
123674805
123084765
103725486
102843765
813054726
123078654
805731426
803714625
482013765
283015746
203485176
134082765
203185746
803214765
234160758
283160754
203586174
814032765
103824765
103724685
102843765
234165807
283145706
802413765
713620854
826413705
124376805
123450876
123860754
102863754
234180765
123786504
814032765
123780654
134820765
403215876
134850726
123784605
283714605
253084176
283016754
104235876
124538706
801432765
103724685
123084765
203145687
234085176
142783605
234085176
203164875
123670854
263140875
813074625
813024765
123084765
617832504
103854726
136520874
712083654
134825706
123860754
136845702
142673805
134082765
281043765
803715426
813026754
203174685
834270615
102753648
134256807
123084765
234180765
402183765
103425876
713064825
123075486
234168705
123084765
812653704
128043765
103826754
152043876
123064875
123760584
123570846
103826754
253084176
142830765
135820746
134062875
142863705
814032765
123784605
123058764
812743605
283140765
123856704
134856702
103725486
123470865
102843765
234160875
834215706
123085746
102863754
123084765
283710654
502183746
152860734
172630548
813064275
123084765
283014765
812463705
812634705
304185726
123076584
123074685
136852704
123074685
123784605
152083746
263054178
123784605
123784605
123670854
123780654
