423068175
246570183
604832517
475086132
713842605
753086241
675480213
182045637
102863475
142583706
825041736
817054362
813076524
816057234
742031685
153270864
578160234
862014375
783012654
246038751
314280765
245078613
801623574
534761208
702356184
834170652
831260574
583016742
124836705
576120834
203714865
635187204
284016357
304276185
503284617
735021486
803714625
716085234
452083761
407253861
486532107
674023158
671280534
271630458
632710584
167840325
103427586
314280765
136052874
302457816
304825167
217685304
263547801
651873204
831042765
418630752
587126304
374012685
417058263
248160753
124063785
651084237
608152743
523014687
163074825
721068534
612783405
183526704
403718526
172630548
406281753
241037685
532087164
402175638
304657281
613580247
651870324
132740586
471630285
541682703
637021548
123840765
125038674
275613804
138560742
203658417
612843705
806743521
725631804
354018276
147680253
142780365
156082743
286341507
273860154
128430765
308571624
731268504
475261803
506482173
841760235
347512806
205136784
276480135
502786143
618075234
123068574
614825703
308246751
104386725
865470132
516470382
362710854
384657102
738120456
246053817
214850736
106824375
621038745
467028513
812560734
624850317
802576431
104867235
247183605
728035461
786350214
543210768
804172536
143856207
187534602
308456217
487320615
601872354
825041673
701836245
804231765
405682731
436087251
804165237
173824605
783021564
712653408
135068427
132085647
784210653
382714506
402687153
304682175
178423605
413250687
274853106
205367148
172053684
428160735
871025463
435062187
205841736
203156874
318062547
403258761
805137246
803612574
263857401
348027615
512084673
842053761
136085427
512463807
104237586
137680524
716043582
306284751
201845376
704281653
305614827
267043518
406385712
502873146
108732465
784310625
106538247
708462153
821074563
208413756
823546107
173540826
647518203
238740516
362540187
834260751
103286574
471052863
805467132
578432601
801253467
451082763
573082416
712630458
473815206
613270485
506182374
601245837
701568234
145860273
268714305
743152806
813064275
125430678
516380247
801345762
342015678
614085237
741836502
134620875
814562307
203517864
728410536
125438607
741830652
246057831
736128504
107834265
836510274
702145836
162035478
462071583
184063752
124657308
458136207
487520163
102356874
107438625
136024875
438160275
453168207
406123857
836520147
214630875
185064732
418065723
163852407
123850746
702314658
108645732
802137645
354172608
301245876
405381276
824157306
213870654
152763804
872056431
305147862
671582403
813270564
784316205
637425108
423617805
801243657
653014287
431085276
138045276
864750132
385027146
156287304
782430651
637140285
634870215
207834615
618730452
645280137
402173685
135470862
814562307
846072351
423160758
704125863
135642807
126537804
235640781
416035872
612384705
301426587
632081754
134256807
301275864
538260174
328075416
328460157
703185264
234568107
712048653
102734586
365142807
532017684
618450273
816057423
743126805
136054782
832056417
865024137
578061432
786031245
806215734
562830417
431728605
354820761
208314765
104325678
134862705
213756804
581427603
314027568
281053674
201586347
715084362
801365724
721453608
624037158
678513402
805321647
182670354
246038175
684023175
814732605
203781465
548376102
567142803
374250816
804632715
135840276
285140736
501643872
134067852
571264803
873256401
123480567
102863475
216853704
208761354
241065738
637140528
435087216
502378164
178356204
102745863
126045837
412630785
418630752
123465708
304275681
612580374
316420875
475026183
124783506
831046275
618024573
802514763
165420378
263150847
726840513
851024763
875243106
132684705
372456108
165347802
143078562
162048537
106732584
617038452
721583604
102863475
407135862
712045638
516830742
512083764
637418205
783042156
528170463
627085413
345180726
308751426
863025147
135640287
512360847
863170524
158270634
614025873
263170485
203167485
206831745
172430865
814036752
261548703
143526807
173062584
413756208
407562138
528340617
413658207
145062738
167258403
158034276
716438205
354086712
712640853
473685201
421780653
231075486
401356287
374265108
214086537
382154706
406213758
125870346
207356148
167835204
614820357
703285146
405273816
386147205
653240817
768041523
256370184
653724801
347082615
571042683
712063845
735214806
601327854
316084275
263450187
872643105
812043657
685012473
683025741
624038175
861024735
704238516
253087641
634785102
478065321
204316578
203186754
524160738
856710342
853624701
425780316
384160752
536021874
318742605
637142805
824367105
764513802
867234501
814350267
201643857
475610328
531780264
801542376
683217504
208143765
135420687
718650432
267183504
814356702
136250847
203185746
803614275
814573206
146320875
123450876
437160582
583416207
452130867
481270653
265734108
761843502
743185206
137420586
634182705
263058714
608314752
835071426
725046831
214586307
302746185
705213684
751830246
127546803
851074623
802163457
704328561
345210678
243016785
145038627
365127804
286350741
263148705
432761508
317650248
376280514
675021348
812756304
851723406
485160732
172853406
716082354
251430678
423071586
672018543
604317852
504367812
825376104
754382106
806325471
465031287
863042715
781032645
841235706
854160327
402385761
602451387
816453702
634785102
305276814
861240735
374580216
632480517
367841502
263810475
387064125
425180736
723841506
814670235
245731608
258137406
438160752
487613205
403628175
184235706
281463705
782630154
203861754
245873106
703215648
803256417
261870543
432056187
216850437
356240871
821563704
512860743
761458203
106542378
351478602
813240765
728613504
182470536
681074352
725164308
804762153
674810235
736540281
435210687
124683705
138570624
428570163
143678205
123840765
736450821
246750138
164082753
123648705
123057684
134062758
235047168
708153426
423180765
512683407
265370814
507182634
504176328
378052416
124760853
658370124
175463208
356042178
753120864
304175628
617532408
143820756
106243785
253670481
807326451
271483605
841250736
612057834
847135206
835460217
253068174
127435608
358420716
134075286
302715486
467830512
162075483
648035127
461820573
105648237
506243718
123058476
238046517
702831645
506238147
104385762
328564107
403628751
635074812
712068543
134780265
523768104
713058264
703125684
781345206
123085746
216840573
851270643
453120768
203184765
415680732
702468513
871052364
708136254
385016472
624813705
723640851
468732105
386174502
472035681
573610428
384256107
403286751
307215846
146730582
138042675
243560718
782140365
637210854
842036751
463025817
615387402
708245136
705213684
103826754
205614387
283076514
501236478
135067482
408753261
465012387
781320645
461827305
453716802
716852304
241738605
751280463
658240371
302458761
671320458
162075348
673041285
874530126
456170823
607312485
305741268
547862103
614583207
278053461
185023746
106425837
201845376
204731865
201873654
507281364
168352704
178546203
208753164
814265703
634820751
105832746
804237615
103287654
123560874
614280375
168724503
268031574
621834705
762184503
203864715
645071283
408173652
821063574
127480365
803716452
817462305
567013248
236850714
102436587
581360247
247130856
364028517
307628514
234850761
145783206
147830256
807315624
125038746
348012756
418230657
247830651
623014785
104852673
412380576
871052364
681724503
813025746
421830765
704316582
512067438
821546703
607532814
421530786
327086154
732065418
481352607
283610574
328071654
723564108
807413625
348160725
682073145
507123684
213680475
703816425
745013682
438061725
813025746
654782103
836051274
745368201
341085726
142780536
218634507
213675804
245617803
148735206
203564817
316250748
263517408
728130546
304718625
162043857
271630584
451063278
835027164
814625307
712850436
701542683
254386107
432870561
364028751
365241708
514860273
726483105
432078516
142760583
583740216
687042315
582740136
814025763
281534607
203415678
201586473
367520418
283746105
815074326
516734802
512346807
208635417
563041287
354270186
165824703
185073264
256081473
863024751
324075618
318640572
613478205
256017483
516028374
573012846
124870365
107463825
372861405
572810436
854230761
748216305
865342107
304761258
513042876
781452603
456132807
578143206
601273854
302746518
107642583
104256387
135064872
526314708
753042168
713528406
627480135
104678352
427185603
621385704
786124503
416073852
812743605
472013685
352180746
386140725
351620784
874260153
835071264
138256704
615470832
617032485
562130784
634850127
805327146
864120357
281674503
123740568
384071652
253416807
107264583
346851207
157064283
123064875
142875603
384072615
351086724
416730285
634081572
203185746
836057241
203867514
286450137
862170435
732450681
804173562
107826453
362047185
256081347
216730584
685042137
785034162
685120734
507164283
148052673
815632704
568720143
753621804
827310465
132057864
361085742
168542703
102837654
534180267
803564712
708641253
682715403
753214608
465032178
875420361
312780654
802741635
385260417
104835726
203475816
803214765
503621487
637081524
671032845
632870451
427051863
206473158
804231765
384610725
237051486
681475302
804312765
175832406
723850641
206857431
653024781
824617305
508174632
146380257
153840726
513076842
673284105
136780542
631854702
703681254
871650243
608152743
401725638
861350724
158672403
642315807
128450736
481023756
314250678
836157204
783410265
126480573
146028375
306147825
314078625
753248601
305172648
807154632
214560387
175630842
173025468
146530872
152830746
102845367
173048652
481063725
673085412
364820715
201835467
348250716
832045176
184063275
538164702
801325746
783260154
841352706
824157306
416320857
823016574
524367801
632170485
372450861
472613805
542178603
805632417
741653208
642587301
401783652
104528673
243075186
802165473
845062371
152436807
826741503
243816507
162783504
241376805
603471528
385710462
841075632
503728641
804316752
867521403
856073241
251740638
467058123
736280541
562140387
231780654
124763805
724580163
865140273
164058723
306821547
418376502
104732568
123784605
831074526
328650714
853421706
123048756
703624185
465182307
