162078543
845027136
123680457
203718645
163842705
701324685
502364178
804713652
856430217
723680154
316240857
254810376
134085726
612073485
345278106
234670158
806214753
123856704
123084765
738564102
384670152
136470825
435867102
481623705
408321576
824730561
602483715
246057183
234718605
205718463
125670843
143860257
573018264
306827514
287654103
215370468
206387145
134860752
135026487
314720865
814723506
256043187
301854627
208734651
861253704
174830265
841235706
812075346
412067835
785036241
371042865
813756402
681534702
204638175
306872154
234068751
103625847
523610874
134856702
123564807
705138642
701652834
283715406
162874503
584076132
825410673
461032875
176038524
802156374
246780153
864120573
803715642
304768215
861572403
123075648
528071643
204816537
723085164
582613704
401837652
602384175
513087642
854210736
623150748
345270168
806312754
813064275
103285476
268530741
364581207
513046782
415720863
452870316
701263584
738510426
201456873
125746308
273145608
481057263
142630875
741568203
143075826
615084732
403156782
437510682
623158704
834651702
281046753
267035418
203875146
145023876
324817605
146853702
172054638
406573812
103462587
304182765
361048527
452730816
107265438
135864702
124065387
463215807
123860754
814035726
283165407
237018645
836275104
134568702
801635742
263180574
382014675
837021564
285076134
436821507
102764538
738014265
724018365
172830564
105286473
148652703
804137265
354761802
672130458
306247185
134720685
612078345
702186543
102643587
105634872
345172806
104782653
813726504
203574186
657413208
508714623
254183607
257614803
285476103
167420385
641520873
263184507
102347865
137852406
245031768
324150876
608143275
123840765
325781406
286714503
351046827
867032154
234081675
253067814
106723485
701824653
613085427
614072385
203146857
123784605
305746281
725034186
145263708
742850631
173024865
814732605
781254306
652841703
637521408
805263417
781452603
316824507
723068541
253180647
235014687
126840753
283160754
781023465
301286754
257043168
423850176
283015467
438750216
162730584
381045276
307146852
103254687
107526843
716382504
108423765
481630725
851063247
105384726
682347501
103745682
143627805
726481503
123850746
803712654
371842605
825710346
123750648
203816574
218073654
307562184
367514802
601243587
213587406
378120654
104735628
813024765
578364102
142673805
783045621
813024765
152830746
541280637
805423761
204871653
768140253
816073542
804315726
872064315
215376804
801425763
134850726
162780543
217034685
837210456
472610853
128037654
105432876
248613507
732146805
537210468
215067348
308674152
814560723
206741583
804215637
835760241
364718205
403126875
374120685
104732685
826354701
851370462
135042876
307281654
625074183
708423156
813450762
326074518
205784163
785023641
275038614
201483765
248130765
728064153
253016748
273648105
741085623
103825746
761230584
156270438
328450176
531824706
567430128
625038471
514860273
786013425
128064735
312580647
856710423
712450386
123870564
843752106
863072514
736240185
257038164
305817462
152768403
783120546
612043875
348157602
851240763
134075628
215763804
134026785
425160837
138052764
835712604
364170285
804623175
142083765
803462157
734280651
814725603
803415276
628047153
652130874
768253104
241670358
206753148
104762835
472165803
825367401
803267154
802164753
817630452
127845603
801463572
813460257
157830642
506213784
428613705
873240615
681075243
143270685
607832541
134056287
214380675
328140765
102853746
283140765
268013754
851723406
705123486
432850716
386120754
284017365
814720635
104857326
102643875
702143658
604781325
152470863
815346207
425167803
102673854
201356784
712560843
678530124
135084762
821470653
123075486
863250147
628073415
106372854
805417362
412350786
835641207
123765804
613024875
162845703
412637805
834210765
213640785
273084165
846751203
183745206
304261857
302764158
613078254
583024176
103728654
405367821
106842357
102768543
302671845
478215306
283064175
106732845
843712605
613257804
348615207
347851602
104835726
508473261
713026584
386015742
713065428
817320564
263014875
423165807
503176482
413720856
781063452
123078546
306214857
801476253
801243765
123756408
235180746
248073615
816024753
853416702
206431875
812043765
834056271
568014723
753280641
283140765
123587604
342150786
237016854
328074615
852360714
135820467
124075836
741035268
834516702
351842706
235614807
586421703
503184726
134850726
723814605
102675384
254180736
382465107
612740583
842710356
103754628
613024875
712056843
152476308
172084536
841270563
154730682
805231746
712453806
781562403
124350786
713024568
281043765
513280764
578014263
613274805
781056432
738421605
351678204
612570483
142086753
103624875
146053872
863274105
803274156
803271465
123860754
214380567
735810624
802473615
135026874
803254716
532086714
136850427
614025387
627810354
134025876
586024713
246035187
451376802
846720513
346815702
203861547
346275108
712053486
268073514
136827504
207836514
618253704
483265107
572031684
163450827
834021765
426150873
234185706
735280614
136840572
802741563
761043285
608341725
613084725
134860752
146270358
805341726
864253107
147085263
126054873
157640832
147653802
102345876
856071423
134720685
307824516
304712865
405326187
357240816
105827346
123860754
472063815
162834705
825713406
403271685
643170852
385276104
342015786
521086734
513486702
843025617
134650827
263084715
273518406
682134705
501723864
608743512
203156874
704261358
708234615
306245178
102863754
134067285
601732485
123640875
274130865
286043175
406852731
813645207
431670825
831024756
324017586
432150768
173640285
621850743
821074563
476158302
728053416
612734805
243815706
813024765
143680752
154360278
814560372
803712465
851032476
203184657
804715236
134078265
364015782
123860754
782640351
748350621
231758604
872153604
123850746
524068173
316054287
605413827
283710546
426015738
813260475
542016783
608517432
813045762
701253864
326140875
503724618
137420865
306285147
823614705
507814263
706813245
841075263
315267804
861534207
235186704
136850742
102583764
105843726
384270651
104832765
864213705
201354876
841032756
801762543
635740128
136750482
107823654
847013652
136845702
172860543
613075248
583046172
462815307
312465708
328761405
183074652
784630512
326580147
815073246
718240653
863120754
834610275
145820763
153860274
683120574
174035826
235176408
713450682
208741653
713068245
123056487
153847206
123460578
203178654
304172568
102837546
674032851
832640175
364012875
814025376
205186437
364280175
325841706
842150763
123750486
502873146
713068524
236180475
837410265
125076834
374185206
206134857
128750346
635170842
123085746
135840762
627530184
208537164
506134728
504236871
726538104
324086751
205463817
408725361
763150824
236140785
783024165
674013852
602143785
214350687
638425701
708623514
176380524
813264705
843012765
726150483
306547281
142865307
643215708
781532604
651073824
103286574
762045318
814720356
415870632
312850746
813674205
523076814
306214857
745183602
235048176
512748603
801765423
781324506
801736425
207143568
174528306
123456807
603174582
132468705
203154786
203415786
605318274
721086435
417380625
146325807
134825706
683214705
325164807
162480375
846135702
836712405
123456807
813076524
153062487
625783401
153240876
415038726
102856734
234856107
174032658
785026314
103862745
107482356
125067843
306215874
682150743
304276518
183026457
152438706
821457603
572413806
123085746
702413685
812760543
307842615
408152736
436150827
841723605
174320658
203184765
135042876
713640825
148073265
732048615
382147506
123854607
145836702
803712654
248163705
604182375
452063187
823764105
823417605
205413876
315420786
506431827
621370854
276085134
136850274
123580764
275184306
154780623
327014685
402783615
601752843
841056732
123056487
306742158
587416302
702514836
142083765
706432815
138572406
381027645
208165743
812740365
123640875
802153764
273018465
207518643
135842706
861053274
145087362
364082157
528041376
106283754
523781604
851430276
406152378
623078514
748612503
528130647
243861705
283510764
583270641
246378105
237160854
803651742
704213658
634750218
308742165
102647853
864025317
123850467
105843726
518264703
234617805
613540827
125034876
108342765
823610754
524130867
524036178
148270365
453287601
128063475
345270168
402863715
734062851
104536872
156287304
812435706
364782105
261073854
506718234
507346281
204716835
813245706
812653704
823045167
203164875
514386207
615023748
812763504
134820765
602715843
278154603
821753604
217653804
713048625
172083645
106732458
102845736
283150746
801653472
513062478
268134705
205134876
801652743
147386502
763014285
803264175
807263514
134720685
834250716
701543628
814625307
721350648
253176804
654380271
502384716
234768501
256140738
301257468
256140738
504238761
208465731
153046872
134865207
803467251
128765403
813052764
306481752
823045167
153860274
841230765
364810752
407583261
364125807
423160758
134852607
704621385
248715306
617340582
328154607
302184675
861534207
235048176
845761302
723148605
283751604
648137502
142830765
578021463
512846703
521038764
613824705
172630485
231760584
138245706
107842365
357018642
805231746
603214875
635012874
203475681
104783625
601832745
267041835
502417683
427630185
476250138
128053746
548163207
401723685
287014563
125067843
834710562
806743215
762410853
258630471
317826504
462015378
384075216
304185726
805231746
108432756
524018376
273051846
123870645
583210746
103852764
832065471
263014875
408372165
142836507
582473106
103847265
671042385
234085176
104273856
806412735
683271405
843760251
483576201
154720638
701864523
374180265
203864715
784512603
741680523
143725806
345078162
723846105
281063547
315260784
803621475
436120875
487325601
105742368
234716508
781342605
284560371
145720683
421850736
137048256
206184375
684021735
713256408
124053876
813724605
413785206
576024318
316254807
802745136
305241786
423685107
182073654
834210765
206183745
203475168
614275803
314075682
162074538
134782605
612580743
501832647
107524368
502387146
142850736
346081725
123065847
358241706
235460718
304125876
374180265
126438705
