162053874
164857302
364025187
503172684
486051732
384025761
137648205
273485601
283670415
213056784
453127608
713240685
231840765
814073265
612753804
837065241
302816754
401287653
102863754
508172436
381074256
301645782
734820615
134280756
805136274
307542816
813064275
152340786
852610734
853140762
621748503
308416275
364812705
254067318
714352806
826374105
734056821
617054832
736045821
843012657
243860175
125048763
402735618
815047362
748150326
123084765
231067854
317640852
283164705
435726801
475038162
172035648
625018437
105674382
603284157
214350876
203168745
285734601
123078654
783150642
248130765
206173548
378520416
725041638
342150678
524376108
813056274
714350862
781035246
206743185
604517238
235061748
674153802
801637524
682015743
348217605
361857402
103762485
512076834
821063745
627480513
231540867
376280514
281075463
851036742
612847503
872051346
125740386
816047325
508243176
235780416
123670854
263157804
142063875
782350416
407163528
286034157
485170623
234675801
305178462
738210546
803516742
324015876
623140785
283640175
302148576
361285704
521860347
405286137
134862705
813240657
753028164
462783105
485730621
136724508
326081754
846721305
571468203
612075438
134725608
583264701
873615204
483750612
814036752
186734502
436712508
423156708
413750628
803165742
208143765
816073254
235046718
213780564
123645807
263071584
346178205
425036187
703124865
124376805
681430275
582170436
805237641
206148735
245061378
258140376
408621375
163254807
462713508
674180325
578123604
135426807
104738265
158243607
182350746
471230865
813745602
521780463
268031745
286170354
724681305
783652401
835672104
643710258
871023564
382150647
362041875
186250374
823614705
703182546
861340752
102384765
142856703
283045176
502437618
804176523
826740315
184635207
563087412
234058671
102863754
314028765
812560473
167084325
258063471
871345602
184652307
843250176
172084365
135472806
271068435
235041867
283460157
513026874
165432807
834017265
103726584
815026374
806217543
206834517
841023765
863710425
273041865
861230754
324150687
154830762
203167854
138074625
106537284
614250873
102853746
142583706
815246703
132450786
263415708
247830165
813056274
218760534
263580714
142063758
283160547
761034582
352180746
623457801
134260857
134078526
712843506
412675803
473680215
243076815
813025746
243657801
578320146
537680214
234175608
681425703
374025816
203814675
712083465
637852104
702648531
248751603
136720584
235014876
521063784
814760325
812456703
812063475
605312847
813064752
713480256
842650317
403612875
715430862
402183765
802517436
764320158
304162875
836571204
534180672
146032875
803415762
506831724
561083472
103425876
134082765
425073861
135720648
328014657
871042563
564132807
503678241
426830751
718230645
684025137
801456723
213068547
301854276
641230875
501824376
134758602
712530864
745320168
376021485
476031285
253086714
728061543
532086714
716580324
305842716
481235607
103576284
103825746
751243608
514238706
451823706
103427865
581423706
458360127
403186725
183562407
104732685
426075183
481573206
235086417
134850726
104832765
361240758
482716503
204153876
837614205
601754832
402175638
104735628
283056174
302874615
182740635
103264785
128735604
801374625
283145706
423075681
816035742
183045726
408275316
184652307
256780341
524160387
358146702
632071584
652130874
812053674
571024386
234670815
136478205
264013785
413820765
134860752
863750241
801725643
325074168
564370281
531084726
204356718
763120845
475013286
704261835
123780546
612840537
651847203
138750642
801423675
825036417
831276504
803216754
361748502
204136875
102573468
832045176
268145703
312457608
762084153
835416207
802153476
683742501
813547206
864021753
801732645
257046831
803215746
105842763
803267154
286453701
134670852
436025187
703621458
628051437
813025746
254130687
704231685
506814237
682073145
102385467
241563708
235140876
368240157
102743685
203158764
702581436
834250716
103748625
182530764
714380652
854037261
873245601
608714532
712063584
182063745
238610754
142830657
358721406
342156708
124658703
701243685
104856372
623175804
237150468
207318654
614072385
374850261
413870625
275863104
853214706
407325861
102384765
145230876
613058724
501862743
502648137
701463285
734082615
581260743
741268305
215734806
865412307
516472308
405817263
248730615
617052384
527013684
134862705
817234605
857012643
381056742
307482651
412078635
753842106
813024765
305427186
325146708
254017863
361724508
841720653
673025148
163820745
172453608
134780652
304182765
213548706
348015276
286130574
714325608
138520764
134860527
268145703
145083726
203586741
234761805
726130458
813064275
304162875
841052376
134082765
134025876
123056874
314670582
513286407
384025617
136850427
136240758
258073641
801453276
813246507
248163705
134862705
463825107
571820463
834015276
123086754
615240378
401362758
742816503
408132765
782041635
152680743
816037524
143025786
267013845
854013726
123064875
584210763
164785302
874356201
147063852
203684175
713084652
678130542
123780654
248035617
103624875
486235701
742583601
632057418
234875106
246730518
583714206
506824317
513420876
358714206
681025734
681324705
142863705
103284675
134580627
603274185
203871564
265013874
614852307
286013745
634082175
783450621
125368407
153284607
834615207
831046752
241830567
238175406
128650437
127064853
307864215
613825407
213850476
816320754
301574286
134072685
873164205
123750486
384250761
374820516
284760531
106837452
603472815
712038645
324015876
183065274
134785206
136084725
516347802
638450172
601782453
624810753
234018765
602713854
761835402
541860372
123786504
582610743
652147803
841230765
127053648
283065147
803126745
206138754
204165738
754081623
314280765
702683154
512648307
831024567
821734605
671042538
274016853
341856702
635178402
208573146
642513708
123075648
205843617
781624305
247016835
135476208
102345876
104253867
356187204
802314567
204158736
364815207
682430715
736051824
861720543
163024785
134086275
873021546
841063275
407826351
803621754
125860743
104238675
703416852
523617408
305284716
813075642
271053864
123840765
208635174
603824751
186347502
138750642
785430612
145826307
103784652
178452603
352168407
104752638
263145807
137462805
601847523
103526487
104637528
605723148
712540836
123075648
123058764
742180356
543270186
234568107
128056347
703582164
142863705
802713456
154026873
386074215
215380476
247035168
375426801
103428675
132086745
583012764
162783504
102875463
136287405
702615483
301645827
284067513
123786504
524380167
203865741
601573284
346051278
745086312
824635107
354160872
234816705
205316874
814036527
285647103
823651704
405713826
102745638
364850217
781240635
841357602
285730614
801723465
372815406
843761205
502183467
713064582
364850217
173250684
523870146
815230476
253084176
856310472
203187564
437086215
408653217
234780561
601834275
104578632
831742605
128546307
741863205
475610832
234087516
123560874
847015236
103826754
834210765
123078654
632574108
345087612
134782605
215370846
485230617
387215406
364210857
813720654
263450187
524187603
631850724
603784251
356124807
536148702
603514827
746258301
618435702
305247168
743165802
714820653
102784356
247061853
163574802
152086734
813240765
751243608
234517608
105348276
758361402
134820765
473018625
624310578
283145706
714683205
581740263
268013754
462085173
248063175
103826754
283740615
403127685
781250643
304627851
723064851
762130485
421083576
301642875
208463157
713085246
712530486
103284756
102864735
216850743
364170528
128740653
482130765
851273604
125083764
713624805
648720531
607531284
435260178
278541603
457120863
186423705
143820756
712350846
273540186
132076854
146083275
702186354
162853704
768415203
103562478
264718503
768054312
156370482
123657804
123570846
813720654
305172864
542073186
405813762
531860274
814062753
413625807
365014728
516832704
402685713
273840165
213786405
701532864
821630574
712038564
152743608
607312485
307865124
814075623
234160875
823071645
401362875
143285706
803712654
287150643
856320417
153846702
842731605
841063527
302814765
154370862
203145687
832140657
125086437
354820176
283754106
604328175
378254601
241850637
482063175
725183406
812730564
386145702
832150674
123465708
813520476
805124376
287130546
127064853
534172806
203185746
512083764
207631845
703826514
481053276
731082465
203146857
713024685
841065237
102563487
203174685
106358427
561038742
304672581
702163854
681270543
612380547
501478326
601783425
134785206
542687103
852046173
156830724
238076154
102437685
623140857
123045876
602841573
324815706
346852701
418230765
564230178
208314765
803146527
365740182
603715248
214630875
123478605
306871524
831754602
102675384
836421705
816754302
802513467
103674852
534617208
204178635
263850741
124380765
705321846
831074652
453826701
456172308
684537102
648237105
143028765
237610584
102456783
351062784
842075613
103724685
205146873
348260175
683245701
783054612
728051463
182745603
813657204
803214765
162840735
863120754
871430652
783014562
831742605
657240831
153067842
816340257
128730645
603827415
203485176
745620831
314652807
526087413
154076328
548023176
307628451
642150873
254180673
462081753
106584723
431865702
261048735
285074316
326810754
183624705
372450861
803725146
608173254
642830751
407123865
123645807
108762453
385012746
823760541
248013765
637541802
674238105
124350867
286314705
316840527
784132605
673845201
258043176
134768205
103528476
103824765
173824605
235180746
501762348
403281765
135728604
481036527
152430876
304278615
501273846
823561407
273054618
735810462
823740516
231687405
384012765
365214807
403286175
102456837
135864702
456832701
802714365
713245608
674058312
306871524
256130847
463075182
238460751
234860715
456210387
201873465
273586401
308164752
714530826
836052714
306184725
761350284
301846275
812734506
276034185
374180652
641230758
813465702
148520736
608431275
821763405
623840175
204375861
813064275
304175628
318620754
807234516
701528643
813240765
174320658
345270681
837051246
841760523
256130847
418250736
283145706
815024736
182673504
813547206
283740615
614075328
302154687
