204138765
142063875
273140685
502416873
134820765
203164875
837651204
134065827
236154807
134862705
203176584
132087465
385472106
138652407
342170685
673150428
284031765
302157648
174530862
762083514
814035726
345186702
265481307
234860715
861023754
813672504
152380764
713058264
672143805
102873645
835210746
403185276
734081265
134860752
812740653
135086724
346152807
102743685
237160854
103675248
682730514
748562103
123748506
416257803
123860754
813250746
846230175
406753218
102643875
203168745
182734605
245130786
584021763
682145703
832610574
352046187
304182765
152830746
106735824
861043257
813240765
162850743
134675208
134860752
813045762
462015837
103754628
203684175
871042563
162073584
273640815
803621475
135640872
123674805
203184765
583164207
304125876
284031765
813260754
608723541
803215746
302154876
102843765
403286175
134620875
263048175
273154806
732018654
472150638
614820735
172650843
142078653
102673854
283475106
208354716
812674503
123650784
135472806
106532874
634017258
324567108
406173582
364125807
123780654
812065743
843026715
318265704
276083514
813674205
246130875
813740625
147032685
142673805
612380475
814067523
432016857
714638502
803716524
302165487
281630475
152780634
104625873
783520416
128350764
582140763
146850723
142830765
415370862
813756402
602413875
304172685
263814705
123085746
623471805
716052483
102547683
283750416
123075648
813752604
736250148
813260754
346520187
182745603
103845276
103624875
125083764
812463705
104632875
123576804
813250746
602417538
273016584
304162875
203745186
812760543
651023847
803514726
423078561
123560487
107634582
123674805
203861754
823156407
651720843
513260748
208643175
123046857
142673805
402183765
123850746
482150736
278031465
108732465
713680524
248035176
104825763
402315786
824135706
103864752
703214685
813025746
862317504
741582603
813064275
813564207
503821764
483120675
123785406
703148652
635128704
102843765
236154807
102764538
304182765
834250716
283640175
713025864
382047615
124038765
103627854
248075316
481750362
142780536
123056874
861530742
245163807
531082764
742081653
125740386
123740685
103824765
618032574
814720635
813450276
205743816
134025687
814325706
102863754
248016375
152864703
342185706
153246807
364125807
153840726
304285176
347250618
801643752
803452176
713024685
613274805
204637815
304821765
283140765
203184765
712834605
683047152
853140627
813764502
865270143
715642803
263150784
812560734
102843765
502314876
203864715
283064175
601273854
103748625
138245706
152036874
603218574
125830476
842671305
306157842
134620875
128653704
173840625
342176805
824076513
123840765
124385706
835210746
347160852
781042653
273150864
813670254
205134876
364810275
608712354
123678504
804235716
102643875
715043286
304682175
263187405
572043168
153064827
123657804
823610475
382017654
734085162
803516274
742310685
703145628
472160583
234160875
123758604
863075124
613852704
163074825
583216704
308125746
305182746
134860752
831254706
723860451
147083625
273158604
784031625
482710653
723481605
134672805
641273805
482013765
281034675
874150263
612430875
163078452
123645807
258143706
142785306
834256701
102643587
318764205
602174538
201763485
841720653
734810265
613827504
253071864
462357108
236018754
845671203
284350167
307124685
438150726
621743805
852016743
234165807
123864705
172840653
736810254
234085176
603217854
123678504
835140726
104328765
102743685
153740286
287613504
173084625
402316875
812573604
801243765
106834725
712435608
823754601
281063754
203175648
103526748
283160547
124380765
832016754
102753486
123758604
608257143
134856702
812530674
123056874
203418765
425713608
134786502
812456703
748032615
851760324
603421875
162075483
781250643
463180752
734610258
612430875
438720615
124036875
813024765
123085746
234078615
203145768
605243817
136524807
812760543
842130756
203164875
734216805
301258764
238671405
341825706
182730546
142635807
827140536
103875642
854316207
237180645
627410853
345026187
482135706
613024875
462013875
264370851
136520487
813724605
276154308
138640527
234078615
135840762
712056843
103876524
672483105
134870625
128073456
812053746
103864752
861023754
742310685
413860275
802713645
475038216
203764185
513026874
123064875
123570846
103527684
135470286
123657804
826173405
138062574
812053746
123860754
812370465
503426187
205184736
851230746
135267408
814025376
123780654
283710654
723541608
142350876
672180354
428610753
123784605
823170654
152043876
483025716
208163754
821740563
102863754
123840765
802613475
123056874
142065378
802416753
423150786
326871405
503284176
813245706
681740352
602178435
365210874
835426701
842015376
283640175
287130546
123864705
712580463
305142876
713064825
203178654
205813674
301654872
145083267
103674852
102845736
348261705
103425876
263015847
836210754
728130465
628713405
284730651
302154768
354182706
782430165
425380176
248735601
234170685
708613254
136520874
302648517
134025687
218673504
641823705
284031765
835210746
305174682
318064725
123645807
135028764
257483601
203168574
304268175
854736201
834012675
123460857
162045387
273560148
206314875
486075132
705132684
105842763
103728654
814035267
813245706
702681453
258130746
342068175
846310527
207134865
863274105
203156874
413578206
103627485
126037584
364758102
123856704
601843725
284015376
243750186
124368705
237160854
142835706
235186704
384712605
345028176
142730685
142350876
871630254
713450826
102743685
134725608
105342786
102853746
613825407
782061534
206785314
315672804
172634805
305841276
841267503
412850637
814053762
613048275
812035764
123740685
234018765
102658743
623710485
134782605
813750426
803415276
273150864
273014685
162435708
305624871
814320765
423076185
203164875
203874165
583016274
813240765
134620875
173820654
345126807
312580764
283745601
142856703
472013685
261730548
283015746
235017864
146823507
136520874
306175248
123570846
142657803
834610275
162057438
258473106
142085736
357120684
782610453
314075682
236015874
857430261
813026754
203186754
142083765
102835647
123850746
834061275
712560843
304862715
402175638
102846753
815720643
263074185
748023651
284165703
836420751
263180574
813026754
236014785
461873205
324671805
708162543
124356708
813720465
734620185
173084625
256370841
712458603
214370865
142830765
734610825
485260713
418230765
142670853
613024875
512630487
402861375
123860754
123758604
852163704
283164705
245130786
803452176
572143608
735061284
123645807
123064875
105236487
802715634
783041265
831650742
163028754
263157804
123564807
102843576
485713206
123084765
413820765
632810754
247083165
253170684
107263854
123785406
871540632
162830754
803214765
264053187
812034567
813245706
283056174
402167853
148730652
713428605
273018654
352074186
502183746
142067853
873610524
842350716
462053178
132047685
105236487
843250761
605213874
136780542
804352716
102743685
613025847
712043685
162874503
842315706
427018635
102853746
612043875
243675108
762580143
856123407
173082654
203715468
123786504
142650837
403267185
208713654
162073845
236041758
765028134
701852364
243165708
236175804
134082765
123856704
671820543
613274805
235670841
108327654
682730514
183240756
713624805
234710865
143850276
621830475
312758604
862713405
502183746
134850726
103854726
123047658
123864705
482013765
138760524
803265147
713058264
103728654
276813504
126438705
234150867
706132854
321540876
243816507
702613845
123786504
123876405
134082765
831657402
134675208
472615308
615387402
874320615
234780615
702846513
803214765
104632875
145723608
135048726
678315204
273014685
812570643
123078465
823710564
234017685
123086754
683014275
123085467
741230685
102753486
831526704
103824765
135742608
712680543
142635807
103824765
103728546
803714625
164730528
742310685
873640125
423718605
136572804
135042876
408327615
174832605
803216754
612435807
841073625
412735806
123860754
813024765
203487165
863751204
536071284
613824705
413827605
481620375
134072568
812743605
678324105
164570832
428653107
834071625
152473806
245781306
103725486
203861754
105732648
472130685
682015743
236054871
604372185
142863705
481762503
156430827
412053876
803716524
742065813
326540178
135082746
342185706
243687105
143285706
862340571
173820654
713068524
475638201
273160584
273410658
134027865
813064275
208647153
134825706
783160524
804731625
203174568
342875106
134072685
245036817
641082375
812064573
203465187
263157804
237164805
803214765
835061247
813245706
304816725
152046837
236078514
102846753
162574308
103274865
135820746
182045376
208163547
286473105
482710536
703618524
203415786
134670852
845032617
106852743
812045736
812074653
614370852
134820765
236078514
134560872
234860157
203184765
241783506
142863705
782061453
364258701
873026514
546120873
305142687
203185746
345016278
783014625
718340256
601753248
234160758
254160378
425130876
173840562
208641573
418723605
368124507
103824765
123758604
182476503
617052384
813674205
136024875
285714306
372180645
413025876
482360157
713024685
105836724
804712635
162783504
602134875
723064185
142830765
273460185
134862705
352180746
813264705
402513876
263140875
102843765
431028765
751630428
123784605
348065217
105627438
235014687
762418503
281075346
134072685
803215746
804132675
305182746
243170865
613270854
723058614
814073526
364215708
632810547
102843765
281473506
835742106
583216704
438156702
713024685
284160573
813526407
108423765
104526378
134025687
704632185
283760514
142073685
103824765
603712584
142073685
142780653
712483605
134670852
102643875
435178206
816032754
612045837
135842706
102784635
134672805
348260175
702813465
803214765
345186702
203874165
148620753
813750426
781034652
234085176
245013786
234867105
302148765
156043827
623810745
617083425
413825706
148056372
134082765
283056741
123745608
814356702
237164805
423185706
152840376
123758604
153824706
283160754
835420716
152860734
304271658
235148706
162074853
376024158
268153704
783156402
145360287
104785263
125034687
745061382
864713502
623078514
456083271
203754816
138074625
351042876
812536704
712483605
127546803
623871504
102453876
273610854
854230176
613074285
