012843765
830751246
714682053
142375086
136802754
813206754
042183765
142703685
283674015
283105746
134862075
813702654
234165870
082613754
834201765
810243765
042173685
013724685
013825746
813245760
062183754
013427865
243105876
123804765
123805746
260138754
135826740
234708615
182703654
243506187
082714653
162803754
023145768
263187450
013865724
243815076
012853746
135702486
042653187
235146870
280143765
120843765
234105786
134782650
162853074
135826740
120843765
134802765
123786054
123784065
123785460
283145760
283104765
783612540
280143765
134802765
613824075
123845760
123784065
813605247
734108625
813264750
870132654
123845760
162834075
123845760
813264075
034218765
482713065
143785062
283164075
813724065
834615270
713604825
123645087
813724065
273104685
623804175
142703685
120843765
283714065
830214765
834215760
630214875
130824765
814602753
135826074
123704685
813672540
134275860
234165087
123784065
123705648
283104765
170832645
120853746
134825760
432105876
236108754
123745680
812743065
023184765
813204765
013825746
142783065
835206714
813725046
821703654
283105746
280143765
162503874
162853074
124805376
123864075
013826754
013824765
436257180
250134687
384205176
230156874
123785046
283164750
013874625
812653740
835721046
830614275
384102765
730164852
123506874
123804765
012843765
283104765
120453876
613804725
023184765
280573146
014835726
083215746
814732065
012863475
234175680
273804165
283105746
234105786
083274615
813256074
123867054
123506487
813256074
130854726
710683524
123604875
813204765
123804765
142803765
182703654
134205768
134625870
130854726
123405876
813604275
013724685
123564870
120853746
432105687
014835726
234108765
123806754
160852743
384105726
613274085
123704685
483105276
130624875
134706258
145783026
123704685
813206754
123864075
813745062
136824750
830214765
123475860
283104765
162803754
234168750
812603754
120843765
236104857
023184765
812403765
283104765
123806754
273604815
610432875
014735286
812463075
160832754
123864075
142603875
268153740
123705486
134725680
263174850
230176584
234107685
684312075
023184765
745382610
120473865
813704625
283164750
162803754
142806753
023145876
013824765
014832765
816435270
435201876
142863750
462103875
814602375
384712065
023164875
273105648
435201876
273108654
023176584
813205746
230164875
123675480
234176850
273145068
082713645
123864750
023184765
182673054
134862750
134862750
162403785
134805726
123704685
123604875
230164875
813726540
142806753
081253746
160832754
013825746
813705426
123604875
154802736
482135760
162803754
813645270
263104758
873104265
384275016
142703685
142605837
130724685
213854076
134207865
123785046
340182765
260143875
123605847
243781065
013845276
123856074
134782650
234168075
156784032
142863075
012853746
123804765
123405876
123605847
253106874
243105876
243156870
138724650
123704685
810742653
142835760
834261750
034162875
814702635
123604875
123856740
023145876
423108765
230185746
136802754
813576024
813245760
120863754
123608574
134802765
814302765
482163750
234108765
123604875
140832765
813264075
851203746
841702653
023176584
123806754
123845760
123475086
142783065
123804765
640271853
014862753
234105786
710243685
120743685
123406857
810734652
142805736
123784065
023184765
813645270
384162075
130728654
813704625
142863750
023184765
023164875
283145760
234156780
013824765
812743065
234185760
812403765
013874625
123745680
812703645
248106753
023167548
134825076
012783654
812703645
142835760
123784065
023165847
120783654
023184765
283104765
123784650
023158764
284735016
723105684
826103475
812504763
134805726
230174685
123576084
281603475
083215746
710253648
235104876
142603875
023164875
123645087
130824765
813204765
134862075
130624875
123407865
123784065
283716054
263104875
123804765
014632875
273516084
240185763
142783065
273104685
034186275
813704625
283106754
023165847
174623085
083715426
123784065
123804765
014732685
817603245
230184765
063824175
234185760
230145876
013824765
813204765
123785046
128463075
813256074
263104875
126738054
142863750
253176840
135802746
384105726
263805417
280143765
230186754
130427865
236175840
123805746
234805176
280163754
812403765
134702685
283104765
130824765
123708654
123845076
230156874
034185726
123864075
123785460
142863075
014328765
134672085
810753642
064312875
123708654
134805726
283745610
142863075
123456870
283405176
340175286
012863754
123804765
142708653
023145876
273614850
123805746
247103685
123804765
134805726
234105786
142803765
016832754
248135760
145863027
123784065
130425876
273148560
130725648
063245187
123804765
123645870
821304765
813702654
812743065
521783046
283105746
013864752
280163754
134205876
813204765
042183765
014835726
142635870
234168750
263145870
023185467
134862075
234708615
162834750
013724685
034125876
120436875
162853740
281463075
135802746
123406857
013728465
123785046
034162875
120843765
283164750
813672054
142783650
130624875
123805746
273184650
160852743
134802765
134602875
423816075
130824765
413275860
120843765
120438765
120763584
134862750
813206754
162783054
120843765
134825076
028143765
120783654
153246870
713624850
123845076
135802746
234185760
145823076
283715046
123704685
134708652
813725046
123605478
135702648
273145680
142786053
120743685
235106847
150843726
613274850
084315726
813726540
123745068
813256074
123784065
123805746
123804765
130826754
123804765
142803765
120843765
350148726
023145876
140835726
830216754
340125876
861402753
230145768
130876524
283104765
123704685
134782065
612403875
243105876
243105876
162834750
240835176
812743065
123845076
713605428
013624875
123856740
123564087
841203765
135826740
164835720
034182765
814302765
682103754
841263075
123804765
123708654
123706584
810643275
134805726
123705486
123804765
281463075
482103765
283704615
123806754
012843765
034185726
230145876
173852640
841735620
012843765
042135876
813204765
234168075
123745680
812704653
234107685
123407865
123805746
142703685
134702685
163804275
230186754
142635870
135842760
013784652
130825746
134825760
142783065
814732065
123604875
342107685
248135076
481502736
134702685
123604875
123745680
341802765
013724685
140632875
120734658
123645870
048162753
048263175
123845760
123804765
280163754
834261750
123706845
042185736
234718650
162803754
163704825
283145760
134672085
123856740
024315876
135846270
134802765
123864075
023175486
123856074
810243765
146203785
123768045
234765018
162784035
082413765
283105746
063281754
435201876
123784065
384715026
123856740
840231765
134625870
240658137
023184765
813206754
128743065
486103752
813206754
234185760
413205768
142863075
812645073
834261750
861203754
283104765
081742536
123784065
162853740
813704625
814736052
170632854
230164875
273158640
823415760
142805736
812746053
136824750
123704685
283104765
182503476
814325760
123704685
813726054
234108765
840235167
028143765
143608275
134602875
423185760
830215746
042183765
154782360
123506874
142803765
813205746
013624875
123804765
123845076
135802746
130264857
034861275
813264750
123786054
123507684
150836724
230184765
023184765
234106875
835216740
130754628
013845276
120843765
240315876
134825760
613204875
123758640
034825716
123864075
120853746
130824765
834215760
162853740
023156874
013524786
130826754
613802754
834701625
123804765
123674085
032761854
013482765
834201765
152803746
123845760
820613754
081253746
280743615
613204875
123708654
136504827
142863750
283105746
234106758
123705648
123784650
263107854
013624875
243815760
283104765
013825746
012843765
173804625
813745620
830712654
062183754
083214765
273104685
045173286
120843765
813264750
378204165
283104765
130824765
130825746
120853746
830714625
073684215
813264075
123805746
740681352
240135786
283104765
863274015
123674085
283104765
274106853
123508764
134782065
283714065
120643875
130624875
263104875
123804765
310862475
813645270
160532874
013824765
830714625
142673850
013826754
283714065
021764835
120653847
283164750
134602875
134862075
234718065
283714065
286403175
034182765
013624875
342701658
683102745
012843765
120345876
438105726
142703685
280143765
173682054
013724685
263104875
813264750
142605837
013825746
830214765
830712654
124308765
123674085
810723654
234185076
023167854
230167854
123864750
834201765
123785046
028763514
813704625
134602875
120843765
128503674
234165087
136802754
134802765
813724650
136805274
123804765
345186072
340871625
130254876
234615078
284301765
034182765
230184765
152806734
812763540
082473615
283145760
036184725
123864075
218703465
014235876
812403765
018463275
130864752
812754630
280743615
135802746
124805763
123856740
283704615
812673045
162403857
710632845
813724065
013872654
263814075
713584260
136824750
134702685
142835076
230186754
023184765
813604275
123604587
123806754
420183765
812745036
034172685
123706584
235174086
082413765
482106753
024138765
138704625
123708465
713625048
162503874
134805726
123674850
234801756
142835076
280713546
812403765
834201765
123745680
812704653
283105746
123604875
123804765
813245076
462835071
142835760
482713065
814652730
012843765
813204765
012845736
081243765
813405276
328105746
134805726
120783654
142603875
841702653
136824075
023185746
023174685
712403685
283104765
123845076
042713865
130864752
123864075
134825760
015832746
130864752
014832765
120843765
123786054
123604875
123405768
123604875
026143875
123467850
014235876
136802754
813726540
013856274
142735680
230174685
814762530
812743065
816352740
814732065
041382765
813745620
023184765
123674085
130854726
014832765
130728654
236705184
063812754
620183754
162304875
120863754
283714065
123856740
814305726
120753486
120834756
120854763
783615420
083715426
123804765
712835460
612403875
614302875
140832765
123804765
813204765
730214685
243105876
812743650
034216875
273108654
813264750
280673154
123856740
136204875
812763540
821703654
123678540
813256074
230184765
235104876
120853746
123645870
162803754
123864075
130825746
123864750
340286715
283714065
123806754
253164870
283104765
813605247
012863754
083712654
123604875
384102765
730614825
851642730
036182754
