142783650
314856270
130427865
861203754
210836754
578264031
048361275
825431076
581732046
680412537
283604175
013754862
781403625
081723546
721438650
213456078
213546870
548203176
134802765
362175084
825701346
713605842
486325017
130472685
132785064
164382750
516807432
510824763
375126480
263105847
375108624
781634052
357481620
836214750
012865743
025831764
651283740
013624587
236108754
153624087
150432687
851243760
162504837
156342870
124385760
356241087
128604735
835102764
628143075
863712054
034182765
826714035
123645087
163724850
780312546
483605217
423108765
041568273
243178065
713208546
264108753
142603875
283105746
834215760
273854610
158304762
512403867
136702584
140835267
035186724
142673085
042318765
136804725
123806475
154832076
263851074
154307862
251703684
421863075
364802715
640813527
860245371
271683540
831406752
123607854
274103586
147682053
126807543
827146530
730814652
451206837
120643587
657308421
324506718
623841075
824106375
217603548
034276851
013785246
340682175
851302764
760243581
428567013
712408536
751802643
657203148
013782564
173604285
847102635
813604275
320147685
273615048
342718650
124503687
134605827
730825164
813705642
850723164
162704853
084316752
834715620
673401528
370128546
710823645
013874256
271863045
163708452
180562374
047235816
140587236
872564031
812605743
024381765
537816042
234816075
160532874
164852073
457132680
642183750
283576014
713248056
830721456
814732650
842536170
783562140
643715820
234108765
560138742
142863075
814532760
083245176
263408175
120673854
485216073
123864750
283706514
530416278
813206754
248605137
482163750
627408513
713206458
123708546
146803752
682703514
237408165
052768134
287305146
230164875
145673028
684102753
123704685
627581430
435106287
813704625
042173856
132605748
360124875
530186274
425803716
814206357
475163820
012864735
871205346
836251074
425178630
281403576
835106742
683145027
123786054
635402178
284601375
823507164
058213746
253604871
725146083
243185670
130485267
680741523
263508147
153802764
018642537
621403857
283106754
085231746
174853620
083461275
180632574
512608473
123604875
085673412
542386017
532106874
036841725
864501327
714632085
248603175
614538072
260173854
387162054
018754326
854723061
128706543
237605481
162403785
082517643
123704685
034186752
825104763
352106847
123607854
780342615
357142860
720483165
385107642
820416753
815426370
860541372
013725648
235476081
248105367
280143765
123784065
136847250
034815276
230185746
450361872
283674150
812763540
621845730
376504182
015432876
682413750
130845762
127608543
482657013
142306785
835701642
283506174
425106837
720463581
243801765
364801752
530714682
271563084
410682753
152306874
385104762
278401563
846715320
682103754
210543768
815204736
580716432
130428756
135472860
834165720
023715468
853701624
481325760
123874560
310685247
825704613
124503876
814356072
173804625
345708162
732184650
310427685
280173456
740263851
073451286
320518764
135467082
250136847
841203765
320546817
326147058
180346752
264783051
164852730
325708614
651403872
074153286
238716450
013827564
142863075
032765418
034825716
540318627
120758634
120673485
813604275
754201638
083267154
023785641
016732584
374608125
723618450
163702854
286104753
674802315
376182054
580362417
317852640
745802136
120783465
234106758
318506724
735682410
826315740
142806753
253684170
764281530
547102836
152803746
123475860
286315047
023785641
235476810
061854372
150743286
721804365
123768045
240738615
820465713
246718035
134675028
051682473
840236751
136487520
014365287
130764258
564308217
263805741
645203781
024381765
283704615
163874250
815264370
682103754
713245680
460183752
835107246
748632015
210873654
713284065
087621534
284103675
810243765
813607254
815706234
128743065
163584270
280153746
142735680
273145068
374286150
362785140
273405168
247615038
142708653
263571084
647832150
654201378
741208536
715403628
038247156
245307186
783142056
021374865
460382175
056247813
840231765
867504132
764153028
835201746
623108754
813706524
283104765
084612375
642137085
426803751
720345861
120473865
813207564
234185760
652781430
134782065
786132054
172846530
762803451
023761584
012586743
061325784
635201847
023157684
042751638
123475860
352186740
472135680
623407185
814356720
042183765
254831067
148623750
235104876
586123740
123804765
215806473
710584236
273804516
634178025
041863275
137604825
237105684
023154867
713602854
015862473
124805376
738641025
816743052
145703286
150832746
016832754
830527164
182734650
412756830
841203765
873215460
025748613
721403658
213805764
425137068
130458762
480527163
821705643
243106578
162734580
846315027
672431085
062378514
613804725
024837651
120846753
620874513
327805614
718603254
641807523
361782054
186723054
415326087
138702546
148623750
283714065
123604587
621708435
023416758
130674528
731682054
823604157
825104763
264581073
710238645
034185726
183742065
012678453
061354782
152476038
382106745
473805162
123456870
540831276
780263541
230784615
162305847
134875062
235647081
672513840
430721865
146832075
834126075
413586027
620841735
123504867
283705416
714235086
013674285
235407816
651203847
284315760
017682453
234107685
623174058
025863714
123564087
140276835
613824075
134785260
620137854
162853074
015832746
231784650
034286715
783421560
681534720
248135760
681542730
145302786
560213847
781645320
123506874
710623485
814325760
816243075
056341728
548306721
834261750
238601754
124305786
280154763
134728560
310854762
723184056
134862075
754812036
863245170
261873540
473605128
152746083
240315687
524168073
017284365
168327540
046213875
843605271
283714065
812763054
160823574
013724685
835107624
023164875
634182075
135874026
243601875
832705641
142835760
230564817
130827564
283706514
052163478
810253746
813724650
756824130
823601475
173645280
456302187
170843625
152483670
418205736
483612075
012735846
476105328
078431562
874302615
645801723
063814725
748201635
813507246
851364270
127403685
165708234
015362487
352104768
243805716
314205786
813704625
821304765
320415876
617803254
672804135
432807156
814723056
437102685
731205684
013824765
345287610
582103467
180764352
140723658
381745620
634215087
245307186
215306874
123576840
081243765
580714362
013872654
840612375
375208164
364871025
273608514
276508143
812743650
470851632
147683250
082645173
230548176
173602584
712658034
048375126
782301654
830126457
120763458
125483076
042165837
123785046
326571084
130275846
546217083
834207615
280643175
052413678
035126748
325184076
034275168
132806457
134782650
038175642
853247160
036758142
781253064
613542780
231604875
481507632
723104865
451876230
345167082
027134658
810243576
650173482
512603874
168247053
083214765
013754286
024185376
150437862
314872650
413267850
253104867
071684253
012674583
230168745
031658274
576831024
150436827
546103827
540821673
123705486
453206187
123704685
824105736
256137840
430867215
472603815
476802135
120863754
673501824
843706251
075348261
170862543
812756340
345127680
243615087
148325760
142675380
072316854
062413875
423108765
086243175
120863754
683104752
847106253
140356782
130872546
521806734
642185037
813204765
813204765
632857410
410863275
521807643
123506874
834201765
780152634
364278015
135407862
758304126
051284736
071253486
123845760
034681572
123704685
082653174
518203467
123745068
230167854
316724085
461325870
862457130
134687025
365128047
173204865
230174685
712503864
254107386
324165780
023157846
813605247
648713052
013824765
658743012
345608271
425316078
634108752
823701564
132806574
028671534
314265870
382604715
012843765
538601742
540837261
861723054
026541738
036152874
061743852
213504687
013724685
873602541
584106372
420516837
514802637
610752843
130725648
871453620
045312768
613204587
617508234
730286541
123645870
248735061
621845730
130826754
482716053
863714025
034815276
360872154
254103768
516324870
723801546
170452683
862741035
123864750
124308765
254706138
074312685
831502674
871205346
053216748
014378562
458206731
162783540
580412736
243167085
231708465
716324058
860735214
184653720
713604825
834607251
623815740
138752064
328164750
825746130
541208763
162745380
862305741
374105628
230164758
186573024
236154087
253817046
761403285
430821567
570862413
083761254
812534670
857204136
152703486
472863015
612508743
028673154
314206758
351428760
812435076
850743261
284603157
842715630
157624038
136702584
180356724
246801753
147208563
420587613
862731054
650327841
148635072
143768052
813207564
237546810
142673850
061824735
036425871
324607851
830621475
612837045
081462753
150738462
637812045
380746215
243605781
761502843
250486173
012453876
825463710
283501476
241835670
164872035
645803712
547306128
783612054
652813074
145307826
840721653
013624587
827513064
172503684
486153720
842567013
083214765
210465837
734621085
835216740
715208436
742803561
614752083
173206548
671403825
184703625
813764052
781504362
043215876
712504836
075328641
281703564
234106875
681423570
173608254
725413086
148325760
713402658
572801364
734805216
123784065
256143870
034617258
846527310
340215786
152764038
413856072
475862013
146807532
614802735
240758163
248703615
750648132
647253810
263107854
316207458
384125760
351802746
813724650
784132065
643105827
438712650
083216754
782135064
064385217
642375180
734185620
268703451
280516743
470651382
485236170
423805176
683451027
283164075
138602745
231678540
042781365
147803625
083742615
283147065
642807153
831702645
523847016
431208765
263104875
028734651
052183746
012673854
413782065
825603714
810674235
168274350
582436170
124356078
360152874
132845670
236507814
876215340
023875614
830245761
018724653
715824063
713602854
028164735
064123587
634157280
162783054
234657018
340716528
170832456
825301764
273158064
364587012
418735620
243705186
081467352
326548170
572608143
076452183
264308715
063782415
834205716
123786540
013724856
014835672
783104625
234568170
283164075
142783065
512783064
283714065
364208175
820134576
867104352
034821657
684305217
028431765
835412076
281403765
183402765
123805746
084362175
134602875
270143685
123604875
210764835
