831042765
613820754
134860752
283160754
103825746
643720185
123840765
104235876
304162875
781023654
834015276
134062875
142083765
234085176
123058764
205136784
203184765
426150873
236184705
123740685
234785601
134860752
364157802
832071654
842731605
123784605
345018726
134820765
123064875
104832765
813045276
682153704
123860754
135820746
413025876
813724605
203164875
781023654
142786503
102873564
283674105
812634705
812430765
314270685
102835764
164520873
108423765
812043765
861245703
136074528
713024685
102753648
812063754
123084765
123074685
123576804
123864705
384012765
812730645
203186754
263145807
123784605
123856704
423185706
123840765
134820765
803621754
142860753
103825746
283164705
123645807
461830275
234016875
425130876
134825706
637814502
103724685
203864715
123864705
283045176
134780652
304125876
128043765
123064875
803215746
138562704
102843765
142063875
813752604
812065743
801743625
813245706
123560874
283014765
102843765
123864705
124036875
841072536
283014765
103826754
263174805
301265784
821073654
123856704
123084765
254130876
814056372
821730654
285134706
104835726
814036752
102853746
612043875
813024765
713245608
103624875
283164705
831420765
814032765
813720546
412053876
103754628
123864705
183754602
134862705
162783504
304182765
208143765
103724685
103824765
603214875
142730685
142783605
123084765
813674205
135720648
162083754
102567843
123560874
123078654
123058764
123074685
234850176
123084765
834061275
123640875
124038765
162570843
703218654
273158604
813260754
824375106
123860754
123084765
145830726
123845706
803214765
203184765
123784605
102643875
703184625
102843765
138072654
103827564
123750486
142083765
204136875
235180746
235740186
613074285
714068325
134820765
123670485
203184765
813074625
123547806
123580476
123640875
123856704
813264705
142830765
283014765
203784615
723081654
812043765
234715806
128760543
813074625
145830726
142670853
105432876
263174805
123784605
234018765
134056872
123086754
741063825
834025716
863274105
781032645
802613754
204738615
123064875
814032765
123674805
164830725
841235706
206813547
701638542
402183765
123470865
103425876
183740265
102843765
713028654
248163705
103826754
814620375
812435706
142730685
283014765
124057863
134785206
801263754
837120654
184720653
123840765
812043765
135820746
123864705
123856704
123086754
123475806
806721543
172640583
237160854
136082754
345172806
123056874
543160872
123075486
102863754
803712654
203861754
103825746
834260751
204736185
813074625
861023754
602415837
613824705
123674805
142783605
123450876
135460827
803216754
812746503
134067852
123058764
613824705
384712605
148052736
834021765
203164875
134820765
206153784
123084765
123075486
123864705
234710658
123048675
816732504
423180765
712035468
123845706
208163754
135620847
813024765
543280167
712043685
123864705
123074568
823064715
801526743
123650847
103826754
713258604
123780654
142860753
123078654
802613754
273158604
801546273
103824765
123784605
813024765
234016875
123740685
823415706
412053687
234176805
205134876
145836702
123074685
142830765
123085746
813760524
234165807
103725648
234718605
173825406
723084615
103624875
123678504
203186754
203184765
102453876
623180754
134672805
713028654
623140857
106852743
813640275
623087154
364815207
803614275
123760584
102843765
803712654
162048753
123750648
104732685
123078654
283140765
781062543
253170846
142073685
123784605
203185746
152473806
142783605
134062875
123084765
162834705
103824765
208143765
142863705
306182754
123864705
123640875
105832746
628043175
103874625
203164875
123840765
142863705
402163875
283160754
134782605
283145706
152780463
123740685
142783605
803712654
823710645
283140765
813245706
102843765
283164705
812073564
103624875
134850726
234150678
813720654
137620854
134862705
352147608
123845706
482130765
123560874
283074615
713680524
142735608
142835706
813724605
283074615
612043875
103826754
304162875
123780654
346175802
134082765
123864705
304175286
712053648
718320654
162034875
103425876
123645807
814036752
801462753
812763504
123850746
203861754
801243765
134560872
123780465
172863504
106852743
254130876
304182765
283140765
142075638
142083765
305216847
204136875
813264705
142785306
142783605
812435706
782613405
102853746
608213754
203175648
102843765
813674205
123748506
234185706
123670854
304218765
163840275
103826754
245130786
123064875
142780653
123045876
816720534
712483605
802416753
283164705
234685107
813024765
413780265
203158764
283074615
102845736
102853746
203164875
105432876
304125876
147063852
123780465
182073654
124036875
162083754
813024765
123856704
713258604
123784605
102673485
813024765
123864705
263145807
163084752
841072653
123064875
123045876
837620514
801243765
123750648
108734625
613240875
813045276
603274185
234160875
123086754
102643875
812456703
813720654
142670853
123840765
306182754
123540867
802413765
234160875
123840765
234078615
123076584
142830765
836240715
102756438
301684752
813724605
103564872
602184735
283140765
713628504
813025746
283710654
123864705
613027854
283714605
203815476
682130754
123084765
123074685
813245706
203185746
102853746
283640175
812673405
123064875
103427865
713526804
283140765
234718605
123450876
814325706
138720654
284031765
682053174
713024685
123840765
103624875
813720546
204176853
103826754
123064875
162530874
813052764
123840765
781024635
134820765
234160875
134865207
134862705
803256174
814732605
134820765
102746583
152473806
283014765
126043875
123856704
123645807
135082746
142083765
803256174
203184765
702815643
813725406
123085746
834021765
603214875
601432875
134862705
123780654
813750426
814062753
834261705
123045687
803724165
613027854
123074685
142863705
384012765
142830765
132874605
276013854
814652703
482713605
813674205
813072654
103826754
123084765
342160758
172653804
613027854
162845703
153084726
816032754
128743605
234185706
134560872
603214875
413025876
203184765
142783605
203186754
123745608
283674105
208613574
813074625
813264705
103425876
152843706
801723654
104735286
234015786
136820754
813065472
237160854
203164875
603215847
803214765
247130685
142083765
123860754
812743605
235140876
234685107
823174605
162830754
283145706
123864705
862510374
602178543
123840765
304178652
135072486
162053874
134062875
123780654
642310875
103826754
704326185
813245706
182730654
123840765
123075648
802413765
135842706
135042876
203146857
162083754
812653704
104832765
135426807
145083726
123064875
123850746
123678504
103726584
123856704
123845706
162853704
173082654
134825706
123845706
283145706
803715426
103724685
782513604
801243765
812053746
703182654
283160754
374120685
813064275
462173805
821073654
314025786
152830746
304186752
152864703
812063754
123075648
612083574
812073456
142083765
305142876
234176805
714382605
123475806
413025768
402158763
102356874
154732608
801723654
234015786
482160753
203185746
612047853
127053648
814032765
143650287
813064752
283016754
813540726
102645837
173084625
102843765
234180765
103682754
103824765
283140765
136082754
234180765
813240765
812053674
123064875
182750643
163084752
123845706
814032765
482713605
812734506
203684175
283016754
608213754
123860754
851236704
104732685
423085176
217063854
123784605
812547603
234150786
123840765
203184765
123756408
123078654
134082765
814732605
205136847
813024765
134670852
435216807
234017856
103724685
123074685
123057684
134750286
142835706
134785206
243175806
123064875
613274805
104832765
304185726
234180765
203154786
103864275
134780652
173586204
102843765
813240765
203184765
701283654
841730625
123064875
142863705
208713654
813045762
203184765
134786502
263057184
142635807
204315768
263014875
268130754
814362705
812043765
135420687
162573804
182734605
134850726
123064875
345126807
134062875
162853704
813256704
283045176
258130746
235174806
103826754
142835706
123064875
123674805
102863754
324015768
135420876
105832746
283145706
123064875
803215746
182740563
123864705
123084765
102453876
203184765
123084765
136820754
613240875
384250176
813720546
105832746
123650847
203175864
236058174
835216704
234018765
142086753
247183605
346150872
153274806
283145706
613870524
803714625
203184765
701358642
283467105
283014765
803214765
283164705
713645802
813062574
713245608
123586407
134085726
135082746
283140765
123074685
134670852
123064875
103724685
861350724
123056874
134720685
861230754
123560874
263140875
123845706
203174685
162053874
135082746
283014765
123674805
812043765
813240765
612843705
384710265
123840765
803214765
863024175
283164705
815036724
134820765
813750264
123086754
123086754
234185706
134820765
803714625
471325608
103825746
801643275
134820765
274130865
153824706
123674805
803214765
803216754
423185706
123670854
402163875
834610275
123784605
783140625
123856704
103824765
268153704
814052736
134082765
812043765
813724605
142035876
123840765
123784605
402186753
713024685
283470165
102863475
138720654
134086752
603214875
823041765
801263754
124780635
123784605
602183754
802731654
204138765
134782605
834720165
462130875
803654217
283056174
812743605
243170865
134860752
134075628
142083765
728641503
134620875
208743615
134860752
123845706
812063754
812043765
123645807
283071654
134720685
123840765
103854726
836145207
813264705
612470853
385012746
134820765
813750642
134275806
103824765
103824765
203164875
402163875
308246175
104835726
162530874
135820746
613240875
128036745
123784605
723064185
203174685
813025746
134862705
713024685
834061275
102843765
123475806
236180754
208143765
802413765
142063875
134250876
123850746
503124876
102853746
823170465
103826754
173820654
142783605
243067185
704312685
812743605
701623548
123850746
142670853
134620875
814032765
102743685
123864705
254173806
134075628
134850726
203184765
123045876
206813754
416273805
203167854
814720635
812430765
102346857
831746502
104852736
123064587
102843765
135860724
102784635
103824765
102863754
235186704
162853704
841730625
613274805
134082765
123086754
123758604
204135678
362150874
283160754
234165807
813240765
712683504
201483765
123864705
134275806
802174635
263014875
