520173486
316285047
852304176
345208617
124873650
016384752
123607854
426307851
610784352
324701568
674208351
713258640
243106578
214803657
614238570
185643270
340182765
312586470
835461720
536124078
281503467
042135768
637105482
120863547
245307861
067145328
250173846
715302864
670234581
043215687
651704328
381405762
341806752
037641582
074623581
738645012
174583026
637182054
673251480
150643278
674103285
814376250
712834065
853476021
186745320
258713046
546182370
456301278
631405782
145873062
237186450
123867540
540731682
860713542
138602574
572103486
280745163
784531620
136805742
034287165
845621037
047163852
274138065
420861753
013526748
840617352
516203784
346857120
812765043
834217065
468152730
315847260
367812054
085637214
064531827
672308514
857134620
053826174
610372845
164873052
627104835
741302865
514726083
682705341
013825746
024137568
816234057
540732618
630541287
023684751
647203185
260187543
062745183
642783510
851203746
153762048
350728461
327804165
428613075
054286731
165243087
256308471
410578362
621748530
823654017
032461875
327165840
023714658
142835760
453862170
162804357
074621385
375402816
786403215
780413652
035184627
350724681
612305487
861234075
830452176
053167428
061852473
230576148
240175836
617354028
571482630
723801654
762184530
417362850
617534820
170362584
540368217
615283047
623407185
130476258
012843765
612847530
783241650
130427658
624837015
037256184
820163457
863125470
632814750
671203854
574102863
024183756
021536874
162308574
437658021
543802761
210438567
763845012
723154068
358674021
164832057
812645073
516842370
071285364
024315876
170682453
362817450
836201754
218673054
742835610
671245083
846503127
351208647
071435628
487501623
385604217
416527380
173204865
845672310
712503486
816205734
413705286
864302175
271583046
340276851
786503412
214756380
612738054
135482670
342158670
654208173
746538021
240186357
730864512
361702845
061728543
825107364
514203876
245617830
160845723
580274613
123604875
034825167
860453217
210843567
267801534
781623054
145203687
740658231
562178034
728601543
732864150
436175028
413206785
350286174
576238014
063421758
413562087
287563014
825671340
315862074
481352067
816704235
087136524
834205167
480367251
816725034
153864270
243108675
345618072
814302765
732608514
134706582
340165782
412836075
583106742
461203578
478602531
748201635
851603724
713602854
183706542
364702185
013824765
062753841
243608157
026145783
432107865
120843765
256804137
830254671
638425710
815602473
162784350
764503128
456807132
236105748
035287146
063528174
867124530
130546782
382147056
815743260
530174628
712608435
348201576
036875214
840126375
725814360
140562738
416352870
541287063
248751630
842136750
062517834
748602513
235107648
240835761
082613754
138605724
640378152
126354870
813756042
084156327
235147068
234805176
480761325
531724068
281503467
238617054
710235684
620843175
017523486
160425783
460851237
538426170
162835470
416307258
285367014
780641532
785231064
123784065
075328164
013482765
648107532
428601537
413826570
365107824
327145068
517403268
217645083
130756824
314672580
138724065
615407832
063478125
134605827
018357426
316254087
345826071
083416725
074328561
862345710
634125078
675302481
134507826
130486275
530786241
023861475
643578021
124685037
183672045
158406273
874306251
740351826
027658143
253708614
128645730
458302617
058346172
715208364
042583716
851436270
860243175
012457638
820641753
460825137
120387564
328714650
783541260
586172340
860125374
415206738
123604875
230518746
083214765
672534810
685234710
164503827
124785063
048253167
345281760
423185760
640173852
316824057
067845312
038675412
745182360
510263487
318746520
487531260
583206147
082673514
038274165
046378512
368574120
215473860
365207184
721508364
286547031
160823745
026381754
128653740
135608742
071384265
254386017
637514280
715406823
123405876
415207683
534821670
710285643
067182543
427186350
751206384
065217843
371426058
237601845
730258416
451638027
624375081
156437082
238604715
641802375
327605184
721603854
158307642
153804267
036821547
254701836
587312460
152684370
728506431
276403158
018753246
418235076
380742165
748102653
478356120
720613845
582706431
328607541
632157840
263105847
165302874
064135872
264835170
245871630
731504826
412706853
564718032
780246153
087245163
234815670
571236840
036172584
782506134
143675820
670123854
245301876
024351867
674105238
012586437
745301862
863751240
016723854
374851260
783142056
154806372
567108342
480672153
156402873
120438765
014237586
068512734
840621573
123704685
420873165
412835067
572834610
325701486
384205617
152604738
023175486
843201756
128746053
287615043
734685021
375106284
820173654
028765134
152863047
732518046
680741352
512746380
481602375
651283740
468103725
076352148
827314065
263157840
021387546
843602517
642301875
864205173
274508613
480163257
576834120
486375021
830547126
051842736
410826753
782164035
325687041
084372615
172538460
173426850
715603824
854301762
413608257
084763251
634812057
784253160
354861270
721634085
854632071
814305267
341625870
730685241
324105876
640153278
246135870
728536410
421306857
438125076
812673045
280415763
246807351
832605471
510326874
250318476
123845760
734208165
073218546
647123085
071263584
013784652
123765084
716804325
084731256
534106278
283541670
051673824
315726840
236584170
240813765
174325860
374182065
345628170
328164750
278506341
640123875
874135620
732106845
270816435
162573084
821753640
843205176
482506731
236108754
021846573
720146538
041832756
374528610
360257814
314807265
830215746
234865710
521603784
783416520
582107436
081426735
178405632
325148067
214365078
061278534
482701365
631702854
310258476
815307426
780453216
076532184
328147065
120375486
158463027
780241635
136704852
450781263
345687120
723804156
321875460
634102578
028153746
761583042
025813746
254136870
813704625
340218765
460578132
374805126
834501726
710243685
617408532
372845610
730261854
074632185
058142763
420185736
145206783
728461035
056187234
734102658
026813547
058147236
863127054
015274836
038472615
847602153
317826054
248176035
268304517
765128340
083216754
735406128
814302657
034172685
871623045
875264130
610857432
457103682
782351064
310567842
058412367
864107325
280156473
418603752
053184726
534602817
176804235
243106857
358124760
168204753
731805642
324876015
047632158
073251846
261304857
831265740
376285140
870621453
413825760
027568413
013485726
183725640
432508176
238601475
013765842
053812674
147203658
561708432
123804576
735268410
130457826
721683450
413758620
532746810
823705461
185246370
721453068
267103584
240583176
123605847
720461853
518203746
871264350
342701865
386251470
756182034
147803562
364705281
547203168
362801574
056382147
730658421
736201845
140328576
610357428
471258036
240178563
781205364
823106745
042156738
724835160
248601735
073465812
123756048
264538071
825467130
736214058
034672815
357684012
651872043
861347052
341768250
712608543
172804365
235104687
263145087
071583426
534167820
347102658
081763524
320864517
024735168
843761250
042173685
142703685
851306742
317205846
132685470
420183765
085732461
043867152
481602537
143806725
834721065
413607528
635104827
054276813
461583270
730625481
185742360
678503412
824607153
527306184
428501736
270863154
835602741
854703162
138205746
314678025
365208714
462853017
246108735
834256710
240687135
432801765
037245186
716308254
072843615
812456730
240351786
124807653
231745680
023718564
853467012
243615870
216378540
856341027
073245681
265403178
340216875
037152846
813705426
347816520
713468052
835702461
463205817
034851672
136845072
470182653
427813650
162407835
852601347
043175268
218473065
625304817
741602538
316704825
324168057
263407581
013825674
250486731
716308542
035248176
643705812
682103754
123864750
340752681
178345026
123804576
078516342
538614270
136782054
374802651
741253086
715402836
248156730
174302586
125803647
421583076
057318642
612703548
018754632
360784152
256103847
823407156
254831670
182653470
180342765
147526380
814607523
351624780
317562084
042871563
845106237
268543710
825471063
840731625
460318275
763804125
135826740
023815647
786241053
147632850
073145628
235806417
354608172
713804652
627408351
160758243
374865210
852136047
142705638
745316280
236817450
810352764
748103625
286731054
026784135
085421736
124368750
013546782
825403617
835627041
041876523
216853740
840652731
651704283
375102486
758142036
123864750
681703542
258704136
184207356
142367085
537618024
271583460
017362845
863274150
062358741
571402836
081426573
831607452
154608327
820347156
153864027
314268750
182605734
123657084
240786531
867254013
610578432
160754238
820417635
475601832
250871346
128735064
480175236
026371458
021837456
038145762
342605187
432705186
530187624
062415837
821503476
874601253
267804135
634527018
140837562
061724853
542806317
571362084
572364810
235107864
136754082
562803741
875604321
153408276
023475681
276108453
625173480
624107853
842301765
823104756
374502861
230481756
538602471
041236758
816753240
064381275
867401253
438127650
135862047
581704263
814302576
160782543
372586014
410365827
630415728
127638045
048316572
542801763
135804762
123864750
823104567
813605247
158607324
261305874
174503286
438106752
316208475
014637528
683207451
430786152
842513670
358174620
716803452
816543270
614325087
346508217
034625817
125607843
081453276
063781452
082531764
345706128
673208415
412635078
078234561
836745012
320148657
047385621
023148675
056124837
726803415
783206541
148753062
183402765
681734250
341527086
813206754
082351467
823704165
827605431
021635847
230174856
172834560
473812065
712634058
067143582
783205146
073486125
074615238
542738610
064283517
740523861
354728016
540387621
764813250
173206854
247603815
851273640
163254087
821364075
135846270
136507428
841305276
720851634
483205167
721503684
038651724
346802517
816235740
463215870
624715083
210847365
637402185
735201864
123507468
041362875
174802635
851623074
635801274
085162437
178306254
613754820
150847362
538764210
035814672
130485726
076482135
135206874
018632745
