417063258
843715206
617840523
105826743
501468237
861572403
802153647
271560384
435012678
104865327
234861507
568320174
823716405
235870461
167240835
713065284
482561703
145872306
713085246
634852701
406183275
154782306
203671485
547081236
705432186
287143506
843012576
125038467
813624507
278130456
614528307
708352416
314280765
806135472
765410283
638710254
841726503
712486503
452073168
516047823
104857263
413026578
624037158
368214705
125470368
804756123
364025187
403256871
816024753
504216378
107384625
203875614
108423576
612037458
674025183
314750682
547680312
702158436
718430652
284360517
763240158
304178265
786310452
142067385
204731586
135627804
526137408
564721308
608574321
473182506
348071625
415720386
805421736
164870523
684130572
135728604
578240136
627138504
452081673
438270165
841320756
478026135
238160745
152036874
301875246
126843705
267345801
854160732
654032817
537084216
273015648
583672104
631750284
703861452
402856713
607512438
168540732
135628407
461028537
135062847
284760315
326750481
803541762
834670251
813627405
425167803
487026531
623017845
256830174
586014732
158630427
283065471
542036718
214670538
342681705
653841207
214087635
745682103
463017582
863547102
146780235
843710265
378024165
423870165
105278463
364150782
586243701
601852473
172630854
724658301
314720865
783650124
826530417
812450736
465210378
124756803
814057326
203184765
721056483
304782615
713024685
785310264
824016753
631280754
307124568
135674802
408213765
317560842
483275601
815460327
762081435
805164732
206145837
483027615
158034627
583120764
851674203
431026758
265130748
208431657
805376214
187062453
104825376
178256403
604518273
102843765
165430728
152063478
213078564
713052684
381640752
275613804
674320185
612340785
842315706
403185627
107823465
126580743
824760135
412860735
124380765
136082754
146280753
123670854
504137862
134056728
408513726
308562714
348072516
182067354
285640713
157086243
814752306
605127834
275610384
503124768
401267835
452370861
824613507
824037651
812750346
872465103
801237546
237645108
342176805
134820765
214650837
715840236
642180537
153824706
835476102
142730856
157423608
704865123
203716548
348650172
758061234
875062143
271364805
243768105
405678312
871052364
502748316
514620873
721850463
125460738
305271684
468350721
506813742
673250148
653742108
453072618
564831207
425061387
835062417
162783504
103684257
317824605
634827501
273014856
142630875
843725601
634512708
802164537
287410536
304785216
746213805
102758463
201435687
743580216
836510274
205386147
145287306
803675142
872130654
478063512
385164702
258740361
347015682
645018732
846730215
863215704
843620175
136470825
283650147
581067243
248150736
604213857
835720146
501837246
156820374
583146702
432071685
275318604
185043276
813024765
634087152
203158764
506143278
153680247
816540273
763084125
743268501
781423605
843760251
865041723
216085743
462850731
635718204
873210654
174062853
432781605
816074523
213467508
745210836
253760841
264018753
675830142
726354108
715830426
521430876
103756824
345176208
543062871
371245608
367082145
741280653
486251703
406813257
102387645
704615823
385024167
524170836
825374601
603417258
471328506
357086142
861074325
206851473
735680241
365817204
763042518
582364107
586140273
581032674
817032456
357268401
451736208
426015873
203567418
235041786
721640583
804215376
304182765
264051783
648725301
305287461
173280564
845370216
286014753
841726503
401285376
408172635
608215437
831024675
345710268
216074853
431025678
472136805
807163542
683510742
274380165
803251647
652031478
164082753
768542301
416725803
163045782
762530418
283065714
351086472
346015872
463028157
462173805
238614705
734081265
301852746
684017523
613542708
635247108
327150648
824067315
785230416
801732645
241085763
723056841
265014837
675120843
568340271
453081276
563280741
705486213
472315806
206175438
123084576
137850246
231684507
621470358
501283764
175240836
138765204
603874215
316720548
105726348
638210745
453016278
534086217
718035426
827036145
362870415
672813405
268730514
231086754
172840653
651723804
324650817
837614205
528046317
821065734
174085623
568410273
841720536
671830524
608572143
706231458
314870526
234176805
725148306
427056183
217560348
682730451
461032758
174028653
135264807
137485602
132460875
506128734
236187504
782015463
538216407
712058346
564021738
128574306
408267315
342750816
401365782
452081673
213056478
254716803
641820753
407612853
123760584
678520314
741360852
283650147
731250468
283160754
821046735
362150748
257436801
158043672
184723605
285063174
734260815
506872431
105863742
304568127
137048256
871423506
742051638
876042315
726380514
705248163
704562183
208731456
518046723
301274685
583160274
716045283
875310462
825710634
817025643
304781526
852310674
648527103
812053746
165073482
205438176
531287406
462813705
103526874
875231406
132058674
403685721
142850673
287031645
635840172
724350681
428156307
752340168
586347201
237410685
137054286
301842657
268013754
817350624
682340175
521830746
604821537
134856702
236047185
513460827
761034258
215738604
136075824
802147536
721063548
135842706
208753641
526370814
458361207
483260751
834671205
482630175
147025836
835126407
135782406
183720645
208461537
643712508
135087642
104852736
384120576
472160358
325740168
238051467
507164283
783014625
805174623
312487506
728640531
103824765
461830752
237156804
267185403
526781403
158726403
803654721
123864705
164823705
304715826
657123408
408713256
216374805
305782641
862014753
481536207
257086413
706314528
437026185
378612504
408327615
645130287
601872543
325048167
103768524
238074651
264310758
608321754
804735126
385160472
304586217
263075814
314862507
683054172
578123604
741356802
857062341
482073561
712480653
823064715
347560218
831750624
148067352
283046571
237015468
647853102
371650842
362087154
183056724
314085276
145072836
102468753
234075168
823571604
405236781
602781435
283014765
841735602
814026573
361457208
541870326
631258704
142783605
872043615
714062835
143860257
285710643
205187634
514076823
754218603
842051736
734621805
205847163
786410253
162085743
302164785
832160754
805234617
534210867
671853402
607451283
803542167
358460721
867543201
501286374
402516837
683017542
608375142
601548372
601835247
841075632
241865703
251430867
604782513
207613485
308276541
801573624
283456107
302864517
701638542
263574108
854631207
608745213
802435617
832160754
821640375
786150432
602417385
204186573
728065341
342758106
283170645
341056872
206138754
734018625
378142506
743680512
361052487
143850276
813640275
346251708
685423701
103782645
408365217
152073864
502687134
857210463
476210835
712053648
184365702
704256183
153826407
375021846
203471658
841720536
402538176
103826754
461273508
853067124
235041678
758130642
456130728
315864207
712583406
518420673
134286705
301247865
836021754
742160538
213054687
308154726
324576801
204318567
368014527
608423175
583241706
846350172
123047658
813056274
204571386
348250671
512670384
387610524
621053874
176082534
428567103
715630482
431085627
206817345
428053176
206834175
514386207
213754608
176052384
182564307
712654803
304765812
601358247
364021785
425781603
604178325
247630815
378046125
714053826
216473508
751320684
728310645
345670821
458260173
268057431
781623504
108263745
602453781
164082753
728031564
671530428
124650738
784360521
371485602
647028315
348521706
305681274
403286517
142863705
104536728
413258706
786310524
183640725
261074835
308216745
571820634
203864157
702358146
578261403
783061254
438671502
328017645
678045312
342650187
814057263
307264851
365184207
504326178
123860475
835270641
841630527
104753268
716234805
851460372
146573802
218073465
104237865
804312576
803716452
127530864
203185746
627850134
506813742
251870634
613784205
468520173
203415678
631824507
542810763
306245178
831642507
801253467
687013452
408217635
816457203
308712564
283075416
807156234
548076231
138250746
204187653
384512706
126084753
258713406
182453706
178430625
206713845
652487103
105842763
234856107
723680415
183765402
478520361
207318546
683051274
628547301
814075236
842150376
863271504
145720683
146532807
574612308
734018256
635280417
174250863
754130286
316058274
504861723
826031574
751682403
471025683
851263407
283071654
704325816
508672413
472856103
465283107
806315742
804361257
108673524
462870513
703614258
145260837
107684523
504682371
415082367
635817402
432650817
215368704
135860724
852760341
503162748
104682735
206147385
504281376
715083642
814062753
738062415
657014238
108732654
301578426
563718204
216740538
315042786
578361204
381054267
108257634
358027164
725140836
643028175
182673504
103526487
348017652
542610873
352784106
817540362
154082367
283016754
837165204
574260813
314062578
872310456
702135864
473021856
817423605
138465702
612854703
637028514
815760342
602741853
304578162
701486235
507143286
512086374
821370645
472861503
612845307
173046825
134670285
703214568
386270541
283045761
827430516
402581763
123074685
825437601
806132745
831065274
201843567
125036847
406132587
485023176
862570413
524380671
581043267
351780462
152768403
567180342
153872406
826041753
104527638
856241703
645021387
213065874
435021876
876042315
143267508
784160325
642078135
378240165
612740583
842150763
721068453
762184503
602318754
825310764
584071623
562071438
708635421
512063874
207164385
307624815
106872453
467820153
601238754
732845106
425316708
103527846
205134768
476512308
532064187
567120438
748621305
627531804
803127654
807361524
364025187
613470258
182536407
608243571
103846725
763584102
134820576
748125306
648012357
126740583
531472608
615087234
473086251
132684705
536084127
317025684
608431275
401875632
347652801
234580716
146573802
706823415
341825706
684130257
821073654
738612405
721380654
123746805
283645107
706345281
602435871
578130246
146082573
718036452
781052634
736058214
247081635
481630257
635147802
123046857
672184305
124637805
782630154
784031625
643170285
302685174
402863715
652043178
604781253
634178205
508164723
485617203
164380752
201754638
413062758
217084536
674321805
102587463
