123804765
123804765
123845076
123864075
813204765
123784065
123864075
123784065
813724650
230184765
123804765
130824765
123784065
123804765
123864750
134802765
130825746
120843765
230184765
283104765
123804765
120843765
123804765
123845760
123804765
023184765
120863754
123704685
123708654
123784650
130824765
123864750
123804765
123804765
123864750
013824765
123845760
123804765
283104765
120843765
123745680
123804765
123845760
120783654
123845076
134825760
123804765
013824765
123804765
120843765
012843765
123864075
123804765
123845760
123804765
123784650
123864075
123804765
023184765
123864075
012863754
123804765
123804765
813724065
120863754
123856074
813724065
230184765
123845076
123805746
280143765
120843765
123804765
123804765
134802765
120843765
123864075
123864750
123784065
123845760
123845076
123864750
130824765
123804765
123845076
123804765
123845760
134825760
812403765
013824765
123804765
023164875
123784065
134805726
023184765
134805726
123864750
123804765
023184765
123805746
123604875
230184765
230164875
813724065
123804765
813264075
130824765
130824765
123864750
123804765
123784065
123784650
013824765
023164875
123845760
123805746
813724065
123864075
013824765
123864750
034182765
123845760
123805746
123804765
023184765
812743065
123804765
120843765
130824765
123804765
123804765
023184765
123708654
130826754
813724065
120843765
813204765
123804765
123864075
813724065
123804765
283714065
123804765
123674085
123864075
123805746
023164875
023184765
130824765
123864075
120843765
130824765
813724065
013824765
123804765
013824765
123845760
123784065
023164875
812403765
013824765
123804765
013824765
120843765
023184765
123804765
120863754
813724065
142803765
813724065
813724065
123604875
134802765
123804765
123845760
123864750
130824765
013824765
120843765
013824765
123804765
120783654
123864075
813264075
123805746
123804765
283104765
123864075
813724065
134805726
813704625
023145876
013824765
123806754
120843765
023184765
123784065
123804765
123864750
123704685
230184765
123804765
813204765
123784065
130824765
123804765
123804765
123784065
130825746
120863754
130624875
283164750
123804765
123804765
123845760
123804765
123804765
123864750
013824765
013824765
123804765
120863754
123804765
023184765
123845760
123804765
813204765
123804765
013824765
134802765
023184765
813245760
813204765
120843765
123604875
123784650
012843765
123784065
123804765
230184765
123864750
130824765
123845760
123804765
230184765
813204765
123804765
123845076
813724065
130824765
120843765
123704685
123864750
123845760
134802765
134825760
812403765
130824765
123806754
123784065
120643875
012843765
123864750
123864750
120843765
283104765
123784065
023184765
134802765
123845760
123804765
120843765
123784065
120843765
123864075
123845076
023184765
012843765
130824765
134825760
230184765
023184765
120843765
013824765
123805746
123864750
283104765
123804765
134802765
123864750
023184765
812403765
123804765
123804765
013824765
123804765
123708654
123864075
123804765
283104765
120843765
130824765
120843765
123804765
230184765
123804765
813724065
123704685
123604875
013824765
120843765
023164875
134802765
013824765
123784650
012863754
023184765
123864075
123864750
013824765
123864750
023145876
123804765
813724065
123784065
123845760
123805746
134802765
123804765
123804765
123804765
120843765
230184765
162803754
123804765
130824765
123864750
120843765
130824765
013824765
813724650
234108765
023184765
123845760
123604875
023184765
123784650
810243765
283104765
123864750
123845760
120843765
123864075
120863754
123845760
123804765
123784065
123704685
134802765
123804765
120843765
123864075
123864075
120843765
123845760
123845760
813724065
123864075
123864075
123704685
123804765
813264750
123784065
123864075
013824765
134825760
023184765
813724065
123784065
120843765
813724065
813204765
123804765
023184765
142803765
123604875
123845760
023184765
123805746
123804765
123804765
130824765
123804765
123804765
123784650
283104765
023184765
813724065
023184765
812743065
023164875
234108765
123804765
123864750
012843765
123784065
123804765
023184765
123845076
123864750
123805746
130824765
123864075
123864075
134825760
123784650
123804765
230184765
123804765
123806754
123806754
120843765
123784065
234185760
120863754
123804765
120843765
283104765
123785046
123804765
134825760
123604875
123804765
123845760
142803765
123745680
123864075
123604875
120843765
134802765
123864750
283104765
234185760
023184765
123704685
283104765
123784650
123604875
120843765
123864750
813204765
123784065
123864750
023184765
123845760
123864750
123784650
123864750
120843765
123784650
123784065
123804765
012843765
130824765
123784065
130824765
130824765
813724065
134802765
130824765
013826754
120863754
123804765
812743065
023184765
813245760
123804765
123804765
123805746
813724065
130824765
134825760
123804765
123845076
123804765
123804765
120843765
123845760
123805746
123784065
123806754
123804765
123784065
013724685
123805746
134802765
123804765
134802765
123804765
142803765
812743065
123806754
123784650
123804765
142863750
813724065
123804765
123864750
120843765
123864750
013824765
023184765
120843765
012843765
130824765
123804765
123804765
013824765
123864750
120843765
120843765
123845076
123804765
134825760
123864075
123804765
013824765
123784065
123604875
123864750
123708654
123845760
123785046
123864750
283104765
123674850
123645870
120863754
123804765
120843765
123864075
123856074
123784065
123805746
012843765
123864075
230184765
023184765
123405876
123864750
812403765
830214765
123804765
023164875
123864075
013824765
120843765
142803765
123805746
123804765
120843765
013824765
123856740
123845760
123804765
123708654
813204765
013824765
013824765
123784065
123864750
023164875
123845760
123784650
283164750
012843765
123784065
120843765
134825076
023184765
283164075
130824765
123845760
142803765
013824765
130824765
023184765
120843765
123784065
023145876
013824765
123804765
283104765
134825760
123784065
123864750
123804765
023184765
123804765
123804765
013824765
123804765
134802765
123864075
120843765
123784065
130824765
120843765
123845760
123804765
120843765
134825760
123845076
123864750
134825760
123784065
123864075
012843765
123864750
123804765
123784065
123845760
134802765
120843765
123845760
123864750
123804765
123704685
120843765
023184765
134825760
283104765
123864750
123845760
123805746
013824765
023184765
123845076
123804765
123804765
123864075
120843765
013824765
123604875
013824765
140832765
123784065
023184765
123804765
123845760
120843765
013824765
123784065
123704685
123804765
123845076
123864075
130824765
123864075
123804765
813724650
123845076
134802765
123845076
012843765
123804765
123845076
023184765
123804765
813724065
013824765
123864750
130824765
123784065
123845760
120863754
023184765
123784065
123845760
123845760
123604875
034182765
283104765
123804765
123845760
123845760
123864075
230184765
120843765
123845760
120843765
120863754
123864750
023184765
123784065
130824765
012843765
123864750
123804765
123864750
123864750
813724065
130724685
123864075
123704685
123804765
123845760
142803765
123845760
123845760
123604875
123864750
012843765
013824765
134825760
123604875
123804765
123804765
123784065
123784065
813204765
130824765
023184765
123745680
123864075
283104765
130824765
123784065
013824765
123804765
283104765
123864750
123804765
123784065
134782065
123804765
134825760
230164875
123845760
263104875
120843765
230184765
123864075
123704685
123804765
130824765
123864075
123804765
130824765
123864750
120843765
013824765
123864075
142803765
012843765
123784065
120843765
120843765
123784650
123804765
120863754
013824765
234185760
130826754
123864750
123845760
123804765
130824765
123806754
023184765
123805746
134825760
123845076
123845760
123604875
123805746
134825760
023184765
123804765
120843765
123784065
123864750
123804765
130824765
023184765
123704685
023164875
123704685
123864750
123864750
813704625
123604875
123845760
120843765
023184765
142803765
123804765
013824765
123784065
023184765
123804765
830214765
283104765
023184765
120843765
123704685
120843765
013824765
283104765
123806754
134825076
130824765
013824765
120843765
123604875
130824765
813204765
813204765
134802765
123864750
123864750
023184765
123806754
123864750
234185760
123804765
123704685
012863754
123864075
134825760
012863754
123804765
123604875
123805746
123804765
123804765
023184765
123856074
023184765
120843765
120843765
234108765
123804765
120863754
123864075
123804765
023164875
023184765
013824765
123845760
120843765
123784065
123804765
142803765
123804765
123864075
123806754
023164875
123864750
283104765
123805746
120843765
134825076
134825760
123784650
230184765
813204765
123804765
134802765
123856074
123804765
123806754
123806754
123806754
123804765
023184765
012843765
120863754
123856740
280143765
123864750
120843765
123864075
013824765
283104765
012843765
023184765
123704685
123784065
123805746
123784065
123804765
013824765
234185760
813204765
123805746
123784065
134805726
023164875
123806754
123604875
123784065
120853746
142803765
023184765
813724065
123806754
012843765
123804765
123845760
120843765
042183765
120863754
123804765
123804765
123784065
123804765
120863754
123845760
230184765
123864075
013824765
123804765
023184765
123604875
120863754
123845076
123845076
123804765
123804765
812403765
134802765
123645870
013824765
142783065
123845076
812403765
123784065
123845760
123845760
120843765
123784065
013824765
023184765
123856740
123864750
123864750
283104765
013824765
123864075
230184765
813724065
123784065
042183765
123804765
134802765
123804765
130824765
023164875
123864075
123804765
123604875
123806754
013824765
123864750
123804765
123804765
123704685
120843765
130824765
134825760
013824765
123784065
123804765
123864075
123864750
123845760
134805726
123804765
123784065
134802765
123604875
142803765
120863754
120843765
123804765
230184765
120843765
123804765
013824765
813264075
123805746
120843765
123804765
123845076
123806754
123864075
123845076
123708654
130824765
