153240876
816075432
123780654
243815706
803714625
834210765
402163875
123084765
813064275
123570846
402163875
103864752
134082765
782513604
402183765
103624875
283674105
135026874
236814507
123740685
218073654
134082765
102843765
123064875
234718605
142780653
103826754
812463705
142063875
154832706
123758604
813064275
103254876
834710625
813240765
134820765
283015746
102863754
203154786
812460753
814032765
263014875
253016487
123845706
812763504
136820754
802513674
102743685
712685403
103824765
142830765
103724685
102643875
813024765
613528704
304172685
801632754
128743605
162830754
812430765
134820765
123784605
801723654
203186754
123864705
234078615
204138765
812540763
804231765
136820754
134620875
142073685
134725608
234180765
408263175
423018765
283167504
203147865
103825746
134785206
283674105
152830746
813025746
783124605
281653704
103425768
103256847
108732654
812673405
123840765
234816705
136820754
831062754
234710658
142830765
134860752
801462753
134820765
123785406
134820765
602153874
713624805
103824765
263170854
123784605
482160753
123850746
142083765
134250876
246013875
123670548
342180765
103624875
153267804
103624875
713024685
283150746
103824765
134870625
103624875
134082765
423185706
102843765
148732605
134620875
203145876
134062875
134860752
134620875
215083746
801263754
103425876
834071625
814025763
123045687
402163875
245130786
123067854
812053746
234160758
203164875
103854726
103824765
813724605
513240867
123845706
103725648
134782605
123864705
123456807
103627854
243150876
123864705
103826754
134725608
812043765
203176584
134072685
134025876
408162753
712083654
713025648
145830726
581064372
123784605
103724685
234180765
234180765
123845706
123064875
152083746
814032765
134072685
713025486
612430875
801743625
283015746
103627854
203175486
103826754
134785206
142860753
103826754
123045768
142673805
812073645
123840765
513728604
813025746
813026754
123785406
123645807
106843752
603184275
102863754
172863504
123860754
164852703
102843765
206143875
123674805
123674805
713024685
283164705
234175608
102863754
304125876
203184765
812730645
123475806
813024765
104832765
123784605
803214765
123740685
402163875
123074685
134820765
203764185
162083475
134860752
281430765
123780654
235148706
384162705
103526874
812743605
123674805
263014875
103824765
134862705
123864705
123084765
402163875
802713456
123045876
281430765
612430875
804325176
208763451
162053874
103824765
713684502
142785306
234716508
812463705
134760258
812730564
103824765
103826754
413025876
123840765
328140765
273154806
234718605
652130874
283160754
134862705
123640875
143850762
123650847
123675408
123084765
283156704
102843765
103825746
812076543
803214765
283670154
123840765
134072685
814350726
814620375
813720654
142073685
123085746
123840765
142063875
813674205
283014765
802413765
103624875
643025187
234076185
124038765
834215706
102653847
834710625
283160754
234176805
124536807
235016847
123786504
263017854
123768405
843510762
342168705
613840725
123860754
613270854
123074685
103854726
203164875
103724685
103825746
834710625
103824765
283156704
613074285
813024765
204168753
142635807
203184765
123845706
142083765
713024685
205843176
203184765
123576804
123470865
142860753
402163875
713645802
123045876
234180765
813024765
604512837
103426857
204138765
123074685
513786204
123064875
123084765
283014765
134856702
302174865
835240176
123784605
123784605
123784605
614820735
263140875
803614275
102843765
402163875
142083765
812460753
102846753
263170854
142657803
123840765
123860754
421830765
162853704
283140765
123076584
203184765
812054763
142083765
712063845
708642513
123758604
103826754
834210765
203178654
803264175
203164875
142835706
123870645
103624875
203184765
104835726
613082754
123745608
812430765
834210765
283160754
128743605
813026754
103624875
234065187
104862753
203784615
103428675
137628504
268013754
104835726
162034875
126730548
103824765
283714605
813074625
208163754
205741638
152730648
821073654
123450876
814032765
273014685
104635827
714032685
234180765
812563407
273014856
634821705
123864705
236180754
123640875
283140765
812450736
413025876
813054726
402173685
104862753
123745608
423180765
283714605
402683175
134025687
103824765
263174805
123860754
713645802
243075186
134086752
142860753
203167854
145823706
146032875
106832754
123475806
263140875
123856704
123845706
283064175
138620574
123840765
801326754
102863547
104835726
142350876
374012685
104852736
813674205
803274615
123078654
135627804
243015876
134785206
142083765
123075648
123674805
103824765
103824765
342170685
104782653
123076584
305182746
234165807
104562873
123475806
123584706
831652704
345180726
203145876
103864275
612430875
134672805
813725406
103726584
813240765
813045762
123576804
603812754
134780652
812035476
134860752
163842705
723084615
152830746
283164705
123084765
123845706
813576204
123745608
142063875
283015746
813024765
304825716
682130754
134062875
283740615
123784605
134850726
123860754
102843765
203784615
283756401
834210765
821753604
134270865
283750641
102453876
342017685
123850746
384162705
102845736
123645807
812450736
153240768
283140765
135840276
123640875
804362175
283145706
123740685
781023654
203157846
123850746
713625408
142750386
813024765
281634705
142830765
123740685
123084765
123086754
142073685
813726504
143028765
134862705
123840765
123850746
812743605
603814725
124678305
834015762
142783605
801432765
814032765
134672805
713025648
104832765
712630584
125034876
812456703
103824765
123470658
402183765
813240765
713640825
182753604
123740685
103824765
203184765
134672805
123078654
123840765
283714605
812043765
123864705
374150286
123784605
123064875
102843765
136780542
203784615
302148765
841235706
248163705
123845706
142673805
283064175
142856703
352186704
348157602
123864705
832751604
123084765
123067485
123074685
162830754
142863705
162830754
134862705
123670854
814035726
208431765
123084765
123860754
283014765
123860754
135720648
138752604
134875602
234168705
682130754
283140765
102845736
283156704
234065187
103824765
134625807
643025871
104835726
204138765
104832765
283160754
124760853
123674805
123780654
142073685
813064275
123784605
102653847
234168705
123850746
471085326
813726504
123085746
835047261
134825706
142860753
208143765
102743685
812743605
123850746
304218765
134675208
142063875
235148706
123864705
314028765
123084765
102573846
283016754
142835706
814732605
123840765
104835726
123084765
103627548
145270863
102673854
234176805
812063475
234180765
203156874
123084765
123840765
162075483
703824615
861052473
681320754
142063875
123045876
123850746
123064875
123460857
812630754
203175486
123640875
138072654
123864705
243015876
345210786
813240765
123786504
105832746
435216807
801743625
123640875
823410765
804312765
135860724
203145876
102673854
801743625
123784605
105832746
104832765
123056874
123784605
123864705
714062835
603214875
712043685
673014825
123084765
281043765
834015276
104835726
304182765
102753648
123845706
243150876
136820754
613824705
283164705
813752604
134072685
613084725
384120765
352180746
123074685
134825706
203176584
234160758
104832765
162053874
123860754
123075486
203184765
123845706
123750648
812073564
102843765
124036875
123856704
623054718
817043625
134082765
234018765
123750648
812730564
301752864
123784605
713526804
481032765
123845706
283015746
803216754
732680514
235710468
263814705
812740653
283014765
123785406
803214765
813245706
304185726
123475806
234165807
342185706
163740825
283716504
863274105
104832765
123064875
108732654
813024765
861420753
134820765
102745386
102783654
234076185
162830754
234056178
134082765
123860754
123086754
283760514
206138754
142083765
134062875
364015827
305147862
235160847
103254876
123860754
102843765
104832765
162083754
102743685
142863705
235174806
832710654
603824175
135420768
123840765
712083654
142783605
813720654
103824765
702813654
142835706
162840735
123640875
142083765
134062875
812730456
134820765
812043765
206143875
123045876
203184765
203184765
235864107
203184765
134720685
142835706
408132765
263148705
123068574
123780654
823015476
103724685
102643875
123750648
803142765
136524807
134250876
283016754
163084752
304218765
803714625
283640175
123076584
142350876
123850746
813724605
123860754
208713654
134862705
203164875
283671504
213054876
342015786
134850726
142863705
803216754
803614275
802413765
812763504
102743685
102743685
234765108
142856703
123840765
162783504
123864705
123058764
803216754
851062743
123064875
142856703
682153704
142083765
823075614
126840753
123740685
813756402
134082765
813245706
783045162
123045876
208163754
302147685
134820765
283140765
102865743
123074685
145230876
813725406
123475806
253076184
263157804
203178654
812043765
482013765
283140765
713024685
103725486
134670852
124368705
813240765
134820765
812763504
814350726
813024765
123864705
683014275
134782605
123750648
123860754
103724685
482163705
102863754
103726584
203184765
283164705
723014586
123745608
325470186
142856703
134085726
713240685
234068175
234160758
801432765
162853704
812536704
142863705
182073654
835210746
713620854
812063754
835264701
834250716
283710654
123670854
134082765
281043765
134820765
283714605
103726584
152430876
236150874
134862705
123740685
123064875
123740685
142035876
123674805
812743605
123074685
123074685
142085736
814763205
123064875
142863705
203184765
803214765
813024765
708451632
683024715
103425876
812463705
103728654
803216754
413025876
104782536
802415736
134860752
123084765
825430176
614032875
813260754
384012765
203164875
283160754
243170865
802713645
813750264
103864752
134850726
234170685
123840765
123840765
283014765
273618504
142863705
813560274
104732685
123086754
123864705
136824705
123745608
102853746
162840735
203164875
812430765
123784605
124836705
134856702
123786504
103475862
623180754
104832765
234016758
412053687
135782406
243175806
203684175
263170854
803214765
834071625
134820765
203184765
123845706
172854603
103625847
123075486
123078654
123748506
103824765
105843726
813670254
234715806
142850736
