123064875
123845706
123864705
123840765
123780654
102843765
123845706
103824765
134820765
123840765
123864705
123084765
103824765
123064875
134820765
103824765
103824765
123864705
102843765
123840765
123840765
142830765
123845706
123840765
123840765
123840765
103824765
123064875
812043765
123784605
123084765
123784605
123864705
123840765
103826754
123840765
103826754
142830765
102843765
203184765
123864705
123784605
134820765
123084765
123864705
123840765
123084765
123840765
102843765
123084765
203184765
123840765
134820765
123840765
123064875
123860754
123840765
123864705
813264705
123840765
123860754
123840765
123845706
102843765
123064875
123864705
102843765
813024765
134820765
123860754
203184765
123084765
103824765
123864705
123840765
103824765
123084765
123084765
813264705
123864705
123840765
103824765
123064875
123084765
123860754
103824765
103824765
123784605
123864705
813024765
123864705
123840765
103624875
123064875
203184765
123064875
123845706
123864705
123840765
812043765
