123864705
253180476
283560174
123758604
103748625
102643875
143850276
314260875
834710625
813250746
703184625
135820746
182745603
812430765
123064875
142783605
123084765
102863754
123785406
123856704
102643875
134620875
803712654
203174685
152036874
813024765
162834705
142863705
203156874
813240765
305146827
235160784
123864705
123860754
123045876
103724685
123845706
123064875
203184765
134082765
813724605
123045768
134820765
803214765
134825706
813674205
102563874
134075628
103825746
673284105
813264705
103728465
834260751
801652743
142863705
813025746
103624875
105832746
135840276
142783605
105243876
204138765
123076584
813024765
134672805
603214875
813024765
812463705
123840765
103864752
713624805
273014685
102863754
123850746
103824765
103624875
103824765
613824705
234150786
263084715
342168705
123086754
103826754
123045876
812430765
263014875
802173654
834210765
123046857
234068175
813264705
814035726
813720654
812043765
283014765
102783654
613024875
234018765
142063875
283164705
123840765
102853746
123864705
821674305
103624875
135084762
234170685
134082765
134072685
123845706
123640875
813245706
234085176
253146708
134672805
163720548
813720654
123784605
134786502
283160754
634210875
142085736
106843752
203174685
784031625
812763504
102843765
142835706
103824765
812043765
812430765
153780264
134620875
134025876
831462705
123840765
134025876
103728654
803714625
134825706
123074685
123864705
123045876
304215786
804235716
134825706
283074615
134862705
206143875
614035827
102783654
103724685
573286104
123470865
834210765
136824705
103726584
103826754
123064875
123860754
123560874
123640875
102863754
813024765
235140876
142075863
123086754
102863754
123056874
784012635
613084725
103728654
273084165
203184765
283714605
713680524
123064875
102783465
402163875
208143765
123045876
803216754
413025876
142830765
801723654
123064875
273184605
123674805
713026584
812456703
123045876
612840753
248713605
103825746
134862705
152360874
123784605
142083765
103725486
203184765
104835726
263140875
283160754
812743605
123784605
204731658
182753604
102453876
102843765
102843765
203674815
423185706
134758602
123860754
203164875
108723564
123045876
123674805
823460751
613824705
234680175
138720654
801723654
128053746
142856703
813640275
254813706
123084765
103825746
162830754
142630875
723064185
103864752
713024685
813264705
123864705
127063584
105824736
783064215
123640875
283140765
102783654
342168705
234160758
123068745
612073854
123784605
203186754
234017685
142863705
123045876
162783504
123056874
482015736
108752364
783024165
136824705
802361754
136780542
123785406
812753406
102843765
641230875
234086715
134825706
203186754
134250768
134820765
134825706
134056872
816032754
123056874
135820746
203186754
283074615
834210765
283145706
142086753
123064875
134085726
813024765
102643875
283064175
162578403
123064875
103624875
106843275
816032754
132048765
123864705
263014875
813240765
408712653
102853746
123064875
104832765
134082765
123085746
142830765
814320765
384162705
127830654
123840765
234715806
135826704
813054726
283014765
103728654
234180765
283710654
213864507
834560271
841230765
812673405
813024765
602183754
812753406
146830752
203184765
123864705
283640175
134725608
803264175
123856704
142863705
812074365
812743605
813024765
813726504
134860752
283016754
803214765
134085726
814362705
203184765
123780465
123856704
123745608
103725648
123074685
145230876
613024875
136824705
283164705
712083654
834021765
123860754
134860752
123864705
682134705
836410257
204138765
123850746
714380652
801243765
104832765
803714625
834210765
283756401
123864705
123840765
612043875
306182754
281063754
123784605
234187605
102843765
812043765
104832765
123064875
783140625
713280654
384712605
834261705
103724685
123860754
123840765
283156704
142063875
458132706
203184765
234170685
142830765
123850746
123864705
283045176
104832765
164820753
134850726
136082754
203186754
123085467
128043765
801243765
123864705
123075648
123740685
814032576
123740685
872043615
208143765
672510843
163840275
135820746
713620854
123645807
123840765
123784605
283164705
123650847
153840726
263174805
713258604
812763504
123860754
123840765
134056872
804312765
123084765
814032765
123740685
801742653
134725608
104835726
812743605
236150874
283164705
142860753
123780654
123085746
123784605
128063754
134862705
142073685
834156207
123450876
103824765
234617805
821760453
823415706
283645107
283745601
134085726
152643807
805312746
123064875
123860754
123045876
123740685
123084765
234168705
813075426
134620875
142056873
103825746
813670254
813724605
123074685
702813654
123845706
204138765
254173806
824035176
283160754
243075186
123784605
816720534
482150736
103674852
123758604
102843765
123064875
142860753
123860754
203184765
804312765
234160758
203145876
123840765
613024875
813740625
123085746
134062875
123840765
128043765
203156874
123740685
123084765
123840765
134820765
134720685
104832765
803214765
145830726
142830765
103824765
142076583
104328765
218753604
123086754
813256704
103824765
123740685
263170854
134056872
123084765
203714865
234150786
123740685
134860275
283014765
801723654
234160758
103824765
682053174
123856704
803714625
802713645
342160875
813250746
142835706
142835706
734215608
104832765
283156704
123074685
123850746
142863705
813724605
263170854
123467805
813724605
812063754
123845706
734250618
142730685
281073645
123064875
423185706
613074285
134862705
123084765
248130765
703214685
104832765
104832765
834210765
342160875
831062475
142758603
123856704
123074685
123064875
123845706
102846753
123645807
234180765
813245706
304268175
123084765
134825706
283714605
403215876
134825706
268130754
283670154
123670854
102784563
123785406
123674805
104832765
142035876
162853704
134820765
142863705
102843765
102863754
102753648
813064275
813024765
134720685
123084765
831624705
123084765
142863705
142863705
103824765
106532874
103824765
103874625
803614275
123864705
145820763
234168705
134257608
283156704
248735601
234185706
364012875
142830765
134072685
804731625
701283654
104832765
123678504
234170685
152730486
102743685
123074685
281430765
123864705
142670853
283710654
234176805
123845706
134827605
814732605
863270154
623180754
123864705
613257804
123845706
482163705
123045876
103745268
804312765
236158704
713028654
613240875
134782605
142735608
813024765
613024875
123045876
813720654
123640875
105832746
123084765
703214685
584036271
718324605
208673154
263140875
136840725
342180765
283164705
814356702
102643875
284310765
234187605
103824765
123674805
802416753
235146807
813640275
103824765
812053674
123864705
142673805
235146807
134862705
713024685
803245176
123840765
813075642
123864705
402183765
203145768
813674205
123784605
123845706
804712635
283714605
835041276
123086754
123056874
273864105
162780543
283160754
251830764
384012765
803214765
304172685
145823706
813264705
142783605
152043876
208163754
103864752
123064875
103825746
813024765
102753648
102673854
104832765
123640875
203164875
136820754
124870653
123084765
813024765
783640215
134720685
384125706
142350876
801723654
103824765
135826704
812043765
104732685
401783652
142783605
135820746
235140768
103826754
123074685
613824705
123856704
234180765
813240765
283714605
473025186
123650847
123084765
263814705
103825746
102783654
102843765
102843765
304182765
102863754
102843765
203185746
125084736
813024765
814032765
703214685
203684175
812740653
123840765
263174805
134780652
283674105
142635807
813260754
235174806
712083654
234076185
845130762
142035876
342018765
102845736
102453876
235140876
263014875
263074185
342816705
713028654
123084765
134078265
142830765
813024765
123074685
783415206
283164705
813025746
234168705
102843765
123084765
123840765
203145768
123840765
384015726
123085746
802413765
234180765
128043765
234160875
182753604
128743605
812043765
812043765
134862705
102748653
123657804
263084715
283064175
134025876
384012765
134082765
134782605
716082543
208143765
281763504
204138765
105843726
123085746
123075486
134620875
103728654
841073625
123784605
142086753
123864705
813260754
134780652
145830726
152083746
123840765
102845736
142035768
236180754
301284765
134780652
123674805
814732605
152830746
134075286
142083765
204738615
123085746
813724605
204815736
123856704
135082746
123740685
103825746
123084765
614032875
234018765
142730685
162083754
142830765
482016753
123845706
123085746
103628574
134820765
123864705
263014875
123064875
204136875
713625408
243175806
138720654
123860754
324815706
263150847
142085736
812456703
803714625
203164875
132085476
813240765
713084265
102745386
123850746
283145706
234185706
203164875
253014786
123785406
203684175
802716543
123845706
814350726
134785206
123078654
123640875
713624805
738210654
164850732
203184765
134820765
783012654
103825746
834215706
481730652
714082365
123084765
123074685
134062875
234168705
402185736
813245706
812043765
123674805
134072685
103526874
813720654
103824765
612530847
105832746
263174805
263174805
123864705
123064875
234016875
104832765
123784605
283140765
123840765
861245703
283714605
123085746
713240685
123465708
273014685
123640875
834215706
813752604
613024875
123075486
103625847
106832754
134620875
123745608
134820765
812043765
103824765
328164705
823150764
123085746
103728654
102843765
234850176
283714605
813240765
103825746
813720465
123064875
123864705
813024765
234185706
123864705
813024765
813024765
612043875
123084765
123086754
123074685
813064275
812763504
501823746
123860754
105432876
203184765
813256704
103784652
103824765
104832765
162830754
134785206
813025746
124036875
123784605
102843765
103845276
782013645
123845706
713024685
812063754
263174805
234180765
248713605
215043876
123064875
234017685
123085746
134825706
134250876
123074685
103826754
813264705
123864705
102783654
304182765
831620754
203184765
813026754
102843765
283145706
804261753
813724605
136820754
203185746
103824765
102843765
123086754
713624805
103724685
134825706
102783654
123086754
102863754
102643875
248163705
803214765
134670852
203184765
