436510872
103627854
803756214
162357804
314650287
123465708
184230765
432580176
134860275
406531872
472638105
175032846
173085426
421086753
325840617
672450138
305214768
312865407
642035178
102843765
817264503
867013254
304168725
813256704
123670854
578012364
135240678
714032685
405632187
612034857
835061472
861023754
762180534
214650837
813640275
631074582
327150864
384120765
624783105
708412635
103824657
304275168
651378402
102853746
182674305
481032657
347582601
604153827
743081625
857630142
504136827
801263754
508126374
128073645
123067485
731085264
265170384
543870621
104638257
384056721
253074816
634710285
538064217
715634802
106823745
723810654
341627508
823540176
741058632
852610473
203185746
416527308
485360172
123850746
134280756
234075168
127460835
245310876
803264175
167250843
204615837
234016758
523671804
137850624
264710853
613457208
623871504
602837514
203158476
246380175
124380765
213468705
817260534
401285763
123856704
204863175
742081653
781230654
203148756
164270538
217860543
623054187
516840723
436815207
301752648
158632704
673015428
502786143
103654827
542873601
731852604
103658724
246718305
415236708
217384605
753246108
251067843
872410536
426183705
571042368
458260731
102846375
341785206
386074215
812047356
302758164
142863705
613024875
587460123
381076524
173540826
301586742
712068543
801264357
718350426
423185706
251360847
801243657
351620478
128064735
542130768
348620715
153076248
724560813
342168705
203187564
304512768
872614305
102473658
803264175
271560438
801472635
407231658
304156872
807243615
824173506
103725486
425086173
834657201
803562174
412875306
568134207
182730546
381250746
807164523
342058716
106823574
123067854
738561204
682513407
681052374
683214705
107436285
654021837
503641278
174380625
268370541
163840527
634082175
305274186
325674801
648752103
548023617
276041385
483056127
761238405
103826754
258730641
123750648
812360745
248713605
615372408
812036745
768230154
245816703
602345817
814037625
286075431
402135687
527613804
658420173
834152706
561734208
405327168
702368154
685243107
735841206
123450768
402715836
204365817
234150786
203817465
743056281
314052876
146820573
804276153
846310752
471362508
387024561
386724501
273085146
204871653
134680725
428013756
187620453
283145706
135780462
721480563
821460357
702538641
748036125
723064518
813042675
236814507
873610524
384721506
307148625
801432765
274850163
215630847
287534106
218643705
523084167
157046823
842753601
216530748
382054176
803764521
271048653
134670285
783120465
386240175
871654302
627014583
153028746
472813506
137864205
137082564
271830654
134670852
814720635
412870365
175432608
107253684
583061724
432780165
253480167
835160742
835610472
702614853
378625104
513264807
452718603
864013527
375840162
612357408
203861754
701425836
153840726
601485237
827351604
803152746
405367218
142860375
861452703
376014852
308274165
861743205
104683527
602478315
312064875
374086152
248130765
453760128
152083467
305648712
816054273
126480735
123076584
315280746
843750162
524683107
685043217
216087345
204516387
601435278
837516204
614830752
816754302
807124653
782165403
183764205
307281546
236718504
804325176
781263405
173562804
824160537
163024785
123084657
802634175
132756804
308246175
423180657
523710468
154867203
641035872
704621853
283156704
203451687
368240715
602173845
375160284
234618507
514620873
604172835
143076528
701632584
153084726
725410638
768350124
853027461
703541682
276830514
502183674
308172465
173058624
742063851
304675218
742851603
524783601
583120476
142087356
536470812
324065817
278630415
205876431
357126804
205146387
281743605
526740813
703264158
521043768
562714308
265734108
712630584
481053627
621048375
621830547
352041786
283475106
813052476
405631827
806351247
341862705
708415362
863215704
163820745
283145706
467021853
405783621
105824736
314720658
854630712
316572408
184520376
617054283
132870654
851763204
803425716
132085647
103625478
602387541
658072413
285630417
203617458
835642701
813657204
728354601
803716452
243516708
103874562
703524681
614087253
317856402
583074216
845167203
604231587
623057814
814037562
752630814
308475621
143075826
386140257
248150736
814062753
216037854
438621705
601823547
125847306
126540873
206135874
814267305
243065817
423150786
368045127
421860753
134860752
461830275
801342675
273510846
831046752
761824503
128764305
203851674
204138765
486250731
153420867
703126854
328015746
607438152
265013748
563128704
123046785
235460718
536072481
756043128
204835617
635074281
162740538
631748205
285610473
356418702
347058612
305817246
725048613
103854726
142780653
234015786
216830754
261073485
714320856
304172685
416078253
804125736
135082746
176825304
412850763
314087652
234718605
823051674
273064815
236540187
134768205
251037864
405812367
453672108
103824765
786210543
374615208
142365708
402758361
712430685
213054687
273861504
306241875
835640712
625873104
604813275
863521704
132784506
831254706
438620751
467150382
571830264
263850174
147630852
782041563
801432765
834760152
124035786
601783254
728630514
471528603
268057431
243015768
376482105
701832654
508163742
154082736
163482507
124758306
741230685
387160254
472036185
417068352
134526708
154083762
173820654
102843765
407352168
745863102
285074316
821560743
135642807
281670453
256430187
234087165
802537146
142085367
137620854
386452107
136082754
138074562
813074562
408613275
742031685
743025816
512638704
354728106
503674182
234867105
162354708
201376485
671584302
804312657
482163705
273184605
105728643
105423867
403815726
453768102
243150876
712650483
208175634
132048765
823741605
713245608
583210746
873061524
735684102
384025176
264873105
126830745
285736104
184032675
758130642
326170485
802153476
308452716
753024186
218053476
382415706
718250463
647025138
346210875
581423706
204756138
804721653
601372584
203475168
612073854
823765401
524380167
204135786
682073451
152063847
142385607
304612578
263078154
162780543
247180536
135460827
167250843
102578436
864130275
713025486
503684712
351072486
612843705
135467802
203456781
213058746
487312605
472163508
541370862
314526807
763042518
743120685
317254608
258147603
812463705
123850746
641732805
823051746
713240685
137264508
167823504
126358704
512730684
546120873
317584602
865034721
605841723
178623504
412586703
403625187
615240837
824651307
637810524
203185746
258037146
702314658
582734106
647850312
713620854
204376815
805361274
841026375
627451803
142058763
173420685
126840753
613074285
328640517
304258167
418765203
437120568
713260584
852743106
512673804
612430875
452816703
203764185
273148506
105243687
364120875
304821765
207481536
872461305
148560372
813042675
634821705
301645278
823460751
304285176
312760845
314650872
148023675
271346508
642178305
603741825
107532846
102457863
258034167
364815207
782041563
203618754
783120546
712068354
263081475
354261708
374215806
174230568
102346857
715432806
803712546
806453721
152483607
123780465
173524806
204156837
104635827
841023765
482017635
154032876
671820435
673180524
834165702
124368705
106723854
732584106
682310574
421380756
134026857
607312485
123874506
123047865
207385146
328054167
804215376
823675104
203567841
582076314
483210765
805423761
584017632
713240856
428675103
643715802
425860173
261754308
283064517
143720586
402173568
238654107
723451806
263084715
534127608
658047132
785430261
158726403
372164805
673124805
512836407
108426753
364850217
465730812
452081736
103527468
738620415
368054217
105832746
705431268
463275108
861045732
103246875
204163857
426037185
403821756
834260175
843752106
851034726
438072615
507218463
723014658
835627401
651073248
402673815
284730165
402513876
842035716
683072154
802513746
341085267
876053142
104263875
571438602
243750186
678025413
275860143
741580263
723560841
128450736
152043876
401823765
125043867
351028764
253087164
274160385
103486275
301645278
361540827
708461523
164273805
203671485
645871302
578031264
781632405
812764305
356240187
163740258
513047862
706153824
574360182
216078543
135780624
238057416
406723815
736280154
523718406
712054836
425136807
163870254
872560143
613745208
271063845
768235401
142673805
826310457
724631508
214360785
813760452
123086754
603482751
215034786
237810546
308251746
821530764
425170638
805124763
126784503
812730456
713456802
506831724
836014275
512780364
426370185
802631745
103284567
108276534
713025648
264081735
342016875
406175832
123580647
561730284
532170846
412830756
806324517
207145863
351620478
837546102
206417835
163720485
128740653
465812703
672134508
205437168
813240765
304216758
387421605
826754103
107643285
104873265
231850674
564813702
782135604
617832504
302168754
346721508
603512874
251683407
437081625
672035418
285713604
387245601
173486502
863041275
814563702
327048156
836217504
103685427
581240736
831572604
301874652
841735602
238750461
745083216
356027814
768140532
806217354
723160854
301285746
248710653
134082765
314657208
126073854
205316487
341075628
234750168
207843165
831076542
165087324
823745106
142068735
241083756
471653802
103875426
674253108
625470813
712643805
831526704
384076512
258713406
213075684
823051674
361250478
701832654
843270165
462378105
746213805
364170528
235178604
376012845
134250687
203478615
385741206
358024761
853046127
138720546
345120876
123478605
103728654
523016847
714325608
107684352
806273415
568371402
708152634
142537806
401852763
782063154
684132507
324015876
807321654
142085736
843710652
136540827
308261754
802145376
384012765
712345806
813064275
283015746
508426731
264578103
435812607
235160478
428310657
168073425
241750368
103625847
241835607
308162574
703125846
813670254
603185724
608215743
823675104
301258764
813056427
834710625
746380152
273184605
105236748
107286435
524780136
874051362
408325167
134820765
312460785
813640275
671840532
802416375
805361742
831067452
723051864
637824105
135042687
781026453
102783654
603417582
865041237
124035867
487562103
267480531
123740685
217430658
762130548
741058263
506487213
143086725
128054376
128430765
103576284
307184526
207615438
641037582
237150846
