261703485
083516274
074318265
062184357
267501438
463201875
061832574
781564320
360174852
072453618
834126750
523108674
053216748
167843250
035142768
015634287
123784650
280163754
031847625
425173086
362105748
362784510
284603715
236874150
682304175
814302765
261503478
713405682
836205741
014732685
072418365
812756340
452301876
840167325
862103457
340162875
280746351
680342175
461827035
240718653
630284715
325701486
243501867
135782460
610273854
832145760
246817530
360185427
254368071
143507862
528401763
125836047
273614085
813705264
245637180
816524370
072645813
280354716
681405372
253816740
783512046
245703681
120783654
812564073
125736084
034125687
243167085
061872435
652103874
386204175
578213046
123706584
314275068
058123764
462173850
325604187
635807124
438205761
135426870
152703486
253817460
451807236
832761045
058347612
748521063
640723185
280173456
253704681
328104765
824703156
581702643
031842765
273106845
018467532
250148376
340156872
340216758
843701652
056184273
568134027
028364175
251846730
087462135
783651024
045136872
613208745
841735062
263485017
123674085
237804156
231405876
814206573
350482176
630217854
082654371
615702483
356201847
042865317
813547260
612874035
720536148
120857643
071648352
350162847
470351862
356124870
534106278
731824650
258703164
580412673
614302587
281435076
624801537
263701584
235164780
435621870
036482715
256813047
721308654
123645870
183524067
320458176
051673824
754208136
142703685
314208765
014836752
836107254
120865743
254873061
051473286
028713546
260475831
627143580
234608175
142603875
831246075
315802764
130725486
273608451
873506412
153284670
043625718
682371540
645302187
458312670
683104752
350146278
541863072
682713054
023175648
184706523
782103564
153802764
324105768
340258716
230157684
560713248
046235718
123645870
647108235
586173042
370246815
158203647
081756324
125634087
074635812
365218074
342701865
283145076
821503764
036175248
075863124
148275360
726541830
642307185
012358647
031574286
072138465
145702683
248673015
146537028
832416750
276304185
042713865
350728461
152637840
435816072
823617054
234157860
083526714
836752014
023158764
053128746
458103762
810746523
320176548
420165837
435728016
210687453
026143875
214635087
510368742
384102657
240563871
024637815
243568710
254187360
576802431
831467052
453281076
273814560
041732865
123748560
825746130
130286745
412308765
540283671
385472160
423605718
362705184
415302768
132805764
810742365
382601754
672148053
328506174
071423865
183706542
310274856
841702536
370816245
072463815
657308142
782143650
813205674
067348125
851306427
320146875
340785621
014835726
123785046
645208137
172304685
841256730
150426387
748315260
127685043
645301278
183456720
163854720
123705486
153804267
548216073
682135470
130425876
158702643
830264751
261304785
651324870
526178430
264715380
345801276
183645720
732108546
145263780
743105862
316245780
548761023
368701245
170238546
012753864
235617048
143608275
835421670
734685210
014672385
512647083
852316740
851703642
418702365
423165870
845301726
153607428
438267015
172683045
713405826
432781065
510486327
376204158
712508346
642715380
510248763
085241763
482571036
061542873
861703524
014852736
034185726
851247063
123708546
265103748
240136758
213457086
147325068
637401258
681423570
835706124
184762035
240613875
184506732
073125468
123674085
862314750
230681745
851426073
273105648
085123746
523608147
423651870
587126034
081736254
458702316
154306827
143287065
013872654
140862375
850473216
162753480
054732186
023861754
835216740
036124758
470825316
318702564
714863052
435602871
870253416
254108673
360812745
231758064
670452138
024635871
378102654
582601743
123645870
123784650
152703486
015476283
082451763
128753046
425816370
652813074
856302741
512738460
830724651
074321658
784105623
710682543
413625087
057823416
613872450
126875043
235708416
370648215
023865741
072834165
021543876
843206715
540326178
473261580
864701235
136427850
162374850
813754260
315204768
175832046
612847053
142836570
473608215
135726048
721368450
726381450
124365870
123786054
436125087
123854670
136782054
051824376
351706842
820156743
136204758
125347068
026873514
260143875
256803174
014825763
153726840
134875620
752103684
253104678
268504137
145672083
162804735
482135760
123407586
315824076
623807154
162783054
647203185
234815670
162708435
871263054
083246715
843752016
682514073
086432175
132508746
346205817
245306781
273415086
130675248
437652018
342568170
253187064
278406315
810624753
412506837
013562784
813702465
083721564
310652784
342701658
812463075
810462753
063247158
862503714
236408715
867145023
613825047
360152874
324108756
027153648
062713485
536174082
138704625
035748162
576801342
123864750
371684052
340872165
283174560
018732654
056283174
872103465
043286751
531602874
138724650
350642178
013624875
478603125
063245187
216804735
146723850
834102567
283104765
138507462
738106254
860317452
248105736
250147683
015423786
134286075
064125783
514602873
243508176
750281634
350628174
234568017
852367014
783561042
813726540
160538472
041275683
231568074
423105867
246807513
810243765
132805647
613825470
281436057
670832154
437205168
023658174
152406837
643805217
612408735
342105786
812503674
125607384
613804725
362581740
257483061
680751243
014836752
012853674
013864752
750318246
534201867
035247168
035826714
715426083
123805746
823715064
231745068
682503417
073184625
268437150
671382054
413206857
836725041
270345168
310456827
032851764
574302168
273806154
154706283
152604738
428605317
810263754
084235716
867301524
123804765
138574620
140732685
364105827
482103765
123406857
437102856
071634852
832406157
840235671
816352740
018624573
130547286
162804735
023148567
813205746
540316728
230184657
140382675
812403765
135426087
810726534
763251840
120453876
246103875
027153648
345126087
123608574
815603274
345207681
368217054
123674850
630518472
340285761
418235760
315862740
185372046
120843765
025138674
710536284
230785416
416208735
534278016
234105678
153802647
250134768
832104657
523806741
318704526
013754628
043216785
273845016
172543086
042183765
142386075
481306752
813574062
271408653
218703465
134602875
810654273
134802765
260317485
612873054
164823075
358206147
075416382
240731658
620783145
013726584
821703546
345186720
014237865
234105867
230681574
582314760
861342750
315402867
520861734
214305876
013724685
280431765
812673045
346275018
123846057
374105286
420183765
213405867
432615870
618204573
140672538
823401657
083564127
412608753
681504273
182764053
480635712
873642510
840367152
853714620
713628054
314502768
610253847
071824365
847603512
314865720
357206841
241603578
648251730
576241830
027458136
620813745
157608423
812743650
516842037
162703845
637824015
061852734
126304785
845231067
570243168
473201856
813726054
840356172
034215678
532164087
854207631
263408517
015642873
465103827
126537084
437612850
432867051
326104587
763821054
418756320
536271084
023415867
230478615
163804527
230816745
364157820
462857310
035267418
542168037
625107348
162807345
028743615
634207851
130254876
138657240
835426071
173684250
016358742
386102754
150436782
648152037
682703145
521463078
130546827
742356018
761803254
023864715
731845620
236708514
782301465
612407853
153206784
816502743
435627018
825673410
841207563
587102634
167382540
751632840
712534860
128403765
783401526
580236174
742813650
281753046
235148760
243781650
041823765
732648150
285304176
714382065
627104358
712503648
572604138
172564830
724815063
230865741
842601375
063245718
025613478
613205847
148305726
326514087
027143856
286405137
283714650
073124658
137506824
612873540
248105736
162405873
823701645
713508642
740521836
214857360
162405387
058412736
548306172
435201768
735201486
086215347
834752610
748502316
420168735
084671253
572801643
023156487
783612054
827634150
283701465
568432170
832504167
713508426
826173045
152803746
135802746
360415278
063815274
035871426
480672153
354608172
713245680
134207586
046273185
810723465
213704865
734201685
835421670
124307685
243578016
134862075
052683714
012457638
648237015
516703482
384265071
875314062
260748153
183742650
142853670
572143068
532168074
873256410
012863754
780524613
123604875
014237865
134802576
034275816
076342518
125347680
751604382
134602875
037561248
140672385
740136285
120386754
721483560
613205847
230564817
435607128
283705416
021763854
053182764
678103254
631205874
837214560
186502473
761408253
863502417
820763415
412857630
013645728
153708642
012348675
645702813
176208543
164802753
064235817
784201653
350824761
143572860
418603275
480531627
650718432
576132084
813246057
761523840
825306741
463721580
273104685
452608173
023846517
728563014
031628754
214735680
082716543
853204716
384176025
175304628
123706584
342157860
162483750
863104725
154832760
034276185
430761852
873602415
731246580
145803726
435721680
031827654
263745018
851403276
831402576
130582467
623154870
023146857
056234817
254731860
431805762
264158073
273184065
618702435
143876520
716285034
870516243
430175826
456831270
612804753
418325067
154302876
861234075
721863054
768213045
583104267
834601752
571428360
514308762
431785062
451308762
784301625
123648075
234185760
210583467
023614785
832574061
621804735
831572064
670214853
830674251
153802764
230164758
145208736
835204761
214708365
075214863
610483275
078612534
257648013
350148672
837621450
378102546
318704652
483167250
618704532
617302854
845706321
813627450
430281765
167854023
268103547
280357461
143728065
086213745
721503468
375612048
280654317
130285764
042165837
142705638
012673854
075341628
073124865
068724351
713258064
278104536
872103654
173842560
824563017
830625417
012843765
012853746
024163857
123847065
741865032
521734086
452873016
756803421
153807624
148673520
130674285
312705486
715602843
631508742
086237145
281463750
140823756
147538260
023184765
037624815
140768253
243501867
012863754
813456027
013425876
130246587
041782635
136507428
710842635
428361075
234706185
043267851
364782015
785601324
430617852
682501347
274306158
835471260
712486530
280157436
130678425
