142867503
236418705
184036725
307164825
278043516
138072654
623751804
413825706
103824765
351280764
134028675
371240685
814672305
814720635
804516237
703182654
105326847
508674231
854710326
176520384
218530764
701524638
103274586
561230748
158027634
485312706
574082136
871053246
357628104
658147302
307615824
872016345
806143257
154076283
106723854
638517204
273180654
748016523
268714305
482015673
358047612
583046217
486375201
201435768
147560832
605128743
615420873
476012853
163574802
283056174
683074251
143025786
584321706
274130865
283164705
604283175
861034275
246081537
253840176
203865417
347860251
183064572
573014286
842073651
168540327
403516287
801472563
827053614
123674805
612083574
714063285
837562104
321086745
128640573
325470186
204836157
573184206
532418706
738014652
702685314
851730426
183457206
627045183
104637285
123456807
584072316
716532804
813462507
734520816
102534768
286340571
102756384
803271654
806247153
603124578
356024187
687450321
163840275
567032481
236471805
852064137
381026754
137650428
327564801
312074856
764521803
461053872
628435107
726135804
134760825
236150748
801342567
238017654
346820517
285034761
208351476
154078623
415283706
863025147
568120734
503874612
147385206
432068715
706412853
607482531
783641502
608523471
802763154
204635871
685310724
423571806
302514678
814350672
701382456
471035862
158273406
143062857
851063724
368157204
701382456
164370825
561273804
183542706
615824307
724860531
712480365
872015436
241078635
678051234
206784351
601235487
803276145
437820516
507632418
156037248
278450613
274186305
425680371
703281564
234176805
801245736
701854632
683140752
478613502
143762805
617230584
623840175
465072183
607241835
173085642
738245601
304215867
623480571
624081375
713548602
301572684
136524807
624081753
283074561
186350724
263714508
508324617
123670854
381620745
781034652
203178654
124576308
701234658
813740625
184370265
248063175
142735608
613720845
834710625
402738165
382756104
256013847
401826537
408267315
826014573
413026857
307125864
176340582
506412378
163478502
157380462
473128605
682730514
547230168
314052876
761035428
158673204
461283705
125047683
218750364
236570814
503761482
107462853
813720654
234078615
624830715
123670548
132647805
672510843
205376184
246531708
273064158
712560843
236051478
276153804
382041657
304287516
687450321
574012638
235687104
613045287
234718605
302657184
346078251
605741832
486052713
263045187
154870263
318064725
653710842
701382645
142057836
682073514
132056847
203157846
856413207
725610834
308527614
237041568
645127803
637248105
152046783
345170862
231085746
301547826
314650287
731640285
301642875
586310274
634710528
234180765
482037165
847316205
485023761
263041578
713046852
734025618
537286401
214378605
534120768
786032541
403261587
235148706
103265748
142783605
256143807
852170463
275314806
163874205
207153864
132785604
402163875
527380614
203746581
785420163
247360518
205746183
824160753
584036271
265134807
156047832
781023654
801532674
305162478
506178243
562873104
814072635
546130827
423087165
781230654
152074683
538062147
602753841
751864203
603517284
357614208
208654731
428657301
524816703
805341726
143260758
572031468
248057361
108364725
871360524
302456187
273045168
481250763
402387165
213786405
172630854
214058637
184762305
845130762
721034685
134620875
503246817
428153706
436172805
216748503
618230475
248716503
873021546
106254378
208734165
714280635
305184762
702186354
571283604
461038257
682140573
231684507
235610487
204736185
387625401
856134207
823650741
304728165
723015846
263740185
841352706
324785106
528640137
478165302
813574602
328145706
145260378
507284631
403172658
501746832
321046758
705134628
583124706
164052738
702634581
814637205
248035176
507326184
706532841
372014865
801243765
283570146
601743285
342651807
685031472
703264158
253146708
156048723
714638502
715420836
214730685
761028543
321875406
213854706
406532781
684031275
376420518
278045136
805231746
384260571
374620815
401256783
304278561
514230876
245067138
683710245
502167483
143752608
108523746
107354682
561320847
502684731
174083652
708653124
807213654
134067852
804615273
742560831
815037426
127038456
183526704
786520314
307614285
812475603
628047153
234156708
658142703
354072681
281743605
617540328
708613254
463270851
815640723
873420165
305142687
203185746
137624805
865271403
725318406
743615208
762183405
862430175
204156378
836145207
302148765
623710854
681734205
341875602
407132856
814370562
842013675
182650347
807612354
683172504
507314862
268540371
603254817
871254603
354168702
562148703
365420871
371062485
231084765
631075842
103764582
402163587
643120587
865340217
216058473
805742631
342718605
234718605
348256701
468572103
718640235
267053481
203487516
801635742
134672805
281370654
164052387
327086415
374851206
431572806
618032745
425160783
546278103
415678203
132850476
342850617
428173605
457862301
346025178
481762503
806273541
283410675
843256107
157064283
463820751
402617583
346150287
826170453
346120857
317850264
123064587
567041382
104783562
763120845
805324716
627834501
378045621
875016243
632147508
247830651
216743805
143082756
501273846
215873604
123084765
308517426
814520673
815026437
361047582
368750142
206843157
148362705
173258406
301246785
564071832
846751203
623018547
846051237
783245106
123784605
468152703
123678504
135024678
713425806
241360875
287461305
268510473
306584712
682470513
136082754
163825704
602835174
137650842
671035482
128463705
713625408
834016725
615784302
213780645
708263154
256780134
132485706
654023187
458630172
403612875
362180754
237564108
872430615
405813276
851270364
243015768
607253148
621043785
302748561
136740528
287065134
267430851
128370654
754018326
146372805
204681753
801574632
708123654
475320186
145037826
148756203
861735204
123758604
346180752
104328765
237815406
801643275
136742805
618034275
812630754
581234706
234870165
514083726
345160782
547281306
536021748
128740365
683072541
108754632
714563208
705213684
704281536
481362705
428071635
142083765
612085347
201465783
438625107
723850641
751086234
354716208
145073286
458026317
631284705
406158327
781620543
126038754
841056732
601475328
863125407
165734802
258730416
386052174
127630458
572034861
134860752
413250876
384670152
314026758
834021765
345768102
205613784
714032568
201368547
134072856
321784506
482736105
145382706
203164875
136072584
507143862
743265108
841250736
152860734
831025764
356028174
302174658
254016783
384670152
603217854
245360781
125847306
816342507
168734205
364821507
812463705
384025761
142570683
703216584
642851307
573148602
368052147
254830716
831267405
834062715
138467205
578123604
465370182
547268301
142830765
812650743
582013674
801724635
785013624
641072583
123876405
248510763
408213657
123456807
607354128
684152703
271830654
782150463
271530486
876153402
574260381
123467805
701432685
273014685
183065742
248065137
243751806
713084265
412730586
247863105
507132486
426150873
632840571
863047251
365240817
613528704
405287316
485137206
528430167
806512437
587024316
304527168
713062485
607124835
437026851
563280174
462170538
168740235
602583174
803716524
154032768
185430276
218047653
685017243
105734826
602814375
172380465
215430876
107586234
765281304
806253147
386041275
781035246
872534106
136824705
805743126
132786405
613854207
841056732
308264157
436715802
807514236
407153682
107342568
741630825
763180254
423167508
264750831
832046157
581620734
172685304
304718256
452630871
603718254
315260478
831064725
234187605
861023754
308165472
203674815
183720456
307126458
526813704
326140875
753460182
305762481
324851607
356720841
806743521
853610274
307245618
375842106
284670135
621034875
501724836
635120874
135270846
162830475
185046723
105382764
236147805
603174825
103725486
153084267
125873406
281540763
503214678
713048256
854076123
267853104
815630742
524680173
568470123
263054781
803621475
162380457
207658143
356780142
108672543
647320815
814032765
364850721
813072654
304127865
714062835
605248713
152860347
715068342
408215736
182043567
403128657
135840627
647238501
217450836
368150724
805647123
512834706
108625743
173540268
283674105
512463807
326174805
516084237
631248507
312075486
628051437
671528304
684015327
581023647
512683407
708254316
235780416
374120685
283547106
218753604
634025817
103486752
528076413
203187645
305187426
501423876
217340856
163452708
508712634
345167802
831520467
263085741
243018567
172843605
467158203
301428765
418073625
103274865
806715243
187526403
125074638
832710654
302671584
203178654
247013568
732645801
304652187
207143568
683140527
358240176
148652703
162780543
362041758
106782543
485216703
318540276
736415208
304287651
236075418
135670248
456182703
578021346
236145708
253018476
406852173
621734508
205136478
831042765
751048362
135780246
684021357
201346587
265184703
205168734
804325761
163085247
753042816
143085627
731486502
203156874
158476203
341258706
728043156
578034216
354086712
137645802
601824735
215786304
247130856
741863205
547386201
823057164
723460158
205364187
214630875
287163405
306527841
305628174
314256708
712560438
137042658
124850763
804165372
468371205
302475861
213874605
204735168
834052761
702351648
862071345
832754106
205837146
165042378
624013587
841025736
368210475
306275418
287130546
485063271
412036758
423018765
236075184
204187653
173428506
385271406
283710465
103527846
402173685
471820536
401763825
617540328
482163705
768351204
456217308
801673425
862410735
834025716
102475836
601237584
261840537
702481635
712683504
863140725
713856204
603412857
304715682
431270685
263048751
261830745
286035417
852014736
107583246
673018524
708134526
162843507
728650134
653140287
542013768
526810437
413856702
582136704
138760524
641530827
174820635
758132604
315460287
107234685
453180726
128756304
531062874
354120786
402318765
103824765
584760321
628035174
834256701
516830427
301845726
608234751
836015724
204876135
316754208
408712365
508721643
706153248
305461278
471635208
156280347
462380175
217086435
806543712
134862705
304167852
802317465
462075138
783150426
