741025386
703615428
821534706
143650872
256148703
147253608
153074862
143780256
163740258
308162745
481230675
267013458
235078164
865127403
605712834
437610528
435867102
134672805
301754826
142078653
173850264
832467105
708536412
234075168
483051726
304257861
245830761
712560843
204571638
465023187
134082765
201587436
304125768
237140586
731420685
315864207
783165204
864315702
547632108
813650472
135476208
108562437
613045872
562073148
605732418
106527483
261048357
763024581
523048176
106384275
571032864
674021853
645230178
125640837
402681735
607824315
346028157
805241763
164235807
641370582
183075246
145870623
274085631
317042685
371624805
206134857
578430126
851763204
164857302
164720583
712584603
613728405
258160734
415820736
276053418
401328567
514630827
803215467
573210648
156380274
684523107
405216387
647850123
874560132
365140287
782431605
852017634
462073185
641380275
701542368
201874635
425013876
803215746
408137256
532160748
853140762
168452307
632087145
531026784
458726301
382570416
803417652
728053416
613485207
608572314
804751263
852073146
143678205
724036185
457280631
305182746
405371682
456120378
623054871
842571603
613740285
254638107
712430685
473820561
274185603
607823514
372568401
428570316
503126478
235416708
672148503
703581246
817360425
678052431
172086435
801432657
452710386
745810326
537840162
316240857
604835271
624380175
216850743
213547608
201854736
837614205
437085612
702563418
213067845
841067253
524630187
847360152
287630145
274863501
203781654
406172538
704628513
413620875
267148503
106825473
524160738
518274306
837251406
157640832
107624385
763184205
283017645
134082765
507381624
571024386
345072186
142568703
826043571
142375806
183560247
503721684
706385214
263047158
716450283
135786204
102564783
587041263
273018654
356048271
831062547
172634805
213746508
256348107
783461205
254670831
246385107
682357104
384176205
285613407
842631507
813074562
712056384
134075286
683170542
803157642
148560237
206741583
523460718
126054873
417023685
436750128
732048561
403156827
103268475
702546183
714032685
451086273
813764502
153072684
102438765
583061247
284670135
526830471
835047612
501328764
875041632
304165827
386140257
436825701
205673814
286130574
301472658
804617352
412087653
172830564
587320164
107324865
612837405
176280543
817026453
607251843
416037825
205486173
824031675
375026814
713548602
506218437
103257486
671034528
602143578
502816743
481072356
743152806
437260185
208364175
216470583
583740216
238150647
518034726
361580724
126073854
607342581
857340162
872461305
274156803
845062713
802753461
725086134
456371208
851637204
234076851
205743816
374018652
205836741
134780526
137264508
374610528
154360827
703542618
173450862
135084762
258430761
704615823
162384507
102834567
813625704
401587632
782360145
421850736
863245107
763028451
703564182
614850237
387150246
182567403
512786403
614072385
453160827
732064815
427013865
837461205
704625831
301475268
465213708
215043876
324680715
631587402
407813652
283560174
438570612
283150467
627845301
208643517
602843175
361420857
624785301
263018574
514673208
658732104
617820453
713824506
768051432
602831754
532018647
814260357
218670435
721046853
613820475
134820765
187450236
123760845
163724805
841670532
364085217
318745206
537840621
801473265
306245781
142073568
702351648
104825376
473056218
163047285
764150328
236014578
385741206
142635807
253841706
756048132
132046875
813760524
253470618
612583704
807634215
701348562
547230681
453160827
537642801
712486503
135420876
283071654
532170684
375246108
843675201
705846231
284365107
174230856
803126457
502817463
435710286
862073154
627034851
135068427
304162875
201743658
546120387
367140258
541268703
341250876
273046518
385062147
208314576
801265374
301562748
208174365
413026785
407831562
508741326
184032756
143085762
715082346
658123704
165047238
258130746
601482573
851243706
832045176
148637205
452730168
783410652
103827564
437518206
287460135
756240813
276380541
734625108
204375861
467812305
234061857
253176804
472680351
237016485
187640523
167052483
876021453
754382106
531487602
716028453
741023685
324815706
243175806
275840136
874625103
584267301
813046257
603582471
254830716
372510486
208761435
834061527
804631275
824061357
468371205
651340278
635024871
851324706
234016587
324086175
342176805
278160543
425760138
485072613
416783205
136527408
763124508
457016328
387210465
106435872
381674205
153064827
248316705
208153674
356210478
275068341
136875204
287064315
812536704
261043875
408326751
834056271
481260357
527430618
452630718
568130427
174352608
401657283
375120486
854210673
746250318
234168705
431780562
107342685
601732854
167530284
108457362
701253648
673082514
387014652
267031854
527130846
807561423
702365148
748310652
235087461
178364205
681057342
157023684
458762103
124083567
834710256
374150628
123560874
463720581
374018652
286034571
135076284
702483651
286170543
128063754
831540762
162340875
712453806
103856274
532081746
407381265
485031276
308147652
521083746
674013528
835246107
813426705
425130768
451782603
165740832
152430876
702481563
136740528
423087516
538640721
108635472
365827401
123640587
108253476
813756402
503741286
642817305
705642831
274168503
648213705
416830725
786153204
851260347
641523807
203785641
213470685
873045126
482760513
604137825
236781405
316842705
342085176
812065743
376280145
485620317
705628143
872160345
254370168
345680712
403281765
206583147
314820756
823410765
512034768
736210584
103528764
105623874
702418653
487516203
204736518
763581204
726083154
218643705
147083625
617042835
782036145
637210854
305628741
645038172
386015274
874326105
806573421
341027865
605382417
138024765
528034176
158064372
873046215
714835602
703645182
503172684
472085136
128073645
821043567
254683701
603425817
132085476
382175406
321046875
345280617
673248501
568310724
682051347
364012875
305821746
513840627
506317842
273586401
203167854
402731568
402163875
701842563
271048653
807631425
364517208
703261548
128045673
715062384
103872654
164820537
263540178
706342185
382570164
164238705
472618503
627130548
674381502
618730524
462571803
328740561
135087642
201736584
403781625
235160847
124036875
584270613
205761834
873261405
135086247
304761582
601538427
274830156
641830725
514063278
524083176
827014653
827140536
634150872
374218605
206145378
283764501
256710438
285034176
542780316
123450687
423150867
104872563
247863105
306271854
285036714
123064875
357610284
857023641
108427356
376145208
284751306
573186402
685024173
721053846
728053416
105632847
602317584
508314672
408352176
142053786
518260734
248510637
807132654
702463158
745681302
583046172
324817605
527861403
724360185
724356801
724016583
721586403
275613804
453170628
318745206
312078546
603215784
821035467
163028475
672350418
531860742
483012756
681427305
271365408
517280463
534210867
812560347
846731502
476283105
635218407
457310628
236780514
703826514
185072463
705318624
263184507
273856104
871026435
754032861
134062875
385072416
456821703
538072416
861472305
407682351
867234501
307146852
704316825
132576408
143520876
843120657
426751803
354712806
254830716
325167408
852461703
351270846
782630415
167230854
301768542
157280364
783526401
205683741
806127453
854671302
345120768
641052738
341026785
762018534
708251364
103654827
243615807
576038214
308254617
473012658
602837451
713245608
754062381
123075648
178035462
712463508
306284175
501243867
102564837
872014356
401273865
105783426
236045178
724650183
768032451
271846305
783160245
413065782
502346718
342187605
304825671
572046318
216034758
135074682
542380617
452068317
205438176
385067241
842310657
467150823
451820763
347016852
815023764
824760135
301854762
102384657
186023754
238756104
724185306
138076452
486073512
125083764
107236584
706512834
314072865
103786254
763418205
324516708
258134607
825470631
527340681
164870352
571284306
256317408
278061345
483670125
106537428
185720463
801256347
201764835
641852703
304157268
753640281
683714502
614083275
256710384
824160753
685437201
521634708
856037421
463087152
142670853
165028743
283415607
528740631
807314526
716840325
458310672
872045316
106847253
721450683
365270841
317064852
781364205
856013427
753068142
264037185
208415376
104863257
734016285
568013742
738024615
614832705
285760413
167843205
261034785
831265704
832067415
403586712
501748236
273860154
354120867
472153806
742368105
234160875
384726105
805264713
134780526
405631782
153026784
185430276
342076518
403128576
543810726
273051468
526048137
138054267
706813524
253168704
461582703
308452167
801762354
152768403
264371805
105823476
806315274
471320856
152630784
614280753
807624135
408213765
306154827
304185726
573046128
861452703
861023475
124753608
605278143
203784156
385270461
148325706
523768104
831765402
482150736
814520367
513740268
236078514
105683247
452016873
306875421
306518427
175243608
832075416
102345876
708136254
102345687
862350174
815042763
608741235
381576204
504736128
813640275
107562483
823076154
612784503
624810753
403815726
638470251
873140265
143025786
564032718
826340175
145067832
534128706
802415736
103856742
826041375
102675843
207345168
123576804
726843501
537824601
105236874
205168347
506234817
405371826
264170583
213658704
147065823
301476285
854720136
823560714
803715264
506182437
483751206
356870124
478023615
624810375
257348601
102867534
163528407
301628475
138570624
107632485
504726318
785062413
586420173
206483751
105863427
418036725
135062784
726810453
864071523
652147803
546837201
325140786
378264105
107538264
431750268
104283576
534678201
456218703
234071658
153240687
273410865
437815602
281063754
148025763
637520814
104832765
376012584
431582607
718620453
681034725
835710426
238570416
804136257
874062135
502836471
672430185
405612378
486213705
817640532
358142607
681723405
503714682
275460813
843512706
345120768
105846732
123045687
304127586
605837412
816032547
248036571
148032765
123850674
765138402
163420875
236785104
537126408
173452806
437085612
526087413
136085274
401785236
435182706
502863417
246380751
432076581
817253604
