728601543
032415687
230675841
082134765
350126874
123407865
082354176
482713650
256108743
256103847
518703642
812753046
023784615
780621543
718302654
013845276
034187256
250346178
083214765
230184765
816302754
450312876
035826714
760253841
081643275
824761350
120673854
234715086
013824765
813725460
162803754
823716450
836702541
625173480
213867045
324715680
652378140
083264175
124657038
213746580
034872651
813724065
136852074
134206785
516327480
018526734
851603472
140738652
084316752
230185746
042637185
283106754
045186732
234617085
235708641
084231765
024138765
273145680
813245760
234806715
234607158
283106754
432105687
280573146
034857162
023174685
753608214
123864750
853762014
283156074
714325680
540132687
120863754
783241650
234856170
034825716
624305187
240138765
031847625
674132085
834705612
253108764
130824765
152703486
134782065
384715260
413872056
852103764
870124536
142783065
273184650
230184765
320817645
687253140
083615247
016532874
810453276
132805476
130457826
630184275
128653740
836725041
813607254
813705642
571346082
813204765
345208176
814702635
142805736
134702685
720513486
312864750
213874650
340127658
873401625
246103875
234576180
836205741
273604158
126534780
781203654
364871250
162804735
612803745
185402736
124385760
142305876
142603875
435802761
083741526
025183476
453286170
230178546
863245017
120563748
013264578
123804765
748302615
025748136
154326870
153846720
734621085
123845076
340872651
132854076
263814075
231708546
041875632
814356072
172863540
347285016
123705648
130724685
235481076
863204175
364208175
014826735
125364780
172803645
813264075
364102875
248703615
416725830
713205648
270543618
482703615
143287065
712685430
712683054
081724635
631287054
123704685
384712065
280347165
172863540
043217865
140623857
324781065
821306754
281405673
730216584
341708652
173482650
016832754
283164750
815324067
136402857
142758063
243175086
136784250
152678034
634105287
284361075
142856073
418203765
130824765
123706458
230168574
086251743
248156730
213805476
382654170
820413765
130824765
812765430
023714586
245713086
623104785
240153876
810762543
526187340
142603875
384102765
283605147
273845016
135728064
162583047
536142870
123856740
815724036
812403765
023174685
135802746
864102735
123708654
340162875
281763054
832714065
134862750
283104765
851603472
523174086
854301762
710836524
138502764
123807456
123475086
823605174
036152874
283507146
138465072
278301654
130284675
681527430
260345187
216304875
356204187
480132765
830215467
042156873
123674085
123467085
160852743
741203685
283701546
345108726
283407165
026173854
130465827
130824765
034286715
123785460
734285016
572843016
614832075
032861745
235408176
038624175
130624875
810732645
582306174
327105648
316284750
612543870
418235076
143528760
834601275
620851743
813256074
821506743
182403675
123845076
014763285
370821645
072681453
462135870
364125870
236184750
710382645
683142075
624138750
034217685
813206754
230145768
845301726
130276548
025186374
043275186
654123087
158734620
812743065
183564072
312875064
056347821
182573460
081273645
283106754
162708543
214803765
164803725
014735286
342106875
283106754
120743685
628403175
834715620
834215760
014672853
123805746
846703521
063214875
841263075
375182046
230164875
365104872
614527083
873245610
634218750
120374685
023174685
853276140
273501684
123467850
130864752
415802367
026813754
162703584
140635827
130726584
840231765
034275816
140627583
034251768
135702486
134205687
286143750
385426170
143605287
120453876
123605784
673124850
832604517
270643815
340158276
132804675
234185076
124765380
013426857
840231765
350146782
342608517
134805726
042185367
713284650
123864075
485203617
183245670
342586710
123405876
072813654
072483165
042183765
026158743
876253014
130856742
162783054
081432765
430216857
846217350
035218467
043265178
324167085
340172856
014732685
384162075
013248765
823754061
123467850
425103876
360182754
086143257
182503476
476218350
781603245
730216845
230841576
620713485
860213574
180234765
283165470
137524680
140327685
510642837
130824765
284315760
840312765
028164573
814702635
680432715
014782365
130274865
026483517
283164075
345812076
142603875
134602875
248703615
123806754
683215047
134507826
812743065
482103765
318207654
671402853
312864750
730514862
746382015
425316780
016853724
130624875
783516240
286703154
150632784
867542013
810652743
371805624
835401276
023185746
834721065
342765180
348251670
280163754
346251780
520831746
420618753
364125870
612583074
365108742
516827340
614708523
023165847
283156074
687123540
021743658
842103675
263178054
364205187
376418025
136852074
710326584
063214875
061583247
120563748
453172860
273651840
718302654
613804725
415603872
016872453
430175826
275301864
842103675
813465072
280345176
264108753
125863074
412785630
730142685
150832467
134206785
123745068
013624875
234185760
162703584
283156740
841702536
123476058
813205746
034217856
230864715
846203175
260843715
081645237
023781654
023754681
683214750
423785610
157642830
813674250
132847056
123506874
238105476
813245076
486153720
152683074
273145680
680732514
148603572
823501746
038172465
824305176
240681375
034768215
823461750
138602574
415263870
812603475
072613845
430265817
540278631
361524087
820315476
846301752
283164750
681204375
248703615
134782650
512304768
364801275
413275860
216834750
150647328
120843765
783605412
084352716
234185760
074618532
641805273
421758063
150846732
123804765
126873540
012873564
012763584
621834750
136824750
248163750
253184076
123864075
014765238
851623740
723801654
813204765
845103762
123467850
134702685
162708543
142835760
146802735
813245760
140836752
650831274
283104765
510364728
128475063
142735068
245603187
120783654
135206487
850132476
120743685
138602745
684132570
712563840
123806754
023174685
821605473
314605287
125867043
320647158
813674025
438672015
152436870
375806412
032781564
014635827
021874563
436708215
120653784
023167854
713625048
084612753
628403175
043152768
263104875
073245168
084613725
142785036
613245087
134862075
135402876
617502843
613402785
013825746
045287163
156823740
134207865
135704682
064218753
360814752
730215486
154802736
624708315
036152874
273406185
134602875
280145736
462173085
162804735
172603854
013724685
123746085
081423675
120657483
185342067
162804357
048253167
520861347
013872654
248105736
123408675
824705316
783562014
123864750
384105726
123806754
145836720
138724065
653207184
283645017
410785236
083216754
810325746
235607184
812743065
140835267
134762580
810364275
423107685
781453026
820175643
850231746
610273854
340785621
152473086
745216830
834105762
283456170
127853064
230174685
073684521
045138276
813705642
761325480
016743825
216803547
248603175
174285036
847531620
235176048
254106837
478213065
120853746
851302647
082415736
045381276
345107862
086512743
814305672
234605871
134725680
134862750
135802746
140836752
370654182
462703185
345167820
015732648
081673254
063512874
125386740
273184065
128705634
023176584
123407865
713605428
813567042
083415627
062734185
514203876
312784065
284136750
264183750
017652843
356482710
346201875
014273856
810643752
713204685
023175864
380261754
378104625
123804765
648372150
142635870
130864752
263715084
013824765
273145680
182503764
210864375
482156730
463105872
842301765
136802754
134702568
612703485
247618053
714208635
123784650
781602543
841263750
134862075
730821654
781603452
340852176
142705638
213745086
610832574
513268740
132485076
023674581
025164837
146703582
385106724
082614735
163705842
128674530
640317852
162803754
642187053
147835620
384102765
263817054
123647580
450236817
860312754
123805746
816543270
034218765
812743650
561304287
140827653
482367015
813604527
134725680
265104837
420185736
571483260
280143765
062153874
683412570
325406817
712358046
682713054
842317065
024716835
035264178
723108645
815462730
814572063
130674528
624103875
413805726
618302574
234705816
810723546
358241076
813204765
360574182
813724065
712643085
712603458
280745631
241673058
154672038
028175634
723415068
023578164
135842760
284106735
451203876
613824750
621804735
821345760
713205648
234805617
713608524
132675084
273804165
741603825
012745863
620813574
263174850
812743065
057143862
130824765
248375016
158326740
028751346
273851460
173654082
024753186
213647850
230861754
012863754
045183726
142675038
830726541
240138657
681705243
210463875
821706534
345807261
810763452
812753046
830264175
086712453
142703685
476213058
046172853
283104765
124308765
260381754
682153074
423156780
132786045
280743615
083614275
248706513
723106854
176803542
274813065
134706258
124358067
810463257
123604875
023186754
736214580
123845760
085412763
164273850
810724635
342107685
120845736
273104856
283105746
016284357
840213756
750321468
025714683
045372186
081754623
134825076
162783054
712305846
136502874
024316857
410253876
250138674
378156420
174652083
623105748
248635170
723814650
721504638
243587061
136507428
642508731
347806251
013856742
842603715
140532786
280713654
873205641
015872643
145703286
234875016
012748653
048215736
630217854
841372650
123864750
037184652
680715423
134725680
872613540
013627854
834752610
738451260
431826075
714308652
345701268
238601475
013587642
814635720
814325760
063214875
036821754
621804735
061472853
283145076
234175680
051836742
042163875
248106753
781342065
146783052
013674852
134672085
123605847
613507284
813705426
061842375
012783546
027814365
613502487
813745620
380741256
013724685
073621845
082516734
280157643
340275168
253147860
287503416
062153874
013254876
134802765
671834520
134862750
743601852
083412756
246813075
123845760
671304285
028631754
253104867
123845760
234108765
320745816
712803654
812603754
142863075
623154870
710428635
120345876
864317025
283104765
283156740
713605842
041683725
248713650
023861754
130824765
820573164
123475860
024836157
814236750
345102768
213408765
381264750
150632478
783102654
813265047
860413752
435127086
347206158
135672048
236157480
713864250
045238716
123704685
283106754
123785046
820731546
813725046
347621085
135786240
013824765
