816037452
123670854
852073614
283160754
123856704
123840765
836214705
135420876
183025476
463870215
851346702
345820167
812743605
243687105
236850147
382175406
134850726
246173805
243175806
821670543
651082734
583210746
142035687
813245706
134086752
134025876
123075486
152036874
823415706
134085726
701423865
123840765
123045876
172653804
865024713
102346857
381760524
204136875
253874106
402385176
123640875
283145706
134870625
103824765
153862704
243175806
423160875
142736805
103846725
208743615
304285176
683012574
283074615
134768205
682053174
803714625
306174852
813245706
123860754
513240867
123864705
104835267
123574608
104632875
105736428
263084715
162853704
601743285
801632475
813064275
436250187
604372851
172534608
613052874
386024175
813547206
135427608
175630284
203178465
813240765
283014765
703185642
738210465
128053746
152046783
103546827
135720648
374082165
263057184
368140752
831420765
123864705
813750642
243780165
123786504
203764518
304185726
241380765
123780654
815032746
102753648
123576804
873025416
824375106
204136875
124380765
234018765
523148706
123086754
182640537
836210754
283145706
253064187
708624531
531248706
173640285
712430685
823570416
283016754
283074615
714380652
142783605
314850276
614832705
801732645
601283574
834071625
123850746
163084752
203178546
802167543
702618543
504176328
283015746
203145876
138724605
813025746
123860754
374182605
208763514
203156874
243175806
613425708
238157604
231784605
123785406
316280754
813245706
142067853
208143765
812463705
813025746
812573604
123740685
832051764
812463705
813025746
135728604
283670154
703214685
862134507
245168703
304162875
283645107
134650827
135042876
183742605
814036752
136082754
234085176
305841276
276530184
816320754
374120685
185426703
134862705
382164507
104832765
143085276
256018743
432175806
103826754
123785406
723086514
234018765
273045681
142630875
813267504
273864105
601374528
814075236
142783605
614378502
612730548
263485107
173820654
104832765
104832765
103762854
123674805
613257804
813264705
203174685
815360724
134856702
103826754
208431765
801742653
341725608
237586104
402183765
863024175
283160754
348017265
283045176
804362175
731820654
135470862
841230765
813026547
701253648
234180765
821073546
435210876
352146807
102745638
573418206
238164507
123084765
203184765
813674205
283164705
142758603
613784205
103624875
203164875
801243765
136780254
846710532
103726584
273156408
314026875
641230875
123085746
813025746
423180765
234670815
783564201
613820754
701324685
304172685
613857402
814762503
458026317
213840675
623410875
103856274
234018765
103825746
173045862
254013687
342015786
102645837
784631205
813264705
413027865
425086173
213046875
123784605
136572804
502813764
203784615
803715642
134082765
203684175
142830765
834750126
123864705
136570842
803274615
123860754
234016875
813075642
873216504
143568207
602413875
473658102
146830275
783024165
203586174
503178642
123065847
345180726
813450276
134750628
608371524
183624705
814250376
123640875
816730542
146273508
102643875
816043752
206841753
123746805
804215376
734028165
123856704
236187504
781023654
814350726
384125706
812753406
405132867
812730564
358167402
173820465
304167852
803214765
384160752
134625807
384025176
102563874
423160875
605417832
134065827
728315604
645187302
805741623
803145726
238150764
836014275
104832765
704135682
248067153
235170486
812430765
103826754
813760452
105243768
126847503
103726584
462073185
103824765
831672405
713028654
123065847
854230761
273014685
152730486
152738604
203184765
134782605
153840726
802416753
783014625
124370685
124068375
283047165
374120685
813750426
613084725
235140876
123674805
306124875
203867514
143028765
164730528
273184605
851723406
142635807
423018765
205438176
347125806
813256704
784012635
123864705
804312765
826015743
104832765
134720685
163870425
835240761
502178463
812035476
134620875
801732564
134860752
283056417
203185746
705142638
103254687
136784205
201486753
738210654
864372105
203157846
172043865
253016874
234180765
123045768
142083765
324150687
163840752
162834705
618023754
605831274
824036715
384016275
803714625
106827543
815724306
345860721
304182765
485027631
108672435
826571403
613024875
813256704
142635807
108732465
123864705
724036185
413870625
813064275
783410652
134720685
123084765
284310765
812560734
162830754
413825706
134760582
104632875
137042658
283145706
123860754
632048175
713624805
813246507
814730652
248673105
703612854
812670345
204153876
203184765
123850746
283740615
845310672
126854703
475130862
423685107
123864705
174820635
174320865
126085734
271650483
142860753
103856742
801324765
324150876
302164785
136820754
472015386
124056837
836710524
273840165
208163754
204137856
208153746
105642873
801324765
283760514
284731605
123456807
204536817
603284715
813024765
142860753
123084765
502184763
405178263
123864705
304762185
185460723
235146807
132465807
123475806
703615842
728341605
283740615
134085726
823760415
234075168
281730645
842610753
103824765
413825706
134067852
614832705
234571806
134025876
142035768
142053786
203184765
123645807
801763524
384162705
103824765
702618543
162570843
123674805
314025786
134250876
103825746
204835176
102648573
384072615
134856702
403625187
103824765
127654803
208731645
704312685
263174805
364125807
513826704
681320754
162840735
468027153
374012685
123460857
123850746
123084765
803214765
245130786
103527846
402157683
106837524
408263751
814032765
234165807
203148756
235068471
482130765
123570468
203184765
182563704
123674805
623874105
203184765
204836157
834672501
745123806
832716504
402186753
135042876
502386174
123045768
123085746
172850634
724830165
123058764
124678305
403125678
305176284
254860731
456120837
123867504
123845706
123840765
325176804
235074186
243056187
631285407
162530874
182730654
803716524
813256704
415762803
153827604
123860754
412053876
248730615
813650247
812673405
812043765
431085276
831542706
861245703
801743625
283714605
306145872
142835706
814732605
134862705
123784605
184062573
142863705
204138765
203156874
153824706
812463705
318042765
208431765
601842375
234176805
283540716
624857301
102843765
237160854
825063714
203784615
123564807
712863405
283140765
384715206
123845706
203684175
641780253
132068754
123678504
762435801
785036412
125460873
813074625
803512764
103864275
342156708
163780524
834215706
102453876
812043765
135074826
283140765
682134705
145862703
123670854
123640875
234180765
306142578
512063874
203687154
613274805
125463807
103625847
104235876
285034617
135842706
234815607
134782605
802175436
723680154
738251604
283164705
102453687
623845107
512860743
145783206
103625847
482056173
274380651
146032875
342085761
103624875
123840765
201637854
402385176
821730654
134825706
812063754
283014765
104672853
482013765
235140768
123056748
834670125
162830754
235140768
502146783
801532746
803415276
104732685
203186754
142630875
721358604
152780463
154830762
437120685
814356702
234785601
123740685
634510827
283740615
814732605
103425876
243150768
123864705
803216754
134025876
283014765
234650187
153246807
136520874
812365704
136728405
273015648
348250716
234068175
243170865
813064275
103684725
482710365
805741236
835720461
836210754
142630875
247183605
234715806
182075643
246730185
701283654
123085746
713526804
124036758
328456107
134862705
427081653
836251704
238574106
234710865
324670851
103856274
273150486
105832746
123785406
601243875
283045176
803617542
123780465
813250746
302154876
184750632
123780546
246173805
835721406
283674105
103824765
803214765
124360875
138052764
182734605
104635827
813475206
734285106
102783654
364285107
603714285
304621875
682013754
324017865
812043765
315286704
263145807
845261703
618520473
376014852
243156807
234168705
123560487
123764508
814620753
345078216
628750143
713628504
871240365
246015783
813064275
152076438
762583104
314285706
142863705
263174805
102683574
142083765
103728654
374012685
234016758
614032875
283076514
613074285
813045762
831742605
153240876
203184765
123640587
873021654
421830765
142835706
231785406
142083765
712480653
834025716
803264175
134820765
124068375
162830754
134785206
134082765
123760584
813670254
713028654
283140765
123784605
681325407
374012685
264375108
803712654
142730685
861042753
123657804
362018754
643025187
305142876
134820765
723160854
306124875
813026754
173540826
163850247
104632875
253017846
264158703
134758602
813025746
345876102
823710456
123650478
162083547
102345876
803174526
203184765
103824765
123086754
123864705
234165807
816523704
103624875
457361802
731584602
138724605
283714605
182065347
128063754
846073152
764012853
314072865
342780615
635042817
104835726
134025876
143085762
134065827
518240763
834750612
426537108
364017852
206314875
203165478
602817543
283160754
403517826
801743625
623084175
234180765
814356702
105846732
813245706
813052764
152830674
813764502
283145706
182570463
813764502
134825706
236158704
631072485
172530684
142830765
102673854
304162875
283715406
104862753
862047153
123645807
123784605
135820746
123056874
831620754
634257801
283164705
821035746
123860754
613024875
813724605
263170854
812745306
614032875
605137842
203186754
426150873
781546203
304216758
235170486
712680543
134860752
163082574
123064875
283715406
135426807
124053876
142856703
312845706
512048763
235014876
803715426
712643805
123670548
103624875
285031746
346180752
413275806
842310765
813045276
104832765
103725648
104832765
301284765
812063754
801723654
104632875
132874605
263157804
813720654
834021765
603824175
274013865
123856704
281670453
265138704
501834726
102863754
801452736
283160754
603184275
283160754
102845367
832075416
481720635
234167508
213580674
482130765
513072486
628014375
803214765
438162705
324017865
164852703
135072648
102863754
482160753
283014765
472130685
124038765
813756402
804715236
813256704
123450687
384075216
137028465
167820543
206178534
482013765
123864705
234860157
781023654
138752604
142083765
123456807
483751206
813245706
203186754
142350687
823540617
713065428
134852607
123740685
123046857
603214875
136820754
