528014736
853461207
245380167
203184765
203586174
486031572
108256743
385672401
204368157
702483165
158073624
431827506
563280174
326085417
261578304
635480271
217043586
701482536
854071263
604732815
462170853
203416875
573180264
826341705
308146725
803657412
263174805
206571483
603154872
107456823
416580237
123750486
306412758
415083762
283540167
601345728
683752104
732561408
702185634
831740526
418067253
254136807
217650384
345018267
852047613
342180765
814253706
136024587
283564107
143076852
685071423
123750486
715032648
701354862
605312847
162084735
428165703
305186724
506781243
273816405
134576802
581732406
852067314
625483107
874031652
604178532
145786302
478230561
761280354
704521683
842061753
305417826
284170653
435210768
135470628
105734268
234185706
614028753
182730654
415832706
412350678
346128507
354182706
347150682
607532814
278014536
813460257
301675428
817042653
834710256
623710854
802413657
852714306
234165807
812435706
304287651
107243586
837064521
423560817
843127605
601743285
842361705
123064875
406123785
703814526
723045186
861743205
103847526
207536184
402763185
804237561
703625148
463081725
468123705
573812406
725813604
153840726
501724836
407352168
406357128
134025876
781062354
281073564
384015726
741638205
863240751
604375812
168052743
581043672
408361527
731048652
235087461
362074158
461230857
328071546
534780621
123078654
268053174
162853704
736215804
234076185
863740215
702538641
146870253
138264705
312840576
581073624
534180726
806714235
124765308
453186702
682730514
753618204
482561703
834625701
482513706
513472806
134582706
426083517
508367142
234875106
408325716
387154602
216057384
812750463
634175802
203816745
163820457
804126753
304867512
146850372
268534107
345718206
408315762
805243716
246130587
153740862
273018465
214670853
203768415
283064175
142683507
643278105
407235816
281740365
217463805
643028175
821743506
173024865
174630258
814062375
463825107
283470516
164782503
247036851
201684735
581230647
163574802
542368701
612043587
521630784
801273564
843710526
768250143
507184362
362140785
821370645
736041285
105648372
135720486
708164325
402368175
872016453
187620345
142037586
502134867
125783604
763185402
613480752
238061754
406153872
104276835
123657804
501846237
308471265
605713842
604325187
387450261
712065834
813072654
104873265
281034567
301874265
813750642
526083714
301762845
134078652
403287156
162075834
407386512
348021765
804526173
813750642
468235107
354172608
238174605
813075642
253140786
241360758
163570482
107536824
713028654
124370856
814265703
467035128
218063574
134820765
123674805
413650278
107326485
305847126
154320768
284530176
702613845
374815602
132046875
835670142
437028561
184350276
301862754
506283741
637024815
203184765
538014762
607315284
361274805
501468723
307186254
273085146
312065847
103865247
867013542
408762513
104832576
435620187
506713248
465813207
467821503
871423506
617843502
754621308
603248517
217450836
163845207
208743561
126573408
261573408
127658304
123645807
106873254
708526431
601372845
384071526
473015826
236415807
781052634
701632584
278045136
142863705
614830527
804375162
846052173
473158206
742683105
312068457
415372806
425813706
324065178
283160754
835240761
734051862
608523471
204785136
348120675
213068475
324780165
471350286
381462507
762548103
316840527
635187204
524316807
782014365
726031548
173042685
856130274
721068453
278641305
631820745
162570843
645027318
738421605
201354876
234756801
286054731
235846701
421580763
617548302
467852103
802536174
124680753
814620375
142630758
834015627
814320657
106752834
841263705
813042567
764028531
713046285
203814756
738650142
125830647
137062854
472365108
786450312
801745632
502186734
703648125
203845716
301842765
806231754
608321754
205478631
584067312
521640873
802513674
845637201
134750628
246581307
237164805
804126375
734165208
861374205
701536284
205841367
534186702
681350742
712580463
617842305
814350726
564370812
724530618
207681354
478032516
413587602
754086213
108724536
821673504
125670438
452683107
781530264
804265317
364817502
842750613
872350614
523810764
362081574
286541703
643170852
153720846
608371524
482067153
583210746
271643805
405132786
723684105
234085761
785036241
401635287
132086574
207163584
217583604
123864705
352018674
206738145
873240156
436271508
623140578
573280461
136582407
436827105
613240587
564032718
574016283
871530624
285614703
253086471
158032746
384765102
542180736
528064371
301576824
125034876
206178453
801742365
841073625
243086517
402135768
178645302
862734105
735280461
842063157
162740853
136750482
305162478
628570413
134586207
854136702
682041375
261450783
183460275
812057436
682047513
603271584
476850123
123587604
853410267
301864725
841367205
143820567
548073162
641023758
586042173
258463701
308742516
527160483
235160478
315062874
271560384
304168725
286054317
807134562
123084765
813764502
801364752
205836417
164023587
307265148
203487165
642750183
835062174
386052174
634017825
534128706
647820513
581046732
125086743
843216705
807153462
187045236
875016324
823610754
415032876
104273685
763250841
713085462
821035746
162430857
421780365
428057316
821360754
123845706
803614752
876425301
673041852
415023867
472031865
384265701
601352874
801723546
106482375
718452306
632475801
103728654
524830176
204561783
864370215
125340768
208476153
325180764
814065327
586142703
714360258
243670185
562430718
526037148
503174286
823750614
712456308
306574821
834072165
823650174
827134506
234068751
487230165
601842753
752410836
845216307
843710652
765014382
481062753
104873265
215643807
102643875
384620175
123760458
502374861
301845726
234580716
681072534
841570623
408763521
378651204
382015764
674038521
812350764
125874603
581064723
163742508
408613275
123085674
132078645
468720351
123074685
153846702
263014758
201573648
613572804
504216783
863254701
418073562
236158704
381746205
428710563
174085236
804327651
384725601
302861745
458630217
263781504
723164805
408713562
823570416
512743806
457230618
617053824
428015763
806743215
432186705
812436507
265013874
485127603
621584703
304512687
468075312
603814725
102563874
234087651
682054713
382041657
271350846
842051736
267140853
812073564
831760254
703684152
473120658
847015362
821735406
708312654
408273156
213470685
142860753
805741236
314652807
681375204
401782635
134078652
816743502
521738604
802764513
648510732
103462758
706534812
283560174
436725108
351846207
801562347
804162357
235167804
502341678
786045312
408325167
305217648
152674803
128750346
861053274
602354187
304185726
237056184
105372468
261470385
814027653
413285607
243560187
302165748
305286417
863125407
124063857
246810753
573826401
513260874
813250467
285074631
803271654
412085637
142083765
752130468
812536704
864270135
601874532
741038625
182643705
215640873
358210674
856720431
783641502
852671403
123756408
842653107
506347821
502187643
123786504
801432765
702638145
423015786
165780423
107324586
204163857
305248176
408725613
204385716
652034871
204371685
425380176
781563204
134750862
782653104
412785603
385047216
263180457
347216805
217064358
581624703
548127603
201768534
817042653
508142637
861350724
302861574
613540782
704315628
608213754
124078635
524367801
718240653
483726501
241830567
402185736
561473208
263814705
162780543
286140753
678150243
712845603
368214705
142673805
872063514
732541806
167254308
384075216
374861502
306724851
816752403
631084275
614830275
843057126
824673105
185430762
102734586
604375128
653270184
246130587
263074185
873150246
427680315
423180657
582013674
812730456
801762543
248073615
278354106
504216837
806731524
153048276
684023751
481630572
162470835
674082153
814650732
108524763
403186257
265147803
523071846
634087215
201583746
456178203
245016873
183625407
215438706
548027163
426087531
782640513
854160732
102654873
782350641
645027318
421830765
308264715
268374105
802534716
381065724
245781306
125740386
208415637
386014725
105786432
134860752
802461573
601473825
781042653
682170345
638150427
245836107
561074238
834520176
158263704
784031625
214860753
415672308
427531608
732568104
132750846
704123568
614380725
658130472
513287604
304762518
804317562
728063145
135082746
403856721
704681523
528013764
874561302
736810254
168025347
348026751
615082743
504378612
651038472
105784623
823017654
812075634
103528764
206831745
801432657
802741356
423018576
135870426
573612804
287453106
187034625
205418736
583026471
625310748
803267415
163078245
483120756
417023685
123085467
502846173
602387541
673850124
123084657
108653274
152073486
253170846
137084265
712034658
304587126
175630842
635487102
732014568
703862541
371845206
423650187
214785306
861034752
318420765
186320457
385640217
234051687
613054278
705623418
635018724
856073412
158023764
154720638
572380416
572140836
537046182
803521746
786314502
245831706
316582704
716438205
862173504
124085637
723680415
685173204
142836507
205348671
643810275
712046835
135782406
316250487
742058613
237150684
741582603
362478501
341827605
674280135
812074653
364750812
812053467
431682705
678253401
205183647
708213564
528460731
104873652
164082375
265178403
863012547
102374685
804532176
817245603
803764521
823014756
831074652
623810745
438165207
784135206
316048725
203645178
756814302
643075281
231485607
542167803
267510438
482135706
286073154
482160753
153876204
374158602
574283106
504716238
563128704
865730142
731084625
124876503
851673402
123047658
105372684
514630827
357280461
804671253
215780346
351847602
603724815
724156308
864731205
367120854
278450361
125846703
657034281
314870652
408765231
708165234
645021873
418256703
652410387
861052473
718035426
258014637
402167538
672845103
802453167
706851243
803715264
721054638
712680543
148376205
657813402
408652371
485762301
367280415
145236807
813726504
518067423
324065817
857013462
702468135
123056874
256038147
713042586
173865204
654081732
205843761
512634807
201834657
512486307
283147605
247150863
751386402
103862745
635780421
162857403
472183605
645237801
231845706
324085167
681753204
306521874
235841607
516032874
163750428
602475381
