173654802
274130865
584230716
504271368
835021746
721046853
125840736
153864207
136024875
134782605
123864705
204168375
623850147
723654801
712054683
102347865
172564803
712648503
238154706
243750618
234180765
485123706
305217864
243760581
283164705
724038615
205174386
731820465
782410635
613024875
713628504
304856271
584016372
146035827
801726534
834720651
812043765
103524867
134620875
102846753
205143786
687042153
504273861
783450162
125640837
215843706
125870463
345270816
803254716
205137648
132670584
123540867
614032875
782064135
201834765
234870165
813720546
634082175
307164825
284310765
852041763
831047562
702185634
162850743
603178524
204165738
306124875
134820765
745231806
123748506
418230765
281053746
276814305
513084276
375240186
102853746
423180765
123450768
364280751
146083752
713568204
462013875
713624805
235180467
107863452
203167854
104376285
713065428
123670854
783052164
315024876
846120753
208137654
145830726
481320765
142780536
523061874
571082463
634271805
251830764
204173658
235170486
145720683
307614285
102843765
201754386
253014786
583120764
802413765
213065874
478321605
283574601
432785106
803215746
381045762
231845706
245013786
286154703
812430765
842150376
273065184
503216874
861540237
205438176
125846703
652813704
642815703
142783605
813456207
713862504
153047826
741063258
203485176
205138746
308721654
103627854
185740362
501687243
105384726
812630754
853076214
814236705
421073685
203184765
213754608
136785402
243085716
704321586
528036714
435062187
524016873
134056287
108723456
836510274
423068175
305246187
132687504
482356107
143082756
103824765
378015642
816573402
205613847
204138765
256840713
451320867
208356174
273014685
523064178
741283605
126073854
107826534
402173685
134068572
173062845
403628175
308157462
712043685
283140765
248135706
256810347
381657204
163078524
203784615
315276408
853061742
347250618
123450687
801645372
281530746
135746802
603217854
851023746
123670854
234165807
245713806
304215867
206184753
104872635
308165724
312084765
301826457
621073584
213476805
482310756
203768154
784016532
123640875
164082753
147630852
437286105
351420876
473215608
283156704
102853467
425386107
283074615
273640815
861473502
103824765
812630754
264371805
784062531
142063875
812345607
208153746
561472803
618270453
306218754
462015837
102684375
531670842
783460512
602183754
713540628
352140876
106834725
154260387
437825106
751038642
403165872
123078465
152764308
613274805
314762805
103825674
748012653
437085126
741328605
348265107
604372851
603718254
713640582
814025763
436012875
146032875
263014758
512860437
781023654
132540768
145076382
342160875
127053486
102346785
138720546
528170634
352860741
482073615
803715642
654172803
784035612
812340567
841072653
345086217
203475168
871624503
283150746
283015746
804713652
613840572
438062175
824135706
803215746
385026174
178430256
783614205
604238157
243015768
135062478
104826357
702846513
263810475
374250168
712860453
605234187
412860357
123045768
135082746
208573614
245036781
104836275
257630184
106724583
152073486
152043876
142835706
135620478
103825746
123045768
283074615
162083547
682130754
152830746
234015786
712043685
147320685
134062875
132460758
283156704
123864705
134076825
103857624
284751306
617043285
672513804
813024657
802613475
803215746
682045173
401263785
816270354
432150876
713058264
834150276
843210756
146853702
803215746
638214507
134078526
123867504
105834276
763510284
472618503
812743605
813720465
502814736
243810765
671023854
823064715
536180274
803714625
103645872
672083154
302456187
713026584
248160375
318254706
812460753
123670854
713520684
103824765
204836715
102843765
258430176
125840736
307816524
234156708
104735286
812530746
832514706
102548376
713842605
372840615
807234516
102453876
283071654
813025746
423617805
703286154
836051274
861723504
803416725
274160853
823061754
523640781
613240587
162730584
402873165
284035716
614025387
813240765
134078652
231560748
302415768
823710564
801324765
784610235
612043875
603812754
782016543
123047586
526014837
345260187
107682534
314085276
873051264
413256807
164720583
781063524
701382645
123045876
471263805
385142706
324170865
528743106
123847605
403678152
428731605
238570164
614082735
128730564
312784605
281753406
825710346
347120865
324856701
782315406
201483765
203164875
235170648
145028736
782613405
302817645
201574836
265073184
123845706
872640531
281063475
814036752
162085743
802613754
401762853
283160754
283016754
376854201
152380647
123576804
304175286
207145638
156782403
524768301
123085746
475021638
308624517
607413852
814753602
803712654
283710465
283671504
703182465
804123765
604278513
834170652
302764581
813046257
235018746
703824615
172560834
185672304
123640758
503167284
731084562
614837502
631082574
823150764
614028375
513482607
712638405
351820746
574810632
481065732
608321754
834051726
103578624
405273816
243780516
123784605
801763524
368514207
108723456
103674285
104625873
183764205
841235706
615832407
213046758
834725106
123560487
708642135
742830615
724630158
708132456
327168405
213750846
136782504
236180475
123084765
813560274
123056874
702684135
472580163
234160758
123856704
102643875
283170564
345270168
812065743
315860274
804751326
387140652
406231857
123084765
123084765
145820763
203175648
853674102
253840617
234670815
258031764
203785641
613785402
456130872
803251764
205134876
684012375
162730584
501278364
283140765
134528607
123078465
126870354
613824705
813256704
283164705
134820765
126873504
213654807
102873645
142083765
102753648
283140765
841026753
172680534
702185346
205341876
123045687
672518403
182064537
672830154
513027846
307248165
824753106
314285706
604852137
425860317
341672805
102584736
451286703
345172806
134856702
128350764
204638175
721384605
145023876
273064815
123065784
813724605
263045718
627158403
835674201
134058762
703681254
582013674
712083654
162573804
103874625
701542683
123084765
523610748
681043752
237160854
203186754
805236714
175830246
145230876
703624185
715046382
612580743
184073562
203186754
823710564
813057462
134082765
142830765
142780653
235176408
357280461
728063514
423860715
134057268
261083745
408132765
713240685
123760845
605231847
134670852
703841625
153076824
187432605
203784615
134620875
816023745
738061524
801532746
104562873
784015236
403782651
423075816
135042687
813745602
756320481
781620543
123045687
628014753
102743685
102673485
863710254
136820754
813256704
425037168
671530428
741230685
104836752
235768104
405238671
782630154
462813705
305124867
435081726
482631705
624378105
814320765
153620874
801743625
104863725
162083754
304162875
712680543
813240765
163750842
561024783
123860754
142873506
138750642
163724805
635120748
813064275
132084756
104736582
104752638
842170653
102473865
831742605
142360857
103728546
305274618
138045762
863012754
356140827
142860753
381724605
123840765
135846207
324087615
134260785
384025617
134782605
702513648
412053876
682571403
153246807
813264705
103742658
712058346
123076584
405328176
201834765
652430178
645380172
142063875
162073845
821046573
801364752
281634705
127546803
246130758
813064275
124385706
168073254
561073284
317260485
345210867
742013658
103824765
243150876
814035726
124587306
123840765
374182605
601382754
401568273
805732461
703845261
123078654
801364275
186530274
728610543
871620534
206831745
742058361
801263754
123075648
204738615
407123658
835721406
402513876
246135807
107542638
801673542
835120764
813670254
601325847
721048635
243075186
824135706
834571602
142830765
152067834
142783605
203684175
768031542
163084275
248630175
506314827
781042365
714082365
871053624
123076584
147630285
802631574
713658402
123740685
124763805
472180653
102645783
406781523
261380754
841263705
103425876
142365708
701652483
683240157
462580137
134650278
345120876
346570281
854062173
768053214
601243875
782063154
503286147
482063175
283164705
182045637
134860752
314672508
812730564
135847602
357120846
108425736
328614507
125763408
243015876
104852736
234180765
783240165
456820317
132740658
283657104
814250637
834215706
827014653
612083457
234068175
103748625
703418625
813475206
243850716
134072685
361870524
304182765
851023467
362170458
248670153
102845736
263854107
246830715
364120875
423156708
813240765
135062847
203165784
782513604
735064182
208145736
123086754
841023765
254638107
841672503
103824765
814350726
136082754
813026754
831420765
203846517
103574682
273640581
283710465
703621845
283570614
803276514
123856704
235817604
263180457
134672805
783641502
601842753
614053872
683014275
627410853
284065317
253176804
613240875
258031764
812036457
105472863
283150467
128043765
812630754
462157803
741683502
156083724
703516482
384025176
423816705
243085716
802415736
123740685
482051763
604215387
162830754
235148706
103724685
125846703
436250187
203167854
835710642
481530276
134620875
283014765
258473106
738014265
416832507
154860372
106253487
318425706
862350174
276540138
806713254
315046287
125678403
123674805
254138706
243078651
162830547
267531408
138570462
102473865
641380275
125346807
401835627
271680543
123864705
712850643
834075612
823075146
542130768
164085732
123045768
284735106
812037546
376021548
806231754
523087146
427350186
134082576
834562701
521073648
802713645
125647803
752183604
581420376
103857246
326084715
162830754
734062185
153824706
316854702
234016758
135062478
283015746
104832765
861023754
812036745
513026748
124036758
803421765
801723654
324750186
728051463
123068574
156820743
152843706
102874536
362784501
205183647
203175648
384160752
374260185
123845706
105243876
345160782
813064275
162734508
123074685
127836504
806743215
273018654
741053862
603825147
802731546
152643807
384072615
123750648
703124865
203186754
681540273
401623875
106543728
134275806
273860154
634271805
432785106
845310726
345062178
305846172
251740638
382046751
415380726
265178403
348260751
806731524
713084652
283456107
803516274
124087365
104723658
358160274
104856723
708153426
587310246
673012854
671452803
713624805
374180652
238160745
713028546
327480615
824357601
134062587
