643150827
812043576
403126875
803145726
814350726
142860753
148052367
308124765
283471605
152430876
841730625
703186524
682713504
235180746
123078465
814765302
305841276
172638504
342180765
183274605
102438765
203185746
126873504
208143765
304176825
428617503
273184605
674382105
602513784
803415627
103425876
803215746
142835706
713480625
801563742
123475806
243560187
425617308
203465187
623145708
523180746
345012876
128046753
473021685
826410753
834025716
283014765
512863704
713280546
135042876
103867254
472013856
812750346
123780546
613240875
823710564
384672105
123758604
102863754
142085736
813025746
263145807
238170654
248063175
182675403
203156748
103824765
364810752
235768104
104832765
124850763
206143875
861034752
153026847
613754802
401823765
836214705
641270853
701684532
138640527
104832765
613045287
134082765
125740863
402186753
482163705
812763504
234185706
123785406
283016754
123780654
123084765
604317852
523186704
102846753
481320765
821640375
723014586
764215803
123078546
542173806
173642805
803714625
783065124
203156874
781230654
234180765
342170685
634158702
134072685
281430765
283140765
234180765
247130685
134862705
123576804
123084765
142083765
153840726
834610275
304182765
108423765
203164875
123864705
843715206
823067145
814072635
403152687
146832705
283056174
283064175
142730685
273145608
204168753
204138765
812053746
462135807
123084765
802614573
183520746
125860743
436750128
123784605
385164702
803267541
613754802
374126805
826041753
861230754
832710465
781043625
283014765
264130578
235148706
103824765
283064175
158320746
102673854
123850746
234180765
301642875
813640275
813264705
142083765
123084765
134086752
583014726
813420675
134062875
142068735
203165847
203185746
704231685
136824705
103864752
128043576
251073846
235147608
152073486
123768405
123670854
712083465
732045168
143820756
347015682
123058764
142670853
145830726
152843706
813264705
613084725
135076284
283714605
813254607
182753604
201463875
812043765
108743652
674581203
134062875
283145706
263810754
803264175
204136875
123865407
812435706
402675318
385712406
123086754
105824736
812730456
103625847
801364752
283045176
132865704
183720645
102764385
482751603
714380652
135846207
104862375
123067485
712053486
452310876
813752604
136782504
246730185
142856703
803256741
134820765
123087564
283160754
274013865
803216754
203654187
163840752
842710635
813026754
204156783
841230765
106832754
158042763
105437286
138524706
123870564
103786542
364172805
812673405
134850726
713284605
613240875
103682754
815073246
602587143
803215746
342086715
283064175
123864705
873014652
142083765
384267105
821340765
308124765
206143875
304125687
123867504
153840726
283064175
123856704
162053874
234015786
134782605
134825706
123840765
813024765
283671504
102763584
482163705
273016584
134820765
234180765
102863754
123560874
123576804
203658174
712453806
721460853
123860754
204681753
135064872
851047263
283750641
172543806
813760524
536018742
423175608
612840753
123784605
134620758
423017685
234856107
136852704
801756432
712483605
234176805
456230178
426153807
704312685
123864705
123045876
801732645
268740315
135842706
304812756
204138765
203184576
734280165
483025716
105732648
425180736
245836107
163850724
231870645
801243765
142783605
103425876
482073615
204138765
283014765
203865417
103624875
713028654
813026754
283674105
283716504
136024875
864752103
834210765
123784605
162835407
142856703
812043765
453286107
682134705
123870564
134862705
812053746
235174806
123784605
306214785
482751603
281463705
203175486
342170856
804312765
123570846
283674105
103825674
831420765
263018745
201743658
248035176
462083715
237860514
813024765
305146782
456182703
172063854
142830765
273618504
123670485
235140876
803216754
123864705
283016754
802317546
402185736
306218754
172430865
612473805
134058762
813245706
103846725
134072685
103465827
203184765
136840725
135276804
234068175
142083765
813674205
253140786
102743685
142056873
123084765
614082735
834210765
204138765
813540726
813074625
123840765
873164205
134820765
243175806
824035761
123058764
203184765
205763184
804236175
235014876
853260174
384160752
831456702
305842716
126053847
125780436
134760582
813240765
834710625
813026754
162830475
125046873
812743605
153840726
283164705
835416207
216840735
123850746
135064872
613740285
813475206
136082754
102843765
263817504
813450762
603214875
104832765
104832765
246015837
238150764
142835706
123856704
283014765
203164758
123864705
813674205
813064275
804123765
142380756
421078653
206345187
812630475
283640175
324150876
134820765
831420765
831725604
234168705
803216754
314026758
123840765
601783254
305248176
724018536
134827605
702638514
823460751
203184765
132860745
513026487
203154867
402183765
304167852
825170643
104835726
826071543
162530874
861530274
104873652
403165287
142830765
781423605
384162705
345180726
123850746
123045876
123780546
703612548
142863705
203145876
123745608
283160754
142863705
813064275
142780653
123674805
823710645
136840725
123645807
435271806
123845706
358267104
134825706
103824765
781023654
801643275
123075648
234016875
375014826
234185706
246130875
634821705
246183507
235048176
283164705
384120765
708612453
642130785
283160754
124738605
813240765
123460857
812035764
134275806
134820765
123745608
234160875
234075816
801643275
712043685
284035716
803274615
173654802
814062375
724013685
123840765
823061754
734682105
134086752
841723605
136540827
153086742
384710652
123780546
813024765
134782605
271043685
641235807
204136758
123084765
481032765
342180765
312845706
123085746
123456807
134862705
236710854
134750628
234078615
123864705
801462753
263074185
721340685
134786502
283740615
136740528
735218604
207134865
135620847
613084725
124368705
712043685
628135704
801263754
123074685
142083765
605831274
873210654
283140765
714032685
602413875
102764538
813240765
145830672
152730648
815730624
812075346
603245187
361274805
814320765
813260754
538142706
102643875
283046157
134072685
438751602
105836724
203176584
108732654
123084765
123687405
834210765
608724351
152843706
205134768
203184765
104632875
403215687
435027186
304265187
125863704
674810523
108734625
283164705
813064275
102743685
268530174
238610475
123845706
872563104
104832765
142635807
123860754
123045768
153840726
714823605
812653704
123850746
123675408
832714605
713258604
123674805
812650743
104862753
135786204
812650743
861734502
384710652
123085746
803714625
103725648
784160532
802413765
123078654
834657201
123760584
341760825
364017852
123084765
405326187
314068275
613842507
402163875
823415706
204385716
703814265
478031625
624357108
123084765
623175804
861074532
203145876
813724605
602183754
802413765
103824765
706231584
812754603
823461705
103845762
264183705
103728654
234150867
123084765
237156804
134720685
861053742
134076582
743025168
834721605
173684205
418723605
163874205
134250687
815326704
142758603
738140652
142830765
281043765
814362705
814062375
182730654
813724605
234850176
208651743
803624715
103624875
816073254
583712604
203165847
714320685
401273865
813024765
283714605
208143765
283456107
182647503
781023654
814036752
813264705
812673405
123674805
136824705
415780362
804712635
362150874
364725108
123845706
123075486
134082765
813042675
102643875
623075184
823651704
134780652
834720651
401823765
413275806
713024685
123085467
835214607
134725608
208156473
417236805
283715406
803215746
103824765
273158604
712053864
123086754
712530648
107832645
102853746
127083654
273145608
203164875
123568704
123045876
124067583
823410765
851430762
103745268
136852704
234085176
234780156
813056274
206783154
142863705
613824705
134065278
762013548
104738652
283714605
713028546
703184625
126473805
314572806
123640875
623180754
136245807
813260754
104632875
142085736
781023546
173024865
204135867
803215746
763045281
182053764
142083765
134860752
304172685
152830746
342187605
207143685
304182765
234168705
813450276
134560287
203156874
604312875
135820746
134782605
123045876
152834607
102853746
234065718
208743615
105872436
813024765
834210765
526438107
634015872
403286175
342856107
275680134
124078635
234780615
106832754
782043165
813024765
813250746
208143765
374068512
534286107
384125706
814036752
823510746
283014765
235761408
802513674
123860754
813072546
836021754
812743605
803214765
243015687
103654827
631042875
203185746
238170654
135082746
104832765
142086753
702683415
834215706
241068753
742813605
304185726
108532764
463018752
374810625
126830745
402683175
814032765
142083765
123750648
813045762
802513746
813674205
105743286
123457608
134620875
285063174
813245706
123074685
134782605
104637852
103826754
804362175
123860754
604731285
123084765
476135802
162850743
123850746
235146807
813745602
812630754
812760543
128635407
136052874
603214875
712630584
123086754
204136875
235640817
283140765
248063175
102573684
123085746
105732486
134756208
123856704
821730654
572081364
802613754
134825706
261073548
803275641
526014783
431250867
782016543
123074568
304276185
104672853
342078615
173682504
782613405
816724503
134860752
271830654
681320754
104836752
482160753
132468705
803762514
102743685
384016752
284031765
803265147
824615703
103564872
712630584
203164875
102743685
718042563
123784605
834215706
164782503
723845601
813264705
713280654
324075186
623054187
135072486
823710564
603284715
204138765
102854763
173084625
123470865
813024765
136840725
841235706
723081654
103425876
164230587
283156704
103627854
214083765
841532607
384162705
153064827
125078436
603245187
283071654
851760324
861723504
602173584
268043715
123475806
153240876
801743625
145036872
123780654
723041685
183072645
813045276
124037856
812740653
304276185
204168375
436157802
128063475
612043875
103824765
485021736
234180765
103845627
812670453
123784605
135820746
813624507
103728654
801263754
813064752
382061475
124735806
206834175
245137806
102845736
142035876
861230754
246130875
234860715
142830765
703145862
253164807
124365807
801253746
813726504
402513876
123780654
104635827
135826704
813026754
135768402
742315608
123074685
