123845076
013824765
123806754
123804765
134825760
813724065
123704685
263104875
123804765
013824765
120843765
013824765
263104875
123864075
830214765
123864075
283704615
123708654
123804765
120743685
123864075
134862075
123804765
130824765
120863754
123864075
013724685
123805746
123864750
123604875
830214765
123784065
813204765
813204765
023184765
123864750
123864750
123806754
123704685
142863750
023145876
123804765
120843765
123804765
123784065
283104765
013824765
123784065
134802765
123804765
013824765
120843765
013824765
123745680
123806754
023184765
123804765
813724065
123805746
023184765
130824765
123864075
813724065
283164750
123804765
123784065
123804765
120863754
120863754
142803765
123804765
134802765
813204765
123804765
230184765
234185760
162803754
123804765
283104765
023184765
134802765
123784065
123804765
123864750
120863754
123784065
023184765
123784650
123804765
123804765
120843765
830214765
134825760
134802765
120843765
123804765
013824765
134862750
120843765
248103765
123804765
123704685
023164875
142803765
234108765
120783654
123845760
134782065
013824765
123804765
123784065
120843765
123708654
813704625
230184765
123784065
813724650
120843765
013824765
813204765
012843765
142803765
023184765
123804765
813205746
013824765
123704685
283164750
140832765
012863754
123864075
013824765
123804765
230184765
014832765
813204765
120643875
120783654
130824765
123845760
130824765
283104765
123784650
123704685
123804765
130824765
120843765
283104765
123804765
123804765
123804765
123864075
123784065
123845760
142803765
812403765
123845760
142803765
123804765
123864750
134802765
123845760
023184765
230184765
123864075
023164875
123864750
123864075
123784065
123804765
123845760
130624875
280143765
123864075
134802765
130824765
130824765
263104875
120743685
123845760
123845760
120863754
123845076
123804765
123864075
123674850
120843765
013826754
123758064
123784650
142783065
123804765
120843765
123804765
023164875
123784065
123864075
123804765
123864075
142783065
013824765
283104765
123704685
123804765
123845760
123704685
123784065
123784650
023184765
142803765
123604875
130824765
810243765
123804765
813204765
142803765
230184765
234185760
123784065
134802765
023184765
123645870
123786054
014832765
123804765
123804765
123784065
123845076
123784065
283104765
142803765
123784650
013824765
130824765
120843765
013824765
123864075
142803765
120643875
012843765
283104765
023184765
123864750
123864750
123804765
123864075
013824765
123784650
142803765
123604875
230164875
813724065
130824765
123784065
123784650
013824765
123864750
123845760
123806754
182703654
123784065
023184765
012843765
123804765
013824765
142803765
013824765
130824765
123704685
123784065
120843765
123604875
123856074
123845760
014832765
123804765
013824765
014832765
013824765
813204765
023164875
830214765
123674085
123864750
123804765
123604875
123845076
142803765
123804765
123674085
812743065
123845760
120863754
813704625
023184765
123845076
162803754
123845076
130824765
123708654
813724650
813204765
130624875
813724065
813724065
123784650
123784065
123804765
834215760
023184765
230184765
023184765
123804765
283104765
230184765
120843765
123804765
130824765
023184765
123805746
123456870
142863075
130824765
023164875
130824765
123804765
813264075
120843765
120843765
123784065
134802765
123845076
123804765
813724650
130824765
123784065
123804765
120843765
123804765
123856740
123704685
134825760
134782065
134805726
134825076
120843765
123604875
013824765
123704685
123845760
812435760
123864075
023184765
013824765
123845760
123864075
120843765
123704685
130824765
123864750
120843765
012843765
263104875
120843765
130824765
134856720
123804765
142783065
023164875
123805746
813204765
813204765
013824765
123804765
123784650
810243765
013824765
813724065
813745620
812743065
234185760
120843765
230184765
123806754
123804765
120843765
123784650
023164875
123864750
283145760
123804765
123674085
134825760
134825760
123864075
123784065
123804765
013824765
123845760
123604875
123806754
134802765
123806754
162834750
142803765
120843765
123845760
123604875
123845760
013624875
123784650
123804765
014832765
123805746
123704685
123805746
123864750
013825746
023184765
123804765
023164875
123805746
023164875
123864075
283104765
014832765
120643875
013825746
012863754
123805746
123864075
120843765
123805746
083214765
123804765
123845076
142803765
123864075
123804765
134825760
123804765
013824765
234108765
130824765
123784650
142703685
123784065
130824765
123784065
123864075
813204765
123804765
142803765
813724065
230184765
812403765
123604875
023184765
130824765
283104765
130824765
123405876
120843765
012743685
123804765
012843765
230184765
123806754
130824765
023184765
123784065
813264750
123806754
142863750
283104765
123475860
123804765
283104765
123804765
283104765
813204765
123784650
123784650
134802765
813204765
123804765
123864075
134702685
134805726
120843765
130824765
123864075
120783654
120843765
123804765
130824765
123864750
123804765
023184765
134802765
123804765
123864750
123804765
123704685
123804765
813724065
123804765
013824765
013825746
123805746
123645870
023184765
813724065
123845076
123864075
123804765
123845760
012843765
034182765
123784065
142803765
034182765
123804765
123805746
123864075
123845760
123864075
123804765
123804765
123806754
123806754
123845760
123806754
013824765
123864075
134825760
813245760
130824765
123864750
123804765
023164875
134802765
123674085
123674085
123864750
023174685
813704625
123804765
230164875
123704685
013824765
023184765
134782065
813724065
123804765
123804765
083214765
123845076
123804765
123864075
123704685
283104765
230184765
120743685
123864075
123784650
123708654
123405876
123856074
123784065
123804765
012843765
123864075
130824765
123804765
123704685
120843765
123784065
830214765
120843765
120843765
813724065
123804765
134862750
013824765
123845760
230184765
123804765
123804765
263104875
013824765
123804765
123864075
123804765
120843765
142803765
813204765
120783654
120853746
123864750
012843765
123604875
123704685
123804765
130824765
123804765
123804765
123864750
283104765
134802765
123804765
123806754
013824765
230184765
012843765
123864075
123864075
013824765
812403765
234185760
134802765
123845760
120843765
123704685
023184765
123804765
023184765
123804765
023184765
120783654
130724685
120843765
123845760
813204765
813724065
123804765
023184765
130824765
123784065
123806754
130824765
123784065
023184765
123845760
120843765
280143765
013724685
123804765
813724065
142835760
013824765
123806754
120863754
123864750
023184765
123806754
123674850
123784065
813204765
123805746
123804765
123864750
123864075
123806754
013824765
134825760
013824765
813204765
123864075
123804765
134825760
123804765
134802765
123645870
123845760
123804765
123864750
123864075
142803765
810243765
123708654
123804765
123704685
123805746
120843765
120863754
123864750
813204765
134825760
013824765
134805726
123804765
123864075
123804765
130824765
120863754
142783065
812403765
120863754
812743065
123805746
134802765
814732065
134802765
123804765
120843765
142803765
123704685
013826754
120843765
134802765
283104765
120863754
123804765
830214765
123804765
123856074
123845760
123804765
123804765
812743065
012863754
123845760
123845076
813724650
123674085
120843765
813245760
123845076
012843765
023184765
123805746
123805746
123784065
120843765
134825760
120783654
123864750
130826754
123804765
123804765
123845760
123804765
280143765
123604875
123845760
123806754
034182765
123805746
013824765
123845760
812403765
283145760
142803765
123745680
134825760
120863754
123804765
123804765
123804765
123845760
142783065
134802765
123804765
023164875
123784065
120783654
123864750
123784065
123704685
142806753
813204765
813724065
123704685
283145760
123864750
123804765
023184765
123806754
135802746
812763054
023164875
120863754
812403765
813204765
123804765
283164750
123864750
120783654
123704685
812403765
813204765
013724685
123864750
130824765
123864750
123845760
123845760
123845760
023184765
123804765
123864075
123604875
813204765
130824765
134802765
123804765
123674085
123845076
142803765
123845760
123804765
123804765
123804765
130824765
230184765
123806754
120843765
813724065
120643875
142863075
142803765
123784065
813724065
123864075
813724065
123864750
283104765
813724065
142803765
812743065
123604875
123856074
123845076
123864075
013624875
120843765
120843765
123704685
028143765
123784065
023184765
130824765
013824765
813724065
123864750
034182765
123704685
120843765
130854726
120783654
123804765
142803765
123804765
123845076
813724065
813704625
813724065
280143765
123845076
123805746
130826754
230164875
120843765
830214765
123784650
123784065
813204765
123864750
123704685
130624875
120843765
123864750
123845760
123804765
134802765
283104765
123864750
123805746
123804765
123864075
123784650
812403765
013824765
123845760
234185760
042183765
123864750
813724065
283104765
810723654
123704685
123856074
023184765
123708654
813724065
123864075
123864750
012843765
810243765
120743685
813724065
812403765
134782065
123784650
123864750
023184765
130824765
012843765
123864750
123845760
813724065
123784065
123604875
123805746
120863754
123604875
023184765
123804765
023184765
263145870
023184765
123804765
123845760
123845760
123845760
140862753
123805746
123784650
234108765
123805746
023164875
230184765
123845760
123784650
120863754
123784650
234185760
123674085
813204765
120843765
134802765
123784650
120843765
130824765
123805746
134825076
813264075
813724065
130724685
120843765
023184765
123804765
123864750
142803765
134862075
123804765
713204685
123845760
013824765
123784065
042183765
142803765
123704685
813704625
230184765
123804765
263104875
142803765
123804765
140832765
013824765
123804765
034182765
134802765
123804765
123864075
123804765
123704685
123806754
123864075
123864075
083214765
123604875
263104875
134802765
134862075
813264075
013824765
123604875
120643875
120843765
120783654
023185746
283104765
013824765
813204765
234185760
123804765
134802765
