014762835
781645032
613204875
280631754
850721634
613204875
034815627
052867314
120843765
024163857
036124758
278301654
610324758
182675043
850341726
120643875
813742056
814603725
274103865
830254716
143562780
350217864
128643570
140782653
283175064
637182540
630178524
023164758
682715043
273104685
485721036
651837420
853201764
130824765
613578042
784301625
163804275
841256730
023571846
413825076
641835720
851702634
413275860
458126730
264175830
145803726
238175460
713624850
162754830
235107864
416203875
320164857
864703125
125738046
270345168
850231746
236517084
123745680
258136074
780142653
284361750
126305874
680423175
714852630
136207854
370246158
084235716
834207615
234105867
831475620
482713650
834206751
152637840
260813547
273645810
154832760
258143760
134825760
812764350
253106748
384712065
083415276
630215847
123857460
712503486
713845260
013824765
234105678
375408126
134672085
234157860
841723650
218703465
783102465
230154786
034217856
245136780
613704285
238105476
120345687
812503674
017453862
816704523
230164758
432705186
018645732
086327154
034827615
038215764
512603874
613804725
263175048
218753064
513276084
342875016
123745680
348102756
623708514
825613740
082615437
013825746
238741650
815703462
813502764
482135076
063215847
684135072
013728654
812403765
083214765
142576083
624378150
134802765
580431726
134782065
843502716
364125087
618253740
741603825
823105764
012863475
683204715
812405736
830216754
530812746
671234850
012843765
035184627
014862753
834201765
731204865
037124685
380175642
672403185
826451730
014823675
134862075
614372850
182704635
810324765
831402576
014782653
684301275
142803765
713205486
742156830
360825741
135784062
832475160
148306527
813245760
130674285
471635280
123856740
813205746
260173854
180437265
460732185
238104675
152478630
013764825
142803765
452163870
824305176
283106754
710382645
053214867
283104765
061823754
873625041
234108765
240356187
023186754
473258610
623405817
142603875
712568430
813206754
240137685
713602548
123804765
283741560
713642580
143705268
821304576
782143650
436728510
132856047
415382670
834715620
812405736
831756240
142863075
018723456
127803654
034276185
142735680
068215743
014726385
123674085
712405638
130864275
120863754
834705612
742315680
136842057
813674025
140832765
134802765
123867540
083264175
812735640
275138460
781302645
123604875
134825760
263704185
053184726
451806327
835246170
130785462
123784650
213468075
170243865
123607854
238175460
613704285
142835076
723684015
814623750
823164570
380254176
813205746
013864752
258703416
834261750
283104765
348215760
034172685
023165847
053216748
230564817
132576480
837401265
162785430
134782065
013784265
834527061
037614285
130624875
152604873
023167485
231865470
142673085
168702534
034825716
140836752
042183765
172803645
027831654
783105642
142806753
274358061
652834710
246103875
053217684
750324186
740312685
812356470
235186074
834516072
836721054
632104875
180235746
137402865
245368170
835216740
016732584
123674085
243805167
235814760
013624875
134702685
218607543
724803516
134702685
482713650
841703625
134602875
613245087
234706185
830264751
263745180
135408672
783104625
134785260
716302458
714302685
450823716
762104835
043215876
123867540
120863754
387201654
845712360
281743065
081562473
830741652
162503874
123786054
235601748
137605428
371604825
268103754
412763085
482103765
812463750
362105748
327104685
214706583
083216754
628305741
812763054
278541630
143285076
140832765
023174685
013825746
160384275
234106758
643205187
834205716
123508764
034125687
243805671
250473186
130624875
236407185
123605784
420863157
134675280
123845076
281763540
830627514
345102876
516804723
016438752
176803542
812746053
123784065
583146720
482375016
814605732
851432076
418703625
128703564
083521746
034125687
130427658
025647813
812704536
324861750
142835760
130856742
025168734
134825760
243786051
162708354
814703652
247863015
271405863
123487560
130846725
871603254
610453287
834605172
713602485
783604215
170428653
812746053
384712065
841702653
130657842
234718650
124368075
075148236
235186740
135702486
123576084
718642035
145802376
061348275
014582763
713204568
861204735
134856072
238601475
154207683
081764532
384712065
861253740
580167243
123806754
012863754
715408326
130256784
345718026
327801645
613825047
163804752
130725648
130824765
123805746
610872543
123506748
283104765
378241650
130627854
148625370
613405872
783502164
285731046
014683752
083126574
123704685
052176438
152703486
031526847
165243087
812607453
052781634
863204175
236517084
413825076
120673854
283674150
135604872
286345710
258143760
273415086
283147065
234156078
823764015
740612835
142708653
123704685
173604852
124783056
182304765
623874150
084362175
710463285
713684520
152803746
135206874
813472065
123704685
438701652
283145760
125786043
823751046
874123650
612803574
812673450
450236817
186234075
813256074
364102875
058317462
412603785
120473865
154382067
812403765
260534187
026143875
324801765
612803745
236801745
263174085
182703654
435208716
721853460
042835671
064182753
682371054
134672085
140352876
783215640
473502168
342106875
628153470
623581740
061472853
450128736
258103746
831702456
130826754
613704285
013467528
423875160
023178654
135207846
023145768
134725068
812456730
812603475
014825376
173806524
014862753
246708531
283671054
043287615
230715468
028473651
173805642
138602574
150243687
013874625
256104738
028143765
823461750
182734065
374856120
281743065
016832754
357128460
012863754
162834750
423165087
013758642
012473865
283506174
073285146
340268175
234815670
832701546
175804632
713604825
153804726
812653074
163804752
234185760
143705826
783506214
570641832
345208617
345108726
530214867
082173546
810745326
160834725
013624875
023164875
723851064
123708654
062178543
180643725
023184765
142306857
325418076
083216754
381204765
713625048
240875163
234708615
840261753
283105746
310852746
134602875
810243765
135278460
123675048
852716430
812405673
813742560
738102645
124708635
834201765
035862174
762103854
635208174
283104765
128704653
085214736
564281037
810452736
150863274
280163754
123704685
341765820
283645170
172803456
014832765
053216874
123847065
360851742
260134785
125406873
013826547
814253760
063421875
083614275
861423075
124786350
014736582
684152073
013856427
248163075
140835672
780143625
710683524
420316875
136845720
730815246
263507841
738214650
450231768
430215876
780162354
460132875
840312765
123784065
280741653
012345876
240867153
352108746
324167085
834675012
450163827
812705463
840136257
314257086
730654281
130456287
023714658
120753864
236745810
034265187
137805624
324156870
461872530
710628453
714302685
810243765
376502814
084712635
837102654
813204765
350847126
235148076
123864750
028451736
436125870
023185746
134205876
624318570
034268175
352146087
314872065
123506487
134785026
834715620
140832765
810243765
740312685
023175648
182634570
214608735
870254136
140235876
128345670
182703465
134862750
183754062
013467285
812365074
123785460
162834750
418263750
048162753
327104685
514207638
134605827
317264850
043216857
120745386
241703865
612435870
230184765
123407865
143805276
125806743
130654827
736108524
236174580
072843615
283604175
024516873
481305726
230168574
124865730
120853746
142657830
213875046
245301687
423106758
012843765
235187046
615308427
135746082
861504237
037128654
812356470
038154726
061382475
783614250
130627854
240135786
268153740
120853746
130728654
713284065
068172534
123674085
135426870
048213765
234108765
436185072
815724036
071542836
130687524
013458276
230874165
083614275
720518463
314205786
182306754
510283764
613802475
813604275
140835726
270638154
810253746
352146870
832714065
831704652
134205687
123465780
823415760
280631754
012863475
612804753
130854726
784201653
286714530
164702835
834206175
123864075
652134087
123758640
681273540
250186743
260841753
178653042
253816074
283761045
071638254
478213650
248701653
164725830
172843065
148732650
230184765
352108746
052163478
123705648
475301682
730421685
123607854
280153746
730214685
083215746
230187456
234156078
812503674
130824765
834605217
142603875
762483510
273104685
147803625
472801635
253106874
845731026
830254716
845316720
812403765
247803165
810243765
024168753
160753428
281653074
346102857
163704825
153864027
063214875
813702654
846532710
835476012
234108765
467251083
214807635
012863475
450183726
781603452
613274085
083264175
268103754
230156874
841263075
123784065
246803715
230167854
814253076
140832765
741203685
043685217
081723654
173648520
042135768
723415680
235186074
140256387
712643085
610832574
234176850
235176480
123578046
364207158
627841053
235146087
182304765
135706428
873405612
273568014
813206754
124603578
340865217
283164750
246803715
478631025
781503264
014723658
380526174
152643870
823405716
810243765
013824765
472103685
830215746
314206758
134802657
014632875
613824075
821356740
134207658
813724650
035874621
384125760
120534876
714352086
472135680
182673054
723145860
812706435
346527180
814603572
012763584
620174385
243105876
264853710
134806275
120673854
625143870
045326187
782135640
864105372
184235076
814736052
345102768
124308765
812763054
123864750
152803746
713428650
138742560
623105874
267183054
524637180
612403875
034682175
130874625
234608175
142783650
830471625
134782065
123804765
123506874
420318765
240738615
813725046
862531470
314785620
130724685
283105746
031584672
813726540
820673514
130825746
813725460
012345876
026378154
673145820
134825760
360214857
345281760
183704265
034865217
123804765
812603475
130728654
234106875
268713540
150834276
283674150
134825076
130624875
340182765
415307862
473102658
520143768
472613085
014835726
814576320
123704685
260534187
034176582
813604275
152784063
168302754
734206815
623514078
263401857
013824765
062148753
813702654
123704685
126405837
813457062
318502746
256137840
562103847
671804532
830715264
263104758
817423650
123785046
376284051
062481753
163804275
052713684
320158746
126843750
482135076
360284175
014632875
082615743
032165874
263104875
243805167
