123784605
102843765
103824765
123845706
813024765
123864705
103824765
813264705
123784605
123840765
103724685
123784605
123864705
813724605
203184765
123860754
123840765
123045876
283140765
813240765
203184765
103824765
123860754
123674805
123864705
123864705
283140765
123084765
134862705
123840765
103825746
123864705
813724605
812043765
103824765
102843765
123745608
283140765
123084765
123056874
123784605
203184765
123864705
103824765
263174805
283014765
104832765
103724685
123845706
123864705
134620875
123840765
123740685
123084765
812063754
134820765
134820765
123840765
123784605
203184765
123864705
123864705
103824765
123860754
123084765
123740685
123864705
123845706
123856704
134825706
123850746
123864705
103824765
102843765
203164875
234180765
203184765
123864705
123840765
134820765
103824765
203164875
123064875
123845706
103825746
813024765
123864705
123084765
103824765
123845706
123064875
813245706
123086754
123084765
123860754
123840765
123864705
123780654
123840765
123084765
203184765
134820765
123045876
103824765
123845706
123845706
123864705
283014765
102843765
123860754
203164875
203184765
103824765
283014765
123840765
102643875
123084765
123784605
102843765
123084765
103824765
813024765
123064875
203184765
123064875
123840765
123064875
123084765
123860754
203184765
123856704
123840765
203145876
142835706
263140875
812043765
283164705
134862705
123840765
103824765
123084765
203164875
123780546
123860754
123840765
142863705
103824765
123864705
204138765
134860752
123864705
123780654
123084765
813724605
123084765
203184765
203184765
203184765
134825706
123840765
142863705
813024765
123084765
234185706
123084765
123784605
142830765
123864705
123086754
203184765
123864705
123064875
812043765
102843765
123784605
123085746
203184765
203164875
813024765
204138765
203184765
134820765
123845706
123045876
123860754
103824765
812043765
123064875
203184765
123864705
103824765
123850746
812043765
103824765
103724685
123840765
283160754
123084765
134820765
123845706
203184765
123845706
203184765
123840765
123084765
103824765
162853704
102843765
103824765
102843765
134782605
103826754
813240765
103824765
123864705
123784605
123840765
123840765
123084765
123845706
142863705
103824765
123064875
123084765
123084765
134782605
203184765
203184765
123850746
123784605
103824765
103624875
813720654
813724605
234185706
803214765
203184765
123084765
123084765
134820765
234168705
203184765
123084765
123785406
802413765
123864705
103824765
423180765
123840765
203184765
102843765
813024765
103824765
123864705
103824765
123674805
203184765
203184765
123840765
263014875
123640875
123064875
123084765
123074685
142830765
123864705
283014765
123860754
142830765
134062875
103824765
103824765
123840765
123780654
123860754
123084765
123860754
123840765
123840765
102843765
103824765
123850746
123840765
123840765
123784605
812743605
123864705
134820765
123860754
103824765
123856704
123860754
234180765
123784605
203164875
813024765
203184765
123784605
123860754
123780654
123860754
142083765
813024765
123840765
123086754
123045876
103824765
123864705
123740685
123084765
102843765
813024765
123084765
104832765
103825746
134820765
103824765
102843765
102863754
103824765
142863705
123670854
123086754
123840765
134820765
162830754
103824765
203164875
103824765
123780654
813264705
123860754
123860754
103824765
123840765
123864705
123086754
142073685
123840765
123864705
283164705
123084765
123084765
123084765
123784605
123064875
123860754
123840765
134820765
283014765
123084765
123064875
123845706
123840765
162083754
123840765
103824765
123864705
123864705
102863754
102863754
123864705
123745608
134820765
123845706
123085746
123840765
123840765
123740685
123840765
104832765
103624875
123840765
102863754
134825706
123084765
134025876
812743605
123084765
813024765
102843765
123840765
123845706
123840765
812743605
123086754
104832765
283016754
123045876
203184765
134820765
123840765
142830765
123864705
134820765
123860754
123064875
104832765
123856704
813024765
103824765
208143765
103824765
134082765
123840765
123864705
123084765
123084765
123640875
142863705
142830765
813240765
123845706
103824765
803214765
203164875
203184765
123860754
123064875
123084765
134820765
103824765
123640875
123856704
123064875
104832765
203184765
813240765
813024765
203184765
283164705
123864705
123840765
142063875
102843765
134825706
813724605
123045876
123860754
283140765
813024765
283140765
813024765
402163875
123784605
134862705
813064275
123864705
813024765
123064875
813724605
123678504
123084765
123840765
123084765
203184765
135820746
134862705
813024765
123085746
123864705
123064875
123840765
813025746
134620875
102843765
123864705
813025746
102843765
203184765
123784605
203174685
102853746
103824765
123084765
803214765
203184765
123784605
123084765
123840765
123784605
813024765
283164705
123864705
123850746
123840765
103624875
123084765
123860754
103824765
813024765
123084765
123084765
134082765
123840765
123860754
123840765
103824765
102843765
203184765
713240685
104832765
123064875
803214765
123864705
234160875
123640875
123084765
123856704
103824765
813724605
123840765
123784605
123784605
123084765
123064875
103825746
123850746
123845706
123840765
813240765
123845706
102843765
123084765
102863754
123674805
123864705
123064875
123864705
102743685
142830765
123085746
103425876
123784605
203184765
123045876
102843765
203164875
123084765
134082765
134820765
103826754
123045876
123784605
203184765
103824765
813024765
103625847
123860754
283164705
813024765
102863754
123864705
123864705
123064875
123860754
123064875
234180765
123840765
103824765
123084765
234180765
123864705
103724685
123840765
123840765
123084765
123845706
123864705
123845706
123784605
123784605
123784605
123784605
123850746
103854726
123084765
813024765
123840765
103624875
123084765
102843765
123864705
123084765
123860754
136820754
103824765
123074685
123840765
234160875
263140875
123860754
134820765
134820765
123840765
803214765
123864705
102843765
123084765
283014765
142830765
123084765
123840765
102843765
813024765
123840765
203184765
123864705
283140765
103824765
813024765
123840765
123084765
123084765
123845706
123084765
813024765
123064875
123645807
123860754
123845706
123840765
812043765
813724605
123840765
123084765
123784605
123845706
104832765
123086754
123640875
142863705
103824765
813260754
142830765
102863754
142083765
203184765
104835726
123864705
134825706
263014875
123475806
123640875
103824765
123860754
802413765
123850746
123784605
283145706
134082765
123784605
123864705
123084765
813024765
813024765
123045876
102843765
803214765
123784605
123674805
813024765
123864705
134820765
203184765
102863754
123084765
134862705
203184765
102843765
103824765
123840765
123064875
123864705
103824765
123864705
814035726
123840765
102843765
134820765
103824765
123674805
123856704
134820765
123864705
283014765
203184765
123086754
123840765
123840765
813024765
813024765
123784605
203184765
123845706
123085746
134862705
813240765
123064875
134820765
134862705
134025876
123784605
123864705
123845706
123784605
203145876
103724685
123864705
123086754
203184765
134820765
123084765
283014765
123084765
134820765
134825706
123045876
803214765
123084765
102863754
123840765
123064875
813074625
123784605
103824765
123864705
123856704
134820765
123084765
134860752
123864705
203164875
203184765
234180765
123845706
103824765
203184765
123074685
102843765
103824765
123740685
123084765
103624875
203184765
123860754
813064275
123085746
102843765
103824765
203184765
123840765
103824765
103824765
283140765
123084765
123784605
123840765
123845706
123840765
123064875
123064875
123784605
123084765
123064875
123860754
102643875
123860754
123860754
123074685
203184765
123084765
123086754
813240765
134082765
123864705
123064875
123084765
123780654
123864705
123840765
123780654
123084765
234185706
103824765
123845706
103624875
123864705
123784605
123780654
204138765
102863754
103824765
103824765
803214765
103824765
134820765
203184765
123064875
123784605
813064275
813024765
283145706
813024765
142780653
123784605
123840765
234160875
123840765
123864705
123840765
102863754
123640875
103625847
103826754
123784605
123860754
123845706
203184765
123856704
123845706
123845706
123785406
103824765
813260754
203184765
234180765
123840765
103826754
283140765
123064875
813024765
103824765
234168705
812063754
103824765
103724685
123864705
102843765
103824765
134862705
134820765
123074685
123845706
123840765
123084765
123864705
103826754
102853746
123860754
123860754
102843765
234180765
123475806
123864705
203184765
103724685
134820765
123864705
123840765
123845706
123840765
103824765
123840765
123084765
134825706
123840765
123840765
813024765
123084765
123085746
123840765
123045876
123064875
813024765
123845706
103826754
123674805
263074185
283164705
123864705
103724685
102863754
103824765
123864705
123840765
123084765
123450876
123084765
123845706
103824765
102843765
123864705
123864705
102843765
123864705
102843765
123840765
813024765
123864705
263174805
134085726
123064875
102843765
123086754
283014765
103624875
812430765
123864705
134825706
123784605
123864705
123084765
123864705
123064875
123740685
203174685
203145876
142830765
102843765
813024765
123845706
123674805
813240765
123758604
123864705
203164875
203184765
123064875
813724605
102843765
123084765
102843765
402183765
123784605
102843765
813720654
103824765
123064875
283140765
123840765
145830726
123840765
123840765
283160754
813724605
123084765
123864705
134862705
123084765
123084765
803214765
123740685
142830765
123840765
123084765
123064875
123084765
123674805
103824765
123840765
123850746
123086754
123084765
123084765
123840765
123640875
802413765
123850746
123784605
283014765
123084765
813024765
123084765
103824765
123064875
123780654
813024765
123840765
203184765
123840765
234180765
123780654
123745608
134820765
103824765
103824765
123840765
613024875
613024875
813024765
123845706
235140876
123784605
234180765
123845706
103624875
134820765
123850746
134082765
