234168705
206134578
704183265
506381274
425783106
781453206
825640173
407128563
803257614
273581604
708432651
412837506
827513604
803721564
278053146
627430815
571084362
205864731
278543106
482370651
134278605
723456108
815032674
562483107
156820437
254630178
403512867
105683724
405132867
127830546
327081456
304851672
617028543
803516427
578261403
204135678
283710654
725014683
845310726
863015274
812046753
217046853
315780426
325081746
257140683
851730426
531280674
317865204
435260817
364857201
248160537
531460728
723015468
137840526
541863702
143068275
345870261
702418653
415830627
708423156
127340865
843562107
802367514
831074265
673258104
258063714
256710843
341085726
182430756
514683702
283576104
405137826
365280147
145670832
126745803
734520168
825176403
136728405
374286105
785023416
278051643
183074526
108326457
142063875
318754602
285341706
412063578
623415807
851760432
801352647
367042158
267013458
324810765
521830746
103865724
834160725
148032765
283540671
814035726
104637285
364521708
605172384
806521473
504123786
204615837
108423765
342780615
421653708
834721605
234051768
467518302
831752406
583076241
721083645
681432705
862140537
604723851
816052374
861024735
368571204
103268547
208365147
836571204
563072184
408613275
608512347
714683205
124037685
103526874
214085736
812750463
623045817
613085274
241760853
706481532
235681407
687024135
603745128
508134627
203864715
304218576
713024856
304217685
238615407
402835671
704852163
385240716
154738206
653820417
385071246
508376124
572014368
371258604
602483571
604172583
801643275
706128435
243160857
814056723
801723465
761580234
406258371
786520143
182563704
803571426
123086547
312864705
453682701
861750423
684310275
465720831
627340518
201856743
784260135
382067451
281745306
613250847
173024865
356047218
874013625
502874163
286351704
627840153
613820547
573048162
561270384
851062437
178435602
245180376
837210456
426071853
814327605
706418352
102736548
105638742
125864307
456820317
734651208
674038215
657283401
804615273
785620413
746358102
614287503
145083726
236051784
182645307
543728106
208176354
715023846
103826754
416523807
417063825
506832174
621340758
813264705
102683574
601827534
146370852
713568204
241073586
503284176
346182705
107382465
805476123
457263801
142750863
274583601
865027314
283150674
527068413
826057314
508321746
105437628
184320756
208647531
247865301
124850637
814025376
802173654
678430215
123840765
325076841
701268354
824713605
368715204
746028513
603721854
137025648
123056487
834150762
258364107
286157304
607841253
325086714
415078362
602578134
205613847
384075621
782610534
106352784
716048352
285714306
403825176
261038754
513840762
123758604
168573402
271630458
407625138
273654108
283650714
453012876
632870514
285610473
623140785
208367154
172058643
403851276
381654702
824530716
103425768
431056827
512873406
352780416
135074682
463158702
845320761
162453807
342678105
852630174
102587346
723460815
786123405
205437168
281470563
135082674
214580376
426517803
156320784
387014652
364210857
874561302
413850726
637420851
815372604
203516847
512470683
672081345
801237546
486752103
273854601
458370162
401768523
153846702
142850736
618253704
578210346
273184605
476813205
856712304
218534706
624837105
701826354
586134702
821640537
601872354
547683102
814026573
257180634
401658723
138074625
364157802
421067538
136582407
328560174
617324805
863470125
106478325
571048263
871546302
714086352
502618734
734850216
813526407
468375102
358612407
506784312
573840261
842037615
502176438
526078431
735018642
506487321
846230751
186035724
562730481
608134572
273016584
105826437
541276803
825370146
782463105
253840761
162580473
201758436
648231507
543026817
604253718
605384127
204167583
326481705
724610853
578123604
781562403
861754203
581367204
761580342
851230746
354820761
653210874
613840257
263450187
638045217
408713625
185023674
182640753
147820653
256037841
143526807
468750123
503467218
124680753
364075812
352081764
104238567
246710583
138024765
652084173
237580146
302148765
316824507
286350741
175632804
876324501
576820143
764083152
875034126
107482563
173260548
438256107
701465382
687420531
278031654
802457613
105824736
148760532
823415706
254780316
783614205
745036218
482015673
783526401
142538607
728430615
821743506
753064812
823654107
123486705
482371605
124735806
823054617
836210754
376254108
104726385
641820753
813240765
238175406
105364782
712053486
153824706
347082156
503748126
715086324
712350684
247081635
263150478
162830754
714082365
834071625
314856207
508361247
283510764
705231864
486230715
508741632
742830615
841057623
704681523
124036875
203845716
245870163
731246508
708314562
482370516
507361284
231067548
364025187
123850746
307654821
308527614
784210536
826751304
785630214
308251746
185637204
753120486
673140825
273415806
814760532
643085172
306541827
618537402
812043657
142638705
485673201
365820417
123067548
805124763
482130576
853047162
142786503
628140753
635741208
425617308
143260875
802734615
745210836
581360247
843720615
728413605
376182504
731540682
562018437
275861403
182634507
627184503
143057286
436720185
106237485
827063541
107852463
802143675
714256803
253867104
307518624
812037546
708326154
682570143
153048276
872413605
342860157
618245703
475630218
273814506
714586203
832760514
763245801
308271456
614357802
852731406
854037612
806723145
685130427
283540167
234680751
175024683
842635701
286074351
821730546
623850714
172860354
284057631
103782564
502316478
701863542
732850614
813725406
162780435
524013867
362047185
127540836
763024581
642750831
265847301
213048765
867125304
374281506
471580236
145623807
368127405
207185364
182650473
183546207
602417853
357621408
412037685
204185763
741630825
672038145
301872564
234517608
751064238
482015367
417630582
185062374
237581406
214783605
415820736
187425603
524038167
701684532
345261807
734120865
758431602
728013654
801723654
361082475
258130746
103425876
568047312
743025816
126738504
734621805
278510436
213586704
432078165
643580271
152748306
253140678
637012584
218435607
827051436
781635204
432087156
317086245
103625847
175842603
273085461
805312467
765430821
142065783
108325476
134086752
381720546
325410687
215670483
586123704
153082476
134250687
201673845
258037614
714350628
812056734
403125867
305618724
123064875
472630158
536274108
124360587
602754381
745061238
203176584
624581307
472831605
548320167
367120548
481762503
302875164
173265408
803465721
365248107
613024758
803245176
435260817
847023615
385074261
305721864
705416238
215063784
724031658
103276854
721350648
428617503
861530427
613087524
521680374
123560874
754130862
638251407
378521604
301458726
541028763
156024783
407281563
402578316
326075148
248163705
802657314
103458276
801632754
352761408
871653204
738241506
485120763
563280741
834650172
732580416
841263705
458320617
537026148
726083154
254370168
107854236
618740253
108234765
103742865
573260841
174350682
781032456
605421378
135670248
402315867
248153607
842715603
648357102
723816504
715042683
652380417
572018346
623180754
451072683
204358761
273816405
531820764
368140752
607243851
142830576
105487263
386715402
583016274
812475603
203175864
246085173
287041653
645038217
257130648
172438605
548210673
378541206
385026741
368710524
403852167
746530218
614082735
325046817
208513764
358260147
703652184
356174208
421063875
281743605
235048176
728416503
283475106
205147836
243857106
578130246
304152867
326015847
507428631
837564201
471852603
236587401
634510278
573860421
781042653
237016548
824730156
765230481
867120453
258036174
478360152
456078312
413075628
201856743
408326751
106874235
401832756
806341275
642710385
208375641
738540621
321650487
547813602
238016745
627058143
325810674
286047153
143675802
386427105
512863704
804261537
425670318
145063827
842630715
785013624
805316724
546278103
657410328
162740538
184067325
423068517
735024816
708645123
143675802
608143527
721083564
642178305
518430627
834250671
283017564
158730462
873012564
175042863
307185462
503824671
632845701
584713602
724610853
543862701
708543261
271840563
623715408
706512483
507643218
764023518
725084316
635187204
601724385
307458162
358710264
267538104
281463705
784210365
603421758
512360847
685710234
645870132
712650483
207385614
723680415
786052314
854273106
102537864
623810745
308714652
237016485
831572604
156230874
701284635
615827403
741532806
847032651
813062574
584120673
152480736
864215307
743528601
128743605
841753206
402186753
602713485
364150278
503274681
316840275
702341685
253140867
304618275
143028657
768315402
523480761
582760143
804135762
843625107
425730618
813460725
862057134
368514207
524136708
307615248
503417862
816035742
821730465
475082316
123785406
215743608
682317405
356840217
584263107
153680247
136475802
412560378
803275416
176420835
351046827
306218754
248017635
541263807
183750462
306245178
305416872
234086715
406832157
247680135
287450316
805742316
604137825
652013874
423185706
485260371
283076451
632740185
728613504
705831246
384012765
421035768
245738106
163078524
815273406
754082316
162573804
546012738
814367502
206851347
801652374
108326574
314072586
173024865
745120863
348176502
182753604
124075683
152843706
835017246
732648105
275314806
261840753
412563708
467820315
104753682
384021567
451038276
652817403
205643187
187632504
506132784
217043658
486027351
504216783
163024857
608745132
846710253
807153246
682730514
682143507
458371602
256048173
314082756
521840763
412785603
238047156
583042716
274130586
532670148
146052783
368542107
128674503
481652703
108632745
734018256
301725684
374025168
608513274
728150364
821065347
428635701
578360412
607851342
643021785
812067453
401265387
387615204
728063145
501427863
342175608
283140765
104628375
136845702
623057814
352018467
351862407
641235807
235067418
603548271
372150846
123054678
536820174
158347602
103485726
876430125
216085743
184637502
203154867
548730162
547082316
803127654
805732146
453620817
203154786
102874536
825740136
681045237
138042756
548630127
142570683
208567431
741360528
514032786
235874601
