861253074
513206874
123784065
813724065
123806754
063217485
134806752
012643875
283145760
374125680
283106754
364172850
710652834
134602875
123804765
324815076
240137685
163854720
085713462
870621453
384175620
123704685
145803726
482156073
162803754
120843765
143705826
720813654
234108765
135826740
142803765
248103765
083614275
162803754
246813075
152846370
134706258
524107836
423785610
015732486
245713860
260173854
210836754
214803765
248715036
263781054
135842760
140832765
813704625
013824765
812653074
140632875
231784065
135602478
120845736
273601854
145803726
813206754
723805641
013625847
140832765
234678015
832405176
013754628
034821765
123705648
620183754
312804765
273108654
812706543
023184765
413825760
081723654
162783054
240138765
823701564
245183076
713258640
260145837
812405736
023156874
013725648
081432765
813256740
284601375
237816054
135708624
052314876
260153847
841672053
340215786
123584760
130725486
213804756
123756480
834715620
123764580
136402857
268104735
341805726
812703645
810263754
123674085
713268045
134708652
012863475
123704685
280143765
123864750
014832765
123804765
741235680
613207854
861534270
258136740
014672853
123806754
124306875
012473865
152603784
123708654
810253746
482673150
462108735
426105873
123845760
734625018
142708365
126784053
170438625
542803716
364708215
813206754
832514760
712643085
134862075
730184625
812463750
273654018
250163748
513607824
120643875
182703654
123645870
012863754
348215076
134785026
034185726
134876250
016732584
836205741
034178652
073615428
162783054
713628054
142708653
283756041
813724065
364107852
235106847
046273185
273105486
714382065
083216754
123678054
123804765
263804715
345268071
134806752
123864075
283645170
480153276
732168045
250147836
123806754
812403765
814735026
120753648
813205746
810723654
013826754
036821754
130527846
123674085
834215760
812743650
280163754
012843765
612845037
137862054
140682573
340275816
120473865
283701465
210483765
234105867
183405726
340876152
081263754
120863475
234805176
813245760
034276185
782635041
810573462
013625847
283156740
781642053
025847163
245603187
023164875
123864075
714362580
137402865
813724065
841603275
120843765
134825760
235687140
160832754
123405687
810732564
012846753
320748615
123804765
043826157
034275816
273608451
023184657
123805746
248103765
614527830
813506274
813264750
123804765
851623740
140835726
135804276
813725046
123506874
245136780
153824076
781532640
120743685
023174685
120843765
123708654
513728640
480213765
623845170
230158764
283105746
813205746
123706584
083214765
172603854
134605827
236158740
384206715
712408653
273104685
081432765
384106752
813576024
160852743
813264750
145238760
023164875
120863475
136524087
063214875
230174568
231784065
042173685
014852736
712403685
136845072
812705634
028431765
371682045
384156720
135842076
283145076
741203685
135804762
620543187
043215876
468102753
038741625
673814025
123804765
263105847
830214765
082416753
128743650
634257081
420385176
713204685
423165870
712683054
083715642
156783024
142863075
813256740
513206874
134862750
134205687
134785260
120753486
083214765
134802765
283104765
042186753
813764520
813204765
234106875
834201765
130724685
810253746
123864075
812765043
082173654
813456270
638712054
137864250
834201765
512406738
081324765
012345687
234807165
123806754
134256870
014732685
364185720
123708654
813726054
834201765
123678054
012853746
123405876
270453816
341802765
841205736
812503746
082134765
814735026
521804763
254103687
035146827
123708654
180523746
014732685
045183726
680143752
283156740
814362750
671203854
814325760
713624850
784102635
123786540
365804271
813506274
250183764
012843765
280753416
583264710
123607854
134802765
123645870
134805726
120743685
083715642
512634870
730624185
814306527
653142870
813724065
134802765
013425687
015432876
436201857
042183765
156804273
140832765
253106748
830516274
783124065
123804765
283106754
420163875
135842076
123845076
236718054
283104765
230681574
234108765
673204851
120453876
142803765
813702654
836251074
123864075
134802765
834721650
035846172
742103865
820463175
234106875
123864075
813206754
136702584
813456270
123704685
135806247
123845760
812403765
130725486
281403765
123607854
813256740
830245176
014235876
437102685
160852743
063214875
126804753
123804765
081732456
084712635
142785360
123845076
283506174
134825760
162834075
234168075
781652034
130824765
324715680
142703685
142786053
123705648
123604875
140873265
240138765
386102754
013825746
023145876
120763584
152768043
812504763
163704825
384701652
034186752
014728635
134602875
614853720
142805736
830712546
134275860
340185726
712683054
023185746
140832765
713624085
263145087
230674815
123786054
023184765
012843765
124308765
815203764
384256170
123864075
123405768
234601857
028143765
613804725
013864275
142703685
042183765
712385640
273104685
682573014
016852743
012863754
134765082
813264750
061243875
023175486
426108753
042153786
842156370
263814075
071863254
315726840
145236870
426183750
834721065
235108746
863201745
671234850
820613754
024138765
043128765
013425876
130724685
835716420
152806734
346108752
812456730
162503874
135826740
083275641
813605247
714632850
413827065
283164750
438712650
130725486
142783065
130825746
130824765
134725068
840235716
034125876
816754032
123758064
482135760
034186752
283715046
162573084
142375860
813562074
153804726
836204715
023185746
230175486
120673854
123864750
581263074
273108654
013856742
028731645
085143276
738214065
712643085
063175842
342718065
123604875
136802754
712683054
013825746
034182765
023148756
024835176
123784065
142786053
713284650
852436071
250143786
384275016
124368750
123674085
145273086
810564372
018342765
162503874
152847063
123784065
013825746
134256870
012453876
023178546
253416870
123704685
235601874
248713065
230164875
254803716
810723654
234608175
316508274
641503827
123805746
813725046
813704256
270183654
234106758
134602875
120675843
283471065
341875620
125784036
713204685
063214875
348205716
142835760
142786053
283106754
731408652
052136874
120753486
043825176
628135074
783415026
273415086
813204765
814362750
283576014
783102654
034182765
142673850
123704685
263817054
136824750
063284715
123784065
123745068
134825760
137862540
230184765
235178640
815736024
283704615
814657320
013674852
820613754
810532746
751842630
142605837
563207814
028143765
813674250
642108753
834201765
243708165
813752064
713604582
145703628
240635187
064781253
280531746
140732685
083165742
814735026
830245176
045236817
120783654
816302754
053217846
630214875
123704685
081723654
123785046
130627548
462105837
152803746
013824765
813205746
783102654
163704582
142783065
023841765
142805736
024138765
134205876
123758064
013627854
324105876
145832670
136804725
054318276
124306758
430281765
782351640
035214768
374862150
042186753
321854076
613847025
142803765
042185736
134576820
234105786
813724065
120643875
123708654
134802765
236784510
156823740
152843076
034271658
081243765
415306827
615834072
234157860
830614275
281536740
152803674
123804765
812763054
342516087
084612375
346718052
134576082
082173654
120458736
864132075
120843765
130864275
130824765
123804765
816432075
013824765
120843765
436107852
135802746
082463751
230145876
813745620
130425876
123576084
234805176
356102874
037256184
123604587
683104275
234106758
130725648
082415736
738201654
062153874
142856730
014832765
013864275
246703185
120783654
123805746
423617085
384712650
042183765
283645170
341805726
023156748
813724065
810643275
462103875
812603754
283106754
813706452
013682754
250437168
145732860
841702653
742853016
283701654
124703658
123804765
283106754
123645870
582716340
023615748
273145680
130862745
835726014
013425876
142803765
123845076
130864275
283714650
830164725
230185746
713204685
243105876
012374856
813745620
042183765
283104765
283674150
810643752
843216075
814736052
123475860
841673250
836201754
152738640
140836752
345126087
135826740
134802765
682103754
013627854
283104765
384125760
834215760
835471260
123674085
073214685
120863754
326851740
123706584
062183754
813264750
123604875
482103765
012758463
283105746
162853074
278105634
473158026
234108765
034218765
123405876
134825076
583102764
273158640
123845760
140832765
152738064
260583714
123804765
123864750
120563874
012853746
134725068
162783054
283164750
810263754
023184765
713506824
834105276
123705648
082617534
248103765
612803574
280153746
234106875
134802765
384102765
120685347
812403765
123804765
042135687
814725630
153704286
263705148
784261350
783512046
438105267
023156748
614325870
142803765
023178654
134802765
813724065
013825746
782104653
630718254
140632875
123786054
813264750
834206751
138752064
813702546
123674085
123506874
861402753
720413685
123856074
172853046
012843765
123856740
821304765
013825746
120753648
813725460
283104765
082513746
830215746
137624850
423785610
134825760
014832765
023178465
081245736
012673854
016834725
230174856
042783615
123784065
041863275
238157064
123806754
614302875
263104875
283106754
340156872
124836750
236145078
160832754
123506874
813204765
012673854
081752634
235814076
012743685
162803754
271853064
023176584
142835076
014835672
123864075
023174856
841203765
120863754
042163875
063578421
310624857
130725648
813705642
120734865
140832765
247103685
268134750
126784053
123604875
123864750
123678054
142835760
253106874
142783065
142805736
134802765
012643875
420135687
023174685
713206458
813264750
384102765
182563074
142705386
140382756
813204765
013724685
128503746
235108746
263804715
023186754
830215746
462103875
034278615
123785046
120863754
034215786
034265187
143805762
236184750
134708265
123708654
243106857
713284650
013758264
012843765
130826754
781203654
134802765
123864750
830712654
135702486
362105874
087521643
134825760
630284715
013425876
123805746
042183765
850234176
736201584
068342175
123856074
653204781
015437862
240135678
820763541
134602875
263174850
812405736
513806724
142673850
123506874
812405736
013826754
012753486
142703685
218734650
273145680
823615047
042815763
134758620
