306814275
806273154
302674185
301245768
682034175
417823506
821735406
273618504
127430568
715028436
307256418
713620548
153826407
743081562
602154837
834510672
573120846
235148706
502834761
184750632
142067853
278634105
872056431
804315726
453072186
235160847
235160784
306457218
834210576
427063185
304682175
348015762
173284506
402316875
702458631
134065827
251063487
701623854
485762301
268140573
452130867
436072518
652430817
376012845
581360724
782536104
726045138
645830712
864253107
814732605
706231584
341580276
856041732
123654708
231547806
578036241
613850742
672084513
168540327
625740183
613270548
203186754
602134587
561340287
682431507
164725803
821750364
837064152
104365287
341520678
403261758
706234518
135840762
503287641
803572461
423650187
256034781
586023174
824517603
132786405
701483625
628130574
365082741
125730684
203145768
382140675
104865732
751083624
846012753
805327614
138260754
135642807
567240381
127530864
807321465
651047382
863520741
428650317
873045126
208315467
371245608
817460352
358146702
482715306
634821705
621530748
835240617
801645237
817053642
123874506
321674508
154082673
561078432
812763504
163025487
234051876
675081324
718350642
531082764
123650784
605341827
485312706
412085763
418637502
213074586
134680257
367180452
167258403
352470168
605347812
362540187
435160728
381074625
421380567
134072685
538412607
782510643
123760584
483062715
204157638
305681274
375824601
823751406
145062873
803124675
134720685
745830162
263085417
603475218
746810352
156047832
174062853
348625701
182754306
713085462
672183504
301742685
405726381
564280371
708153642
721460853
341687205
408163725
872031564
106257384
384056721
145670328
438210675
702154863
385420176
718054263
357140628
435870621
285043671
802345716
805164327
643725108
305842167
701456283
802365174
301824756
507862134
136845702
801723654
386021745
418027563
201354876
851032764
286013574
713046285
208513647
674251803
354782601
473261508
604718352
604173528
503187624
782135604
851730642
642350781
708215634
861023754
184670532
436280175
207814653
683074125
236018547
102635487
846351702
813425607
403215876
462173805
632457108
837241605
741085623
417083265
315476802
152780346
576120834
835026471
204168753
801673425
352840716
314672508
872450631
213086745
602754813
183042657
726058341
302154876
736520418
603874215
231546708
723046815
135860247
415830762
546387102
503478162
203165784
823014675
784321605
107823654
718024536
142036785
268715403
735682401
264178305
371460285
867013425
805164732
721658403
567824103
143268705
236710854
308214756
845710362
185264703
617432805
123045876
602473851
405316278
243610875
857140326
704132865
523784106
314620857
503827461
842013675
128540763
638410752
781043625
308572641
287140635
278045361
576021384
802751643
205746183
486270351
802731654
425630817
782564103
148350726
738126405
832160475
762413805
756034218
302764158
327615408
536710842
621584703
305274618
736018452
164357208
847613502
746520138
548160273
413025687
246035187
361087452
426583107
326510748
863740215
375081642
623517804
138025674
123480756
234618507
251630874
823051674
843650712
605437218
706345128
302418756
648032751
605237814
273856104
376841205
501268473
275386104
125073468
803645271
307245861
348250716
546071382
812763504
206478135
304168725
734856201
308271645
327548601
418023765
246870135
712563804
863257104
614052837
184260375
603248175
307825614
425138706
263180574
375012486
305426817
724150386
621783504
123850746
316748205
462170538
704318652
758426103
513742608
523140768
801542637
807264531
142630875
613045287
875312406
803465217
456031782
854023176
407261538
485310627
425816307
762531804
365412708
283041675
653017248
162834705
571430286
463520718
603421587
204175368
601732485
381640275
124830756
516043872
832570614
801453627
134085267
248160753
423510768
106824375
801247563
135680742
182076453
657320418
124380765
271850643
817023654
368520147
168732504
621084735
574036821
312740685
685410732
128746503
704163825
172846503
864023715
702631548
124836705
174028653
804326157
423087165
201738465
875046123
486350712
175026843
231670548
106358742
104835726
368271405
723056184
235470168
406312857
714350862
726053148
182057463
305642781
314520687
415023786
407283651
248150736
364850217
216573804
874032615
832610745
283074615
182053764
623857104
647023185
834056271
253160874
408725613
168073542
275634801
361275408
483156207
813724605
461320875
756081324
814062753
701543286
374051826
307542816
134760582
831072456
712860453
813067254
173264805
342087516
671538402
731084625
475810623
435218706
503816724
308742651
304215678
453120876
218034765
384762501
123680745
841630275
786350421
342068517
671058324
463215807
621743805
237140865
612573408
387624105
134258706
503147826
825740613
807243615
125086374
682537401
362078514
168023574
812037546
506423817
781642503
356870124
103826547
265147803
127043685
856431702
104623857
126750438
218754306
123580476
734650281
824073615
312057468
835410276
801654732
305462871
341085672
362054187
713450268
254137608
134526708
471835602
345028176
513082746
682347501
167053842
846217305
726318504
523186704
803712546
813072546
268510734
231580764
381740625
103684725
607821543
458726301
723864501
803714625
731450286
241063857
105423786
517840632
672514308
372481605
165243807
152830746
705316284
134825706
104873265
841673205
605712834
307651284
361054782
725183406
841025736
823175406
467830125
502873146
481362705
156073284
134862705
812063754
402183576
834210657
347018256
701864235
467825301
803715264
316840275
425360187
104672853
871053462
374820165
123650847
704362158
731065482
206173485
673810254
423065187
402183765
142783605
306147258
803452617
561430827
284730651
408613527
153240876
127368504
517682403
183452607
536047812
307142865
843720615
456230817
652087413
351826704
385064172
156720348
432860175
672083541
802145637
803126574
315640827
304627518
235780416
384056172
701852436
871640235
632410785
405261378
236170584
235140876
428176503
134670852
861234705
643078521
562038714
346021758
351786204
802146357
638217405
206583147
872043561
781632405
205317684
534261807
531824706
476035821
584036271
216084735
103582674
346182705
235817604
435270861
832671504
516873204
736024185
123087645
614035827
842361705
248360571
802315476
802643715
657240318
263174805
153740286
642870153
127460835
485320716
461827305
287061543
832741506
123750864
726534801
106453827
513726408
104375268
873560241
504236187
182340765
713024685
324867501
145073628
821763405
163472805
423016758
172380654
803271546
203615748
406273851
402613785
627510348
216038574
684023751
123546708
348210765
457081632
815024367
748231605
614237805
652134807
703486251
124036875
702615483
803714562
731824605
825046137
813256704
716480352
476081532
102745863
102738564
321870654
234056781
832071465
453160827
582461307
287634501
701482536
603584217
813062574
235176408
836714502
407632815
701635482
824360157
643081275
158230476
853072416
106738425
251760483
132074865
723650814
503714682
315076824
135826704
823570416
783160524
386742105
723561804
146830275
402517863
708312654
128457306
276810435
804172653
205637184
503218764
102548763
805632741
286543107
841752603
836251704
856034712
418357602
607584231
741652803
702461853
814720563
781630245
123067854
128740536
382760541
186073524
642730815
604157328
812746503
136450872
348021657
647128503
162780543
657021843
608173425
243810576
713624805
743150286
123680457
234510876
345027168
672140385
268140735
452713806
563870124
154260873
813457602
283014576
136074285
123086754
731658204
203674815
205136847
347160852
123450876
163548702
105786324
713068524
385072416
168745203
267084135
542816307
872640153
231864705
804315726
231046857
271083546
682413705
612840537
706381524
183740526
602157843
502134867
703416285
872156403
163840275
823510746
702683415
715842306
153280746
624783105
583021746
283014657
623710548
152860734
104263875
782546301
142763508
612430875
804215763
148032765
583120647
175423806
153024876
703564218
203658174
385260417
841260753
761083254
182063457
871625304
405321867
832164705
641052873
102345876
746532108
348261705
306854172
283146507
301842765
238610754
503261847
184635207
508364127
806241735
682017453
841763502
326180745
762183405
783014562
627530841
608241753
623584107
108432756
482075316
103475286
578640312
376510842
372016854
234680175
705842613
863025147
603174825
508142637
514368702
847562301
783140562
657834102
158340762
807362541
421863705
235018674
672014385
567430128
146825703
638074152
835271604
134720685
582714603
706518243
813570624
413057682
286071345
263054781
842350167
627813504
623571408
136285704
214078536
235164708
783246501
812467503
403712685
153274806
286735401
602357481
503612478
675280143
143085627
152083746
718526403
725064138
108527643
208731456
103548267
832450761
728531604
623054187
148620537
382475601
743610528
152083467
652380174
273014856
716325804
632157804
207654138
384265701
345281706
236840517
436218507
673028541
301465872
142830765
182640537
621845703
103786542
471320685
208476153
412058736
265170438
183760425
135840762
571084236
102485763
862410735
472683501
235180746
104872563
816435207
714325608
537468201
138052764
803426751
708532614
584126703
142375806
734812605
436280175
503128746
541082673
581276304
203184765
542361807
375046821
182635704
256073481
264150738
281734506
103726845
512064837
106237548
823610475
234068751
623071548
471058362
256718403
173485206
384062175
813240657
243071685
372056184
184072653
102475836
127840635
345081762
745320168
638025147
406235187
501634782
658240713
864053172
302157486
431062857
306218754
142670853
713082456
801735624
863241705
841263705
671023548
784130652
706341825
102543786
268570314
804713265
173685402
604853217
405126378
804732165
423180765
423850617
126073854
841032756
782046153
201648753
514028736
471835602
301247658
506438172
603217854
102358647
204856173
162537408
605412738
857234106
615038274
514672803
348250167
182546703
365084127
314268705
158347602
603841527
106783524
128730645
134082765
803264175
423761805
203874165
103825746
