803214765
102843765
231840765
123046857
105438726
812743605
283016754
123084765
813240765
801453276
873240615
123045876
142863705
762140835
342180765
123064875
123780654
135082746
813024765
172860543
418230765
136052874
716042538
102753648
813024765
813024765
125367804
234165807
283014765
124037685
134620875
714682503
203145687
418063275
135820746
283014765
273084165
142786503
283164705
123850746
714620835
102783654
134862705
418230765
105432876
203167854
103824765
134025768
813240765
162740385
134820765
263150847
103724685
203784615
103674285
734820615
812463705
803214765
263045187
214350876
142058763
134850726
218073654
104835726
134820765
804712635
123085746
734082615
134785206
342068175
634021875
234018765
812760354
123856704
243785106
812653704
812673405
134625807
864723105
613245807
283056174
462835701
243167805
108426753
236480157
283014765
123674805
813264705
123085746
123784605
203174685
123845706
483250716
142630875
804631275
203165847
123780546
813024765
861230754
814035726
813074625
123780654
203185746
142083765
248630175
103728654
125846703
812740653
283064175
103825746
123864705
234180765
384156702
103728654
134860752
142830765
143826705
135820746
152730486
235017864
123085746
812740653
402186753
142863705
681453702
781023654
163084752
142830765
821753604
714380652
134825706
283015746
123745608
812073645
123086754
802713645
105362874
813026754
234175608
314728605
135820746
612873504
325140786
103425876
813064275
283714605
138750642
401273865
168530724
813264705
813024765
423078615
203157468
134076582
273184605
134082765
812730564
783012654
123084765
712463508
243170865
245730816
304815276
401728653
124360758
304125876
162053748
834210765
134072685
234160758
123850746
123860754
182073654
108732654
142863705
841260753
123840765
123675408
283160754
203685147
842310765
472183605
152430876
283716504
123074685
482035176
581023764
123786504
134860275
304682175
305172486
283140765
134056872
862043175
283071546
813024765
248156703
123450876
134670852
283140765
246073185
813045276
203178654
813245706
123074685
346158702
283140765
134062875
802713645
245183706
204153876
104835726
835124706
342078615
254170863
803725614
804312765
384160752
713250648
123084765
134780652
314076285
813260754
608423175
142860753
613027854
123045876
283015746
403126875
162053874
208153746
123784605
102784635
813052476
348276105
123860547
123840765
102743685
813740625
283714605
813260754
803215746
472013685
283014765
203864715
102643875
601843725
123064875
741283605
203145876
234180765
152830746
134850726
123784605
473025186
283164705
102643875
203184765
162830754
461083275
162850743
142835706
123085746
135047862
813072654
123078654
201683754
143786205
123860754
813024765
104325786
123840765
208143765
123580764
123780654
136852704
123450876
203485176
713640825
123784605
613024875
374182605
162830754
136084725
813024765
834261705
208143765
103824765
142860753
134086275
803264175
834026175
163840752
102845736
801723546
103724685
142073685
123860754
134820765
416273805
712430685
162850743
134075628
208563174
203641875
123758604
142670853
835210746
812740653
712063584
123745608
138672504
814062375
283714605
813240765
103824765
234180765
102843765
102783465
134082765
253176804
814062375
108632574
283014765
123078654
248057613
604325187
813024765
873240615
102853746
135860724
134025876
812075463
123758604
123054786
813024765
104632875
123084765
813724605
123678504
124380765
783012654
374012685
234685107
102843765
813264705
142850736
162083475
613024875
248713605
283160754
831062475
106832754
103624875
238170546
812045736
283014765
802713645
841023765
203167854
203874165
381065724
102456837
618053742
103675824
801243765
135420687
713624805
384015726
304216758
403215876
123064875
203184765
283710654
584012736
304861275
813674205
123057684
162830754
247013685
103246875
208143765
542013876
742830615
136072584
783150642
123674805
128063754
135420876
283046157
123784605
384067215
102674835
814032765
248130765
103824765
142083765
304216875
123864705
723586104
714630852
142083765
123856704
142063875
136052874
123640875
712630458
248067153
281743605
814350726
612073854
134270865
482163705
842710635
152843706
203164875
234180765
123045876
804236751
823671405
841730562
813045276
814750236
806714235
104837625
712830654
142673805
142863705
238150764
145830267
421083765
153084726
123074685
245036178
203184765
123056874
123845706
103425768
234150786
123678504
103764825
106843275
172430865
234180765
273145608
203164875
872130654
812430765
482013765
814320765
801723654
103654827
812073564
203178654
826573104
812740653
136782504
802413765
871052643
123850746
283016754
812063754
123640875
432150876
804235716
123086754
103874625
103728654
123578406
638410275
123056874
243150876
123674805
134625807
126543807
102843765
203184765
813074625
306518274
142630875
142863705
142083765
102563874
345016278
841263705
135846207
713420865
138752604
135620847
134620875
836571204
283714605
103674852
283716504
103825746
142830765
183574206
234176805
123840765
813256704
502184763
304215786
803276514
813025746
528130764
123475806
106572843
813024765
803714625
103825746
123856704
142780653
286410735
283640175
173845602
713024685
123450876
781430625
128043765
123475806
801742653
134820765
134782605
805431276
703214685
102643875
123074685
234150786
142830765
384275106
102653847
123867504
182634507
123784605
712483605
682014735
812536704
613240875
813250746
102843765
123785406
182530764
123850746
102563874
102873456
263014875
123860754
103826754
304162875
234185706
203174685
142863705
342180765
208173645
238140675
203176584
234015786
123845706
263140875
134820765
813725406
134820765
162834705
801723654
123570846
243780651
346821705
856230714
123780654
125083764
623714805
204315876
683014275
203184765
812074653
103824765
283150746
781460523
104235876
142063875
172034685
123045876
713025648
283014765
204138765
384125706
405216738
123860754
123470865
235180746
203145876
123740685
134270865
863274105
253176804
142076583
813720654
872563104
123864705
601483275
813562704
106832754
813064275
207143685
601453287
234780561
104836752
135082746
123840765
123645807
683174205
712063584
135472806
813024765
123860754
253176804
703185642
682134705
123674805
813640275
841026753
502136874
803215746
248013765
482063175
142860753
123056874
134820765
345012876
283164705
136820754
103824765
801243765
134062875
348260175
273064815
803624715
152836704
842310765
715483206
682713504
623140857
203185746
374082165
102783654
203164875
812043765
123068574
105324876
348610275
812043765
123847605
134082765
104635278
384062175
123840765
682014735
132748605
172634805
123576804
813074625
125840736
813562704
103826754
123750486
123084765
123740685
283716504
123784605
123740685
162853704
102843765
712083654
103724685
802613754
826013754
163728504
718320654
142783605
783120654
123074685
123840765
814032765
123045876
803745162
162083754
123674805
103826754
718032465
341820765
134782605
203156487
803214765
123074685
283064175
123084765
834215706
134760582
102563874
243150768
163780524
134025876
138720654
134267805
714056832
103425768
123864705
123850746
123570846
123064875
142375806
468123705
134862705
513276804
153274806
628013745
104832765
134825706
104782653
204638175
123845706
263174805
134056872
502186734
123467805
263781504
246013758
134820765
145370826
813025746
123540786
283640175
124035867
283140765
123084765
602183754
103624875
834217605
836210754
104632875
713024685
123064875
206173854
783152604
107632854
173840562
234085176
134082765
104832765
134570826
134062875
304182765
123840657
813026754
123674805
261043875
283140765
234160758
134062875
123850746
123564807
803216754
403815726
235046187
123640875
123045687
135826704
103824765
301245768
123670485
134856702
851736402
154326807
126435807
841725306
813760524
208163754
123475806
103824765
203164875
123064875
123860754
605128743
123864705
123650847
813052764
813240765
142863705
103824765
314280765
304172685
134862705
813750642
814360752
741635802
713085462
814362705
203184765
234180765
374012685
123075648
283745601
813245706
834025716
253086714
123740685
208146753
416023875
204837165
102745638
104832765
104732685
234185706
243015876
234180765
781253604
162783504
145860732
283164705
813256704
163254807
104632875
613027854
304682175
203184765
108743652
142083765
135820746
103724568
142835706
135620847
104832765
103425687
103624875
103825746
304125876
234187605
284310765
863270154
123864705
123084765
104327685
123780654
135826704
238570164
104732685
253017684
613845702
102843765
123750486
123675408
182670543
124730865
421783605
102863754
104632875
103425876
103645287
258043176
526130874
803215746
501263874
123745608
263057184
384025176
253160874
518032764
823061754
801723654
608253174
123674805
703184625
836025174
205136784
803214765
142075386
123850746
123054786
136052874
201483765
613824705
124368705
315820476
235180746
135820746
102843765
123085746
243160857
812435706
135082746
781043625
103624875
613825407
234085176
813720546
104835726
268043715
203184765
203685714
103864752
203185746
103725486
671023485
205163874
813024765
304182765
536274108
123845706
418263705
813024765
123864705
123074685
135842706
234170685
304725186
123758604
203164875
813024765
283640175
123864705
103674852
206143875
803216754
123085746
248710653
123740685
103864275
273084165
342710658
207143685
248350176
164083725
103825746
142350687
813245706
234015786
804721653
804235716
132870654
203184765
803264175
123856704
814730652
123845706
813720654
602153874
102863754
617083254
102846753
134862705
102843765
842310765
834721605
123860754
213480765
103824765
812043765
103674285
134862705
162830754
384150726
634210875
482730615
216830754
134025876
813026754
103824765
402186753
203186754
123045876
834261705
138074625
234160875
123056874
324150876
134025876
123845706
123680574
134720685
713024685
123065847
136820754
281073456
128650743
683214705
203175486
812043765
135720648
248130765
812046753
813250746
104832576
145230876
142780653
123860754
123850746
342180765
813064275
142083765
123780546
