812043765
123840765
803715642
203174685
136082754
203164875
104635827
103824765
283150746
123740685
123740685
103825746
142083765
123856704
136042857
142863705
123465708
123845706
123780654
123085746
102843765
142783605
258013746
123086754
103826754
142763508
812063754
134820765
482135706
813264705
802413765
103824765
134820765
812460753
123780654
103824765
812430765
123084765
813025746
104832765
123856704
813264705
813026754
123064875
104832765
142835706
812043765
364172805
123780654
102843765
142830765
813024765
123784605
813024765
123864705
283164705
103624875
142083765
812043765
142083765
123084765
134072685
103824765
103824765
103824765
123856704
812043765
142830765
103825746
234056178
134025876
123784605
123074685
123845706
123856704
482130765
102853746
123045876
813752604
812673405
126043875
123840765
813256704
123064875
123475806
235148706
713260584
283014765
123084765
135820746
123064875
814735206
203174685
123840765
123860754
123850746
124385706
134825706
104832765
103824765
123784605
134856702
123064875
123074685
142830765
812043765
134256807
783140625
104832765
834061275
128743605
813724605
123784605
203874165
134862705
123845706
136082754
134825706
123056874
123078654
803216754
283164705
203164875
123084765
203184765
103825746
234180765
102673854
102843765
123864705
104832765
713025486
134820765
123084765
123064875
813640275
102863754
132870654
103624875
135826704
203164875
812073645
123645807
283016754
123845706
123780654
103824765
123784605
162853704
103825746
803712654
123840765
814736502
203184765
713024685
103824765
603274185
813067254
482013765
142085736
813024765
134082765
136024875
103824765
783012654
134862705
123674805
273184605
203186754
813264705
234160758
134082765
234150786
123860754
234180765
103824765
813720654
413025876
203164875
123784605
813074625
234180765
813025746
713624805
123056748
134820765
123084765
103824765
123450876
263140875
123864705
813240765
102743685
813245706
123784605
813745602
104862753
134786502
423718605
812743605
102853746
813245706
123756408
813752604
813245706
245183706
102863475
713624805
123840765
123860754
182034765
813240765
103624875
134250876
834710625
123840765
203185746
283745601
123780654
134825706
123840765
103824765
123084765
812743605
123678504
134082765
203174685
123084765
782015346
123864705
142863705
123678504
123086754
712043685
102863754
234085176
813670425
812043765
102843765
713624805
813024765
123840765
134782605
283164705
134820765
134825706
103864275
123785406
162853704
204136875
812043765
813240765
123074685
812043765
813024765
182730546
103624875
104832765
123864705
128063754
123784605
813024765
102863754
123864705
812634705
142083765
142835706
283714605
142035876
103824765
106832754
123084765
204136875
134820765
103824765
273014685
123560874
123864705
208163754
123780654
123084765
134782605
203156874
136852704
123845706
813240765
123750648
813260754
203184765
283714605
123740685
283014765
813720654
103624875
134850726
123840765
234156708
283064175
123845706
104832765
103824765
162830754
612043875
273014685
203185746
134850726
243015876
203164875
123674805
123780654
812653704
103824765
134025876
823015764
801723654
234017685
123084765
123784605
142830765
123064875
812743605
142063875
123864705
102643875
812053746
235140876
123674805
821730465
123064875
814032765
123864705
823415706
134085726
123856704
103824765
283015746
364280175
123075486
813025746
234180765
402186753
802413765
142083765
813024765
103825746
203164875
803714625
134785206
123064875
123864705
814032765
123064875
123084765
123084765
813260754
234018765
814735206
123784605
123784605
123840765
134025876
812463705
103854726
246013875
103624875
123864705
123645807
801723654
134820765
871650243
123840765
103825746
123864705
142675308
234015786
134025876
802613754
123086754
803712654
123085746
813240765
142783605
802743651
162783504
482013765
123075486
283640175
123840765
802413765
123645807
801263754
402135876
134025876
123084765
423180765
204135786
123056874
123470865
234185706
812043765
814032765
102843765
203185746
123840765
125840736
123860754
123075486
203186754
123780654
103826754
281043765
123785406
124385706
283164705
123864705
813724605
103728654
123075486
813724605
103625847
263074185
812743605
813724605
103724685
123856704
103724685
123860754
813072654
813740625
813264705
384162705
104832765
123864705
103824765
813256704
123780654
203164875
123784605
813240765
123075648
812043765
613824705
104835726
123856704
142063875
801263754
103824765
123064875
206143875
134820765
103726584
123740685
803214765
134086752
123064875
123784605
812063754
134072685
613274805
123840765
713028654
124038765
142830765
103824765
248730615
813720654
142860753
134625807
162830754
142083765
123084765
123740685
234168705
813064275
821750643
102643875
203184765
203184765
123078654
103826754
123064875
135720648
806234715
102843765
142083765
142830765
123845706
263174805
123064875
123840765
123740685
832710654
123064875
123084765
103824765
812746503
162573804
123084765
123845706
136024875
348210765
234185706
153824706
801243765
162850743
123645807
136824705
813726504
123085746
815732406
103824765
103826754
813724605
104832765
102843765
123845706
142783605
813024765
123076584
123845706
136082754
283015746
134862705
102783654
813024765
482013765
123856704
123784605
123840765
812063754
123864705
734018625
123086754
813024765
834210765
234185706
102843765
103825746
208143765
104862753
123470865
813724605
283164705
145830726
134025876
813024765
134820765
142630875
142783605
123075486
123045876
123840765
273140685
182730654
104832765
304125876
134825706
134862705
123670854
802613754
102843765
103625847
263015847
234160875
713628504
812634705
123784605
203184765
203184765
123084765
304162875
203174685
134862705
142730685
263014875
203184765
812630754
813240765
813240765
812073645
142830765
235174806
103728654
813045276
123860754
123074685
103624875
813264705
134825706
304182765
204738615
813024765
673012854
123780465
134025876
123064875
283164705
123840765
182730654
283164705
203174685
142830765
134825706
281043765
123780654
708312654
234180765
803214765
123056874
814032765
123086754
123084765
102843765
304215786
281463705
123840765
263140875
103824765
123670854
104862753
234180765
283145706
283140765
203184765
134025876
123840765
234180765
123645807
123064875
123740685
103825746
263174805
813074625
134820765
142863705
103824765
142830765
304275816
802413765
123074685
203184765
813024765
123450876
123786504
263140875
248013765
134620875
236158704
123784605
103724685
134062875
105236874
123456807
123674805
801743625
741230685
831420765
603814725
813724605
123064875
123864705
283160754
234718605
104862753
203145876
203184765
812045736
134862705
123860754
123084765
134820765
234016875
234180765
812063754
123860754
234160758
142673805
263074185
812430765
142835706
812763504
123084765
813674205
123670854
123084765
134862705
123074685
834065217
123078654
123864705
123864705
263140875
813024765
603214875
234180765
123860754
123864705
103824765
123845706
123780654
423160875
203164875
102743685
123845706
142860753
123084765
283160754
482013765
123864705
134820765
145830726
134025876
123674805
123860754
304185726
103526874
813740625
813024765
813024765
123840765
103824765
712083654
203185746
134725608
813026754
142783605
123074685
103824765
813724605
602153874
134862705
803264175
134725608
813752604
123784605
123560748
123860754
123084765
103425876
203145876
134062875
123064875
713620854
123840765
234180765
123084765
123657804
123475806
234160758
123784605
273180654
102783654
234716508
134082765
123845706
203145876
123780654
123086754
813745602
203184765
134820765
234180765
304125768
203184765
123864705
813024765
126043875
103824765
134862705
801743625
134025876
103824765
123064875
781643205
283014765
103624875
134820765
781430625
813260754
403128765
123784605
123085746
123074685
132048765
142730685
134850726
123074685
123860754
123064875
103427865
283045176
123845706
102863754
713624805
813745602
234168705
106732584
103824765
203184765
812743605
148320765
803714625
142860753
142083765
812430765
523180746
812743605
803264175
123064875
234185706
102743685
812763504
102743685
203145876
123864705
203174685
123845706
134862705
134820765
123864705
123864705
183074652
234150786
142830765
123786504
273184605
103425876
813264705
123084765
813024765
123674805
814362705
813240765
235186704
103825746
123784605
123850746
283645107
203167854
164082753
104862753
123845706
142835706
283164705
821073654
142835706
813025746
103824765
134025768
613824705
142830765
102643875
142830765
123046857
123784605
814732605
123045876
234160875
162830754
123074685
104832765
142863705
142863705
123640875
283740615
134820765
142860753
103824765
283450176
103826754
402163875
123740685
104835726
145830726
812430765
123064875
283045176
263174805
162830754
134820765
102843765
102643875
134025876
813240765
123084765
283014765
803214765
123670854
134820765
163870254
103824765
104835726
106832754
103824765
234150867
136820754
283670154
182340765
142780653
861023754
203164875
802153764
234180765
813064275
814732605
812043765
203178654
813475206
123064875
123840765
712083654
421063875
813640275
283164705
123674805
813240765
813245706
813740625
841730625
102783654
134825706
104732685
812743605
162830754
142083765
841230765
134850726
283014765
102863754
683014275
123640875
123670854
134025876
182730654
123856704
134850726
123058764
102843765
123084765
103724685
103824765
104836752
234180765
283064175
812035476
812043765
123845706
142063875
283014765
283140765
813072654
123085746
123864705
102843765
123084765
102873564
124368705
234018765
234750816
123084765
142083765
123856704
142673805
102863754
123856704
146830752
812435706
813264705
123860754
123078654
283014765
283670154
783014625
142730685
103824765
123064875
123586407
263170854
142863705
102843765
814735206
138720654
164850732
234168705
304182765
812630754
102843765
135826704
123045876
123084765
123074685
135042876
142035876
142835706
103624875
123784605
802614735
123840765
813024765
203184765
