152870643
283164705
412738605
203147865
823710645
834210765
612473805
128450736
308164752
834270615
684035217
413850726
142780653
265134807
814032765
134820765
162487503
103824765
503128746
204136758
835021746
302146875
136842507
712043685
103728465
534028176
283145706
813025746
134720685
813674205
123748506
123784605
802153764
123860754
142073685
103824765
513826704
123840765
263810475
603214875
234170685
834710625
208143765
142073685
203485176
142075638
304172685
304162875
281463705
306758214
102678453
135820746
782130645
204815736
783516204
617034825
172063485
826043715
612843705
283056174
134825706
152836704
203164875
234786105
134820765
142830765
134862705
138072654
238017654
504831762
235046871
723814605
203145876
813025746
263174805
206783154
135820746
814362705
104632875
402173568
503168724
123084765
134862705
613245807
128043765
356140827
815032674
821673504
145236807
813250746
814275306
814032765
123864705
612043587
384160752
134062875
401253876
123750486
814032765
812073645
123056874
347150682
812076543
285014736
106758432
703825641
123085746
203186547
234180765
123845706
136024758
123856704
748061253
205174386
234180765
856420137
104236785
142835706
162084735
263148705
402163875
803612745
713240685
813264705
813264705
523148706
136572804
163084275
734210685
135820746
136240875
136240587
123745608
283710654
123850746
184052763
834261705
147032685
708312465
208153746
108643572
134782605
482630175
142830765
841230765
613784205
103624875
104836752
816073254
812063475
123784605
283650147
283140765
861720543
814760253
403128765
152460837
834057621
103824765
123864705
142086753
248015736
712640538
142863705
102673548
482015736
406182735
801246753
204137685
243816507
304182765
142673805
258130746
165342708
812074365
283150746
206184375
402163875
602718453
367012854
712630584
102345876
128430765
234056817
142783605
123845706
604385721
273140856
503184726
283140765
283014765
801672453
802413765
408712536
713084265
123840765
238610754
123467805
603214875
814670352
103784652
136845702
123840765
134085726
423168705
403287615
305182746
841562703
234065187
284031765
102845736
248075631
813672504
801324765
348261705
813026754
862510743
273651804
203684175
104632875
346210875
813570624
162850743
134720685
123840765
801243765
281053746
134085726
764120385
162480753
812743605
834610275
826410753
231870645
134025768
123786504
813745602
134876205
813250746
153086742
123560874
235640178
103874625
162083754
123750648
824013765
203186754
802713564
613084725
163874205
142035876
142783605
308152476
813026754
402185736
653027184
214375806
713240685
813726504
102853746
423185706
134825706
203158764
123840765
812036745
283164705
134850726
143025678
123758604
234185706
128057643
816024753
306512784
801256734
801723546
103872654
234078615
472013856
102843765
273516804
814320765
123075648
108732654
801743625
102783654
781640253
103624875
134085726
103425768
283714605
684012753
304186752
708623514
205137648
134850726
105643278
203658174
102863754
712653408
123860754
714038652
208143765
123067485
812043765
124036758
713025486
713685204
483015762
278150634
241730658
831620754
134056287
123740685
602183754
254730186
801263754
123084765
613074285
127640853
273014685
123740685
102673854
102843576
235180746
123784605
503174286
801743625
182753604
283710546
135820746
812460753
142370658
483265107
304182765
803215746
714350286
208163754
413275806
328640175
283160754
104738652
103425768
651073482
283145706
134820765
834261705
836571204
204835617
345816207
801253746
834061275
123840765
123780654
845026317
613245807
203164875
803214765
134078652
283156704
102863754
834726501
124385706
602183754
356270148
623410875
134056872
234850176
801243765
102784635
283016754
713624805
208763514
132765408
831620754
813064752
812450736
136274805
602134875
134782605
134860275
102453876
801732456
803214765
823071645
864320175
812740653
813250746
834210765
281430765
853120746
103256847
163540872
253810746
283014765
234851706
142863705
286730541
134672805
107832564
804712563
123864705
173856402
836510742
234150786
672835401
123650847
234685107
235164708
123860754
142063875
162830754
803271654
206813754
124035867
305248176
713240685
283075416
102746583
103824765
783520416
834210765
206143875
123850746
813720654
234587106
256130847
123780654
203186754
213074865
134825706
208163754
427160853
812063475
873250641
813724605
438025176
472630815
781023654
123064875
814350726
125740638
174230856
203186754
182730654
205183764
812075463
648130275
371048625
462813705
162783504
436152708
803617254
823715604
814032765
234165807
102843765
423875106
243015876
106843275
103527684
375142608
142863705
475160238
123084765
234160875
821054736
281463705
123064875
134860752
103824765
813072546
243561807
203164875
814035726
123085746
123084765
835470612
813072654
723481605
134082765
102647853
218753604
103625847
872045163
781630524
364120875
814325706
812075346
136720584
234678105
102743685
814062375
204136758
612043875
263017854
123658407
126854703
623187504
123467805
304156287
134820765
623175804
204185763
603217854
302854716
234078615
203174685
142783605
235016784
204135786
813240765
123674805
273145608
728013654
153024876
134078652
102763584
342176805
871023645
163758402
283016754
781643205
103625847
703824615
127483605
103824765
234180765
314026875
283160754
402175386
813024765
304175628
813256704
473026158
201345786
123785406
103725486
345710268
804631275
305248176
162578403
384560172
134862705
123074685
123086754
236018754
482013765
203156874
123860754
354176802
146720385
104832765
278135604
834725106
123750486
134625807
401238765
607412835
803214765
823671405
234168705
482015736
218753604
423015786
704152683
123860754
152783406
103724685
823041765
813724605
103824765
834071625
304182765
106748352
812670453
123450876
248130765
468152703
203146857
184072653
813026754
183540762
123078654
204853716
102643875
806231754
102743685
823410765
701624835
123064875
273180654
142780653
263145807
283674105
126738504
863025147
103825746
235174806
813524706
231845706
173840625
801743625
124036875
812043765
134820765
804315726
124368705
203671485
105738624
134825706
104732685
406283715
142863705
106723548
263845701
384162705
523741806
273014685
123056874
203687154
864210753
105462837
342180765
813024765
123065847
286054173
104852736
801324765
861042753
203174568
123074685
832710654
502438716
102843576
123864705
813056274
613257804
304175628
841063275
342718605
834025716
673841502
238170654
123084765
602183754
142637508
712584603
134062875
728041653
248130765
851723406
345127608
831460752
235018746
236154807
186420753
162345807
234078615
214356807
134625807
812674503
123840765
681370452
142083765
183064725
813256704
123680574
815720436
148032765
482130765
135780462
123674805
135072486
628045137
136824705
235180746
104862375
603425178
104832765
812730645
723180645
287153604
136824705
451038276
123086754
813064275
208163754
283674105
134086752
204138765
605217843
238017654
204735816
834027615
243615807
283016754
713025486
814320765
801253746
203764185
134078652
105824736
813026754
263014875
203185746
613052874
123074685
821734605
813075642
763184205
432861705
283064175
327084165
123640875
123064875
123840765
123840765
801762543
402163875
123657804
104738652
142785306
435082176
314280765
234170685
812763504
165083742
153024876
348265107
234710658
104632875
247130685
816032547
105723684
804162735
235016847
152846307
361852704
841630275
123864705
123845706
135860724
812073564
102853746
806531274
345086172
103784265
813650247
283014765
263810754
841230765
374186502
123045687
812463705
253064187
203174685
104782653
804135276
268043715
813024765
813740625
203187564
124580367
205138746
713058264
283015746
346152807
237468105
302746185
123074685
103825746
102853746
716082543
123780654
346012785
258036417
182670354
405126783
281743605
713024685
142835706
103824765
145823706
142035876
682140735
203184765
453086172
105842763
123476508
283475106
123740685
123078654
703184625
812053746
613245807
284310765
812730564
814025376
834210765
203184765
203174856
104835726
836251704
234015867
802173654
142730685
162073584
814672305
204137685
601782453
271430685
145736208
203174685
107623845
317840625
134082765
802173654
123064875
123850746
283716504
142073685
103875642
713625408
143865702
132870654
104835726
217630548
235180746
138052764
803215746
153078642
134275806
235170864
103682754
384012765
814360752
163845207
142835706
803621475
126043875
163874205
103754862
623054187
134782605
162830754
703618524
345210786
142830765
108425736
413250876
208145736
142785306
356280174
203184765
741230685
142085736
518032476
234016875
821743506
346015872
153084726
134072685
103874625
452017836
142830765
681043752
123740685
813250746
123075486
812075346
142780653
813025467
134072685
234085176
123674805
106534827
123780546
813245706
384275106
123845706
462013875
182760453
812750346
813076524
108423765
103824765
103624875
102843657
384150726
135627804
142073685
283745601
203687154
253170684
813240765
236158704
185740623
283015746
104836752
682130754
852036147
247013685
283045176
601382754
823461705
132870654
128630754
103724685
123860754
802173654
804231765
123478605
734180625
142830765
812743605
123674805
182740635
813260754
812760543
123856704
613274805
123845706
482730615
132057864
145230876
105732486
471632805
602413875
283156704
608342175
104738265
104328765
234815607
215836704
134782605
134850726
103726458
143850276
831042765
102743685
812350764
462013875
248730615
481520736
803256174
134860752
781042653
134850726
672134508
306152874
802613754
162783504
813672504
134760582
823460751
123645807
156832407
134850726
823541706
813045276
726043185
682713504
106423875
234678105
805731642
803712546
152843706
812430765
841056273
841063275
186720543
123074685
136082754
813724605
821730654
281043765
132480765
814725603
834250167
123056874
235140876
682413705
123740685
123045768
104326875
418520763
836210754
804327165
801243765
123085746
813056742
658230741
485713206
281063754
123084765
123084765
245036178
123864705
803216754
684750231
