148602375
028543671
736502184
841203765
035641287
712465830
263804715
140853276
120863754
653708124
120743685
650183274
618402537
564382170
834615270
240537186
420173685
158702436
234108765
256104738
768214530
621803754
760851243
023614785
420758361
120364587
423718650
824106537
028734651
130876524
230476851
813726540
275304168
860537241
124703658
123645870
724301658
042368175
364827150
176345820
820657143
620784315
130268754
613207548
130645728
214308675
036218754
730824615
152473086
014682735
234765180
348715620
813705642
840612375
280713465
120487365
384125760
013425876
132704865
463802751
134672850
352846710
043215876
472108653
234107685
620831754
710342865
143702658
612807543
042173685
410635287
134672850
257603418
120536478
123645870
260173485
052183746
862157034
820763154
120735846
270143685
813576024
683724015
750463821
516823470
153406872
620185743
123875064
123456870
613802475
721804536
713865042
013865724
023184765
130624875
214765830
340265187
043281765
264108753
730514862
823461750
536207841
324187056
473801265
834701625
435217068
810354726
210853764
624705813
134275086
713628054
815706234
546108237
324807156
236107584
720518463
810462753
130824765
123706458
284716350
358104726
063245187
073168254
053276184
816205734
087153624
123704685
743165820
128754063
236508174
084365712
134257680
236815074
134862075
527103846
325468170
710642853
012873645
123645087
254608371
280346715
420183765
831602754
130426857
283145076
285743016
781634520
082163574
048251763
083164725
614308725
248705631
157603824
582103674
046531872
481265730
432506187
823465017
830176254
813726054
016872534
142576830
857302146
358274016
714325068
023184765
062731584
648235071
163502847
140652378
412857063
834157062
064375128
032781645
514602738
430876251
180653742
043126875
423508716
863712054
123745068
234801756
034856271
270183465
024138765
061372584
163854720
240718653
124758360
013742658
081734526
482135076
180632574
745613082
423568170
241806573
458103762
483105762
123784065
283657140
578462013
012864735
042178653
623804175
087612435
120854376
350218746
873624015
580321746
023167854
014823756
723584061
462173085
638407125
243175860
671583024
540827631
712645380
165427083
875201364
245137860
523186740
146325870
130427865
134862075
365104872
610873524
782301654
813764052
263704185
123674085
280435671
125804736
863751240
683251740
034276185
123654078
584713062
041836725
453702186
126843750
830641572
536201874
518742036
730614825
815364072
548203176
034157826
714506832
123806754
012683745
628743510
670134528
123704685
014835672
234105786
618372540
234108765
273806541
810324765
230781654
673801254
384167520
812435760
534207168
012743685
365104872
086142537
027143685
783405216
132605874
234701658
175624830
153846072
586103247
120753486
840137652
127685043
153647820
574102386
035821746
812673045
436785210
583102764
736802514
512608734
812706543
841205736
713408625
738501642
642701538
632701845
812703564
324671085
156802374
325781460
023851467
830725614
345107286
130824765
013725648
063184752
842301765
712643085
864372150
728453016
068142735
150783426
870324615
384106752
083215746
835601247
836214750
412803675
012568734
081352764
142803765
524103867
152804763
872645310
024156837
280531746
723604185
132845670
136702584
435687210
132485076
536174820
480152736
380147265
082415736
083164725
784635012
386102754
578203416
715468230
723104865
718604523
125304876
123804765
710254836
234865710
135804627
130824765
470538621
841732056
810472563
268317045
034175286
832104765
610853274
147805632
150732648
723541068
724135680
280753416
375208164
078532614
234106758
823516740
682103754
248135760
563824071
824765013
810452673
317608254
028531674
134728560
235407168
723845061
872405631
136805742
214803765
423768510
350142876
064273815
451307826
023157468
012863754
124873065
734185062
120843765
245306178
134825760
437105286
130745268
023847615
480352176
241608753
863451072
420168735
263457180
613274850
023187456
231708654
812405736
813205746
014732685
135872640
048675213
250783614
435167280
024653178
016843752
421753860
364125870
160234587
630845721
586421073
072163854
482165370
235407681
021478653
210435876
731624580
810253746
364708152
028143765
052183746
682104735
013564872
814732065
812743650
024783165
412573860
612407853
280736415
028534176
846305172
162853074
328704615
830712654
423608751
612538047
027148653
214705386
538706214
034821765
830254716
130846725
186742530
078431625
280365471
570846132
247105638
347602185
483172650
512603874
013526874
841305276
824613057
431526870
023854176
386105742
340175862
230184765
314276850
236158740
081543726
246835710
612783045
652103487
162845730
512647830
248605137
421603875
253608174
215403687
084521763
435208716
325406817
326107854
874132560
218753064
361702584
824716530
813762450
234106758
534102876
760148532
284705136
723601584
035248176
142365078
123785460
135706428
385102746
630728451
120853746
786302415
120763584
081765342
764518230
623807154
812576430
056824317
410273865
012853674
813562074
813205746
073124658
013274865
056327148
318462075
754801362
324705186
168304572
071852643
813702654
581304762
123806754
385102674
734608215
013852764
634701285
154283760
871602345
238675014
120573846
648132075
273514068
780123546
023781654
042817653
317208564
683512074
073861524
784651032
514203687
814205763
135278046
134875620
078512436
140238675
163824570
025134768
813506274
026534187
283715460
053124876
536802417
387425016
280164735
013854726
348702165
081635427
762108453
034281675
823614075
135702486
018673524
025643187
423605871
610538274
384126570
671408352
820573164
013724685
412873065
273516084
813206754
847106325
385401726
024157863
831504276
243805716
741502368
842736051
810653472
140635278
310452687
241308765
613802475
830617254
547328610
283156074
417386250
742805316
042167538
814706325
264871053
780312654
637804251
450371268
234705816
758603412
342107685
658203741
134602875
358704621
315708642
073214685
280163754
480361275
123645870
784213065
813476052
015648372
061783254
034651827
127803654
028643175
613205784
340216758
836702541
730184256
851724063
013724685
032475861
241807365
025134768
063758412
620543187
381724650
752803164
513876420
613274085
182753064
835201746
062145873
180234576
083475612
120865374
273468051
751802643
258703416
641823750
435708261
864201753
740632185
487605312
530184672
418203765
628403175
134605827
017632854
463218075
082613475
240738615
125803764
367208415
012836745
035172648
217803564
175803624
123758640
275103846
723418560
013754286
820741635
856371042
410872653
384502716
840635217
235146087
834215076
237185064
758302164
150842763
256348170
821734650
546713082
086251743
230567184
136702584
174623850
042185367
381704625
273804651
136802754
073214856
053412687
041872653
862405137
612403875
816305742
615423087
318207654
123784065
834215076
324816057
123645087
714362058
240736518
013825746
028761543
235817064
572413860
146507382
823701456
768142530
184307265
062413875
841502763
085621437
732685014
170823654
168204537
025783146
061583724
830461275
123806754
712683054
836574012
728506143
823104756
648103275
462173085
613842057
480316725
283716540
567402831
425138760
871432065
413805267
681243750
160248753
152807643
075283164
413805726
081453276
254678310
123805746
280713465
630182574
821705643
023176584
628703154
045182763
317265048
138405276
140832765
834721065
741208653
720563184
025718463
274138650
026754183
015842763
023165478
614782035
263107854
824765013
723415680
123856740
412783056
613258470
830214765
152403768
810623574
456127830
362407185
274103658
073216584
712503486
142806753
183542076
326408517
310542867
673412085
025436187
273104685
516843720
210846735
783164052
184235760
243106857
168507342
273104685
012643875
715408632
831702645
463725810
123784650
480731652
154302876
850743612
830576241
140865273
873164250
017425863
513472860
723608541
682705413
384156720
234685170
561203487
172503684
182436075
142785360
162853074
214305876
746503182
520714863
371284065
180632574
324178650
081432765
123486075
123406857
682103754
382715064
856241730
236175840
123506874
120743685
123705648
631804275
845723016
875103642
851706432
281603754
218573460
813274056
120645837
145302678
015743286
136804725
083724651
346805271
812674530
061872543
270613854
610843725
375804216
724635081
153207486
863205714
713208654
780634251
150782634
281406753
273105648
764185230
235184067
253867014
164708532
152738640
813705264
136802754
034125768
023817654
132864057
483256710
860734251
184305276
263174085
720143865
837264015
841752630
743602815
362157480
713205486
482163075
842315076
462837015
320856174
324186075
713204685
614507382
273105648
413705628
012453876
621357084
437165082
061853274
412567083
170836254
617523840
580263471
180724653
678301524
378204165
082473615
052173648
032781564
813527064
134527086
243105768
031872564
271463058
123845760
152406783
124365870
035486127
841723065
123605478
234105867
042683175
142703685
324657810
248705631
024185637
052783641
723458610
123605847
762134085
280143765
678301524
013762548
680143275
052781463
623874150
634102785
254107863
012483675
817603524
173254680
283571460
154672038
123806547
350742186
841203765
360127854
283605471
874203651
130625847
013745682
856204731
057316482
467321085
813504726
260813754
825107643
263405871
543627180
028163754
085741623
723184056
283657140
083276514
247358160
812405736
257408613
135472860
032168475
234108765
283145760
027346185
653204178
146507823
823714560
372406815
016782435
130278564
513206874
384275016
164702835
234176850
023164875
062143578
162485037
453206718
813705642
264813057
263157840
854273016
612843750
023174685
612405837
123607548
283715046
012846753
173206854
074312685
041738625
230164875
243106857
247538061
235146087
674302185
237148065
138602574
780231654
173604852
365407281
273506148
013624875
230876154
816705432
132804756
734281650
214807635
356718024
271834650
048213765
143802756
142786530
713204685
384105726
720315468
781362054
861723540
123485670
084235167
014875623
710386542
134568072
082745613
038172546
