380214675
082463175
273186054
142635870
023751486
834615270
341506872
156347280
023756418
842501736
847235610
813506742
172685034
713456082
284356071
021437865
472613085
384125760
230185746
083714625
023164875
683105247
123784065
283704615
813604527
035748216
728456031
723615840
086127453
065347281
620518743
712503648
524308716
234806715
031284765
014365872
245703816
831574026
028143576
134862750
253841760
647532081
135402876
453208176
256183074
654102738
468123075
026158374
684572013
051742863
641502873
280746513
134725680
134725680
720843615
458213076
135467082
074162385
712605483
421805736
142803765
412738065
283716540
720453618
810243765
136204587
032145678
530284761
586471320
820715463
012547683
014637852
823701645
841562730
134706258
741258063
810763524
812573640
718432650
813764520
345206187
063215847
213864057
025164837
013864275
825103746
710853624
283604175
324806751
837415026
237104865
810762543
015236874
018374526
742106853
013426857
824701365
243861075
357108642
014823675
280476153
836251074
068132754
234807165
610853427
260543178
284315076
614302875
458132076
120543867
813506274
162534087
082143756
123456087
013865724
583106274
023186754
820516734
120843765
230684175
241307685
120763584
263814750
064157832
150837642
821673054
814302765
573612840
381546720
814736052
810743625
042183765
123568074
374201658
180735642
865231740
482713065
823405671
862314075
340186275
842603715
173824650
263174850
064381752
240351678
081462753
146802735
130462758
123785046
750218643
264305178
384167052
124306758
872563014
124708635
245738160
356102874
123745068
781405632
840516723
831504627
482135760
160732584
023186754
120843765
120473865
234108765
783104256
016732584
720643185
613207548
028163547
650238174
254178630
356728410
230184765
472603815
823715640
714682530
738506241
213854076
253817046
235168470
243508176
872104563
613504827
570621438
386504127
152638470
364257018
041835276
120453876
713205486
560438172
812735640
862705431
732564810
813206475
653821074
751432680
246705381
462805317
652134087
563214078
135426087
136574028
610352874
153624870
283716054
071843265
731624058
214803765
120673485
621708543
563701482
381604752
340715268
123675480
835207164
124675830
378106245
142758630
170432865
713204685
350842167
756341082
870543621
651342780
810623574
032174865
142703685
234805761
768304521
814702635
814725630
780324165
635847210
280576134
076213854
082314756
134802765
270463185
073214685
253604187
123804765
172683450
240638175
135804276
042315867
730152648
412765038
134806752
813756420
812605437
283714650
462871350
812403765
146702853
034265187
830245176
136452870
812735640
843752016
620513847
072586413
384106752
532608417
014387652
846107352
380472615
264183075
034127586
283106754
234856170
123704685
831705246
062184735
052684731
482156730
314285760
410382765
283175640
420783615
235107864
712643085
245381670
741305682
162753048
032865471
826104573
610243758
450873126
423176085
263507184
426173580
678531024
085312674
720683415
015834276
142673085
312478650
213876540
283405617
142856730
013864275
314267058
812603754
235641780
513204786
034182765
235146087
418362570
512783640
850273461
128705463
430721865
351807426
140268573
563847210
813725046
057362148
872401653
356124870
063485127
326105847
240167835
365142870
843275160
068412753
234105786
728643150
578341062
180743652
268471350
742163850
386105742
472583160
170852463
034621875
315208746
263104875
135408726
634815720
830654217
254167830
430582176
813256074
036218754
620713854
820714365
270163584
358627041
780231465
715328064
813702654
360452817
271643850
283106754
257603841
345816270
312406857
327601854
815326740
352104876
152803746
174603582
723485160
142805736
073268514
821405376
235704618
046318752
510327846
152743068
842376150
843275016
281735064
158263740
814702563
016534278
734621085
345108672
014328765
572106384
182346057
617382450
081253746
210453867
018423765
074682315
812346750
513204867
134602875
718204653
165732480
016753842
130257486
475801236
813706524
051842736
843726015
583124076
536702148
075214386
036854721
210358674
150372846
013527846
814302765
281603754
423805176
534172086
056134728
813264075
713258064
680531247
081643275
654102873
841263750
136824750
350846217
734601825
810753642
620134875
123487560
647352180
415607238
861305472
631872540
781634052
324685710
142307865
264108753
018752643
381645027
426508173
374602815
823401765
183752460
023187564
235716084
745108623
652147083
172543086
027463851
123705486
540163872
014832765
123675048
174802563
218703546
146573082
134502867
684201573
234856017
138245760
134708652
123784650
724103856
735102684
813475026
815402637
861523470
536214870
130876524
416203875
783102654
135706842
360254187
657801423
034285617
340185726
634185027
285137640
823715640
123708654
123708465
813264075
342157086
483105762
034187625
723815046
813726054
386127054
023185746
218304765
350217648
475603218
048731265
465102873
851203746
256137840
853206741
234105786
430267185
142803765
142506873
023586741
124785630
263807514
326854017
267154830
452806713
736405182
283401675
234105786
423708156
354182076
153648027
643158027
142356870
258407163
740328615
270853614
273104685
714628035
821764530
726503148
126507483
014536872
312704685
023146785
364802715
810534627
168352740
851364270
260743185
426315087
263174085
812705634
450632187
065234187
857306412
013864527
726301854
781362054
521687043
613704285
350718426
482705631
012675843
013468725
643102875
134802765
872605341
120453876
710432685
482103765
513804762
230468751
532164870
814752036
546327081
142856730
263107854
140235876
046125873
283156074
813725046
136708254
034216758
253601478
435708126
830517624
813654072
031846752
138752064
142673850
162704385
234718065
634127085
152687430
816702534
154326870
082136754
463175082
240786315
812463750
028613574
840276153
841753260
013687245
146273058
315204687
134602875
142835076
840712635
820753614
072413685
253614078
236158740
268413750
817203654
820631574
253604187
370514682
023846751
720586134
281503467
831624075
360185274
813706452
430627158
762581043
478103265
862173540
173804625
012684753
871562034
346108752
723584061
083624715
123804765
274803615
243608157
236458017
643105827
271608543
258403176
136802475
284715063
136705482
182304765
840521763
413265078
412503687
081743562
034175862
253806714
135806247
178634520
730218546
132708564
013762854
720163854
386274150
312746850
136802754
384105726
047185632
123647058
714652038
023187564
845203716
180624735
281756034
120843765
781503264
783204165
478625310
481705362
523806174
531802764
827301654
218403675
036185427
024138657
073516482
130726458
813702654
843275016
120375486
425187036
062435187
026154873
360214785
563184072
012783654
725643081
071842563
136572084
184375026
145702683
384156072
183764250
120743685
874523160
134806275
472803165
614807325
013257486
123407865
042183765
237485160
174603825
683107254
173845062
614357820
610732854
082415367
713465028
451802763
123574068
216578043
164235087
345186072
613704285
851203746
218345760
063284715
645108273
532781046
614803752
812403765
561873420
813264075
370648152
152864073
014326875
014235687
178205643
158326740
810752634
820317654
587306214
036417852
813405627
284701635
576108243
123784065
813724065
574832016
364201785
610853274
460325178
826401753
742138065
430215687
250418736
718546032
084652173
123845760
357241068
215806347
823104675
720638514
184705632
682714035
234708615
028517634
482635017
120745638
134708265
146803752
126375840
817305246
284731650
813247650
064123875
158742630
456308172
083216754
012853746
813245760
516302874
163275084
234716058
760283145
012874536
813245760
042187635
413705862
076231458
845206731
134267850
873621054
812705634
124503687
124673058
862703541
235108674
140782653
175602834
035216847
142703685
458273610
160843752
728504613
834705612
834675012
842605317
375241860
613824750
267583410
281703456
620154837
620345178
123856074
065127483
164802537
034278615
146702853
234608175
034168725
350164872
068245731
163804752
587103642
046273185
016345827
235601874
257103648
130876524
134208675
120483567
620813745
634701285
823705614
136824075
084752136
830621475
018752364
283705416
134827650
543826170
413205876
270183465
850643217
812743065
561204837
162837540
482706513
741203685
710243856
134806752
370854126
874302615
125873046
741803652
283714065
065213748
410372685
125806743
823704516
612843075
823106745
620145738
834607251
482105736
345208176
725801436
172354860
480132765
280743615
378201645
123845760
485317620
230184765
180623754
136824075
516802734
374206185
631472850
352146870
013724685
012643875
650283714
314728650
142506873
045213867
683127045
056312874
028453176
638254710
850431276
034176582
713456082
071843265
231864075
813407265
375108462
823601754
813506427
012473865
360274158
852734610
360172845
380175642
120735684
130845762
728103465
538102746
813724065
053274168
738415620
248135760
150782463
530618742
013865724
032845176
362804175
623405817
123807564
235861074
631872054
780642513
381504726
783154026
275486310
283716054
140325867
783201645
012743685
283104765
156804732
635481027
830765412
283706451
152367048
876205431
083621475
374182065
235107864
142385670
310745628
213785640
234705816
856203147
154206387
248703561
268714035
162834750
283405761
250687143
016234875
410375628
541803276
026471853
834725016
873214650
014632875
852703146
310245876
461738250
821704635
063814257
134672850
621803754
123786540
123568740
230186754
037146285
130765842
135602847
480573621
285103647
235178640
845731026
613824075
024735816
043867521
274138650
273165840
145608372
163275840
123465780
052416738
132846075
713856024
018573264
834276150
130852647
850324671
128435076
184723065
012843765
158602473
256704318
340285176
451302867
185403627
235817640
235187460
170682534
281467053
123856074
823105476
023184765
013852764
480132765
134725680
237145860
127804635
137865420
146832750
023856714
126435870
751426380
712408653
561207438
362154870
350847126
328604175
432571680
720813465
350278164
728506431
384156720
162853074
123674085
