812735064
612804753
132806745
510642837
023645178
628143075
683502471
645238170
713854620
260871543
136528740
023578164
127458063
034218765
120463857
831502746
365241780
738214650
834721065
024736518
051476238
038246751
654107832
820613475
726401358
781643025
760843512
637502481
012856473
810623457
160834725
345172086
123504867
680234517
068342175
174602853
283104765
432106857
123408756
712403685
740365821
046327851
851432760
326784015
138502647
478301625
812743065
014238756
123804765
710456328
372604185
821703654
154738260
715643028
012654387
243107658
382406175
468305172
283105746
152406837
125843067
042173685
046132758
165408273
873205416
281634750
250183764
813657240
328145760
271483065
467281350
174583026
210873465
283674015
640825173
082731654
016842573
423861057
813465720
623147085
130582674
730824156
613425780
235704186
831256470
120643875
625104873
732408615
256718430
368712045
035486127
052613874
063872514
240138765
315846720
260781345
854361720
320845176
230874651
032681754
710583264
482706513
162804735
270156438
210864753
386204751
821753064
583207641
046237815
145802763
167302584
234506817
813206754
130724685
038624751
053416827
587301624
234786015
268704531
564273018
123405876
352801647
813706524
762581043
130248765
863201745
162805743
283716054
384102765
852347610
074513826
385206174
284307156
481623075
061453872
356281740
635401728
374615280
128703645
123805746
031472865
813254670
146702385
812703645
328674015
328164075
045386172
524876031
046317582
458723160
165408732
683415072
512783640
584127360
840615732
357102468
340275816
420713658
124506837
753201846
372164085
063185472
042135876
821706534
248576013
142806753
230154786
157608423
140563278
820731654
027314685
035627814
082163745
023561874
430185762
736458210
214867053
157806243
063781452
460732185
318402765
325617084
123685074
230174685
630285417
352186740
254368071
038125674
061357284
325106487
023185746
261504387
165738024
063481257
130762485
843125760
812305764
861402753
731658240
862703541
356207148
082153764
130528764
650821473
123756480
165204738
036124875
045128736
510234876
023145876
435172680
162805743
673504812
427105683
134708265
410672835
614582073
083714625
832701465
153607284
173802654
861503742
375216084
812456073
263571840
130426578
071354286
386705412
823741065
613274085
130672458
810643275
243586170
250384176
032851764
027683451
163842075
235708416
238704165
286573410
380152476
056321784
018724653
283164750
260874315
134806752
236147850
123856074
462783015
382506714
813205746
071238645
235406718
843201567
813205746
278603415
148302765
250478163
623781045
681705432
231705486
173824065
235678041
036172584
751243068
763142085
425183067
081263754
136702584
834206751
260381754
387401625
086241735
046231857
328715460
783405216
534162780
183675024
130785246
634271850
120573846
875246031
728536410
142605837
780614523
814362075
345106782
725348610
741803526
283704156
230856147
764283150
851642073
156428073
182643075
283751064
130762548
740385612
560328174
012753648
812504763
184752063
014378625
160824753
561428073
280134756
283641075
126804537
621853740
283657140
634102578
120438765
716804325
085347162
134508762
236105874
081723654
748601532
013582746
314725086
321605748
762413850
783204651
065231478
263804715
083124675
134708526
283406715
531286074
413256870
457308126
813764520
053167428
714385026
613805427
861203754
052438167
032418675
485136720
345861720
120753486
468203517
671452083
158703624
516742083
453802671
713645082
270641853
153208674
384726150
510846723
082473615
235706148
712503864
135864720
035876241
230841765
140832765
076328451
081762354
043825617
418356270
813472065
730148526
038274165
723604185
852407361
416783025
083264175
652801437
061852473
840712635
154832076
130624875
742608531
142856730
381764052
712563084
714502863
873602415
128703645
250164837
145627380
081732564
082467153
152703486
043516287
081263754
312864075
426853071
214705638
182503764
347105682
812563470
028735146
345106827
680145372
014823675
250147836
863425071
713805624
134802765
384501276
638701254
082471536
130582674
051784263
046273518
217683450
016758432
123764580
412876053
634572081
826714035
152843760
425307168
256437180
714325068
142703685
623108754
748263150
823705146
738504216
628501743
152403687
672348150
152638047
714325680
186234075
153806742
162853074
526708314
013872654
427368015
463285710
064821753
213645780
038624517
354206178
145706823
126304857
473268150
483521076
847602531
470568312
241365870
710386254
152836740
238146750
043672518
740536218
046215783
230865174
345102876
560283174
716402385
851403762
073651824
237805416
013652874
810763524
150346872
436702185
283674150
265701348
280364175
130425876
135742068
786531024
817364025
361874052
468235170
714382065
037846251
832654071
156403827
534106827
734152068
057683124
813207564
063184752
285634170
374182065
841235760
036278514
384706512
458261730
146732580
283715046
283456017
420137865
681435270
135702648
875604321
123706584
651728043
126307845
783501462
384106275
082746531
043276815
125604837
813256740
081653247
123564870
041872536
475108632
250163874
126835740
164502387
013864752
163408725
413876250
134825760
028314765
873642510
152843076
173648520
830712654
412708635
125867430
682107453
043715862
248507136
831567240
780612453
674308215
320768145
132407856
130527684
125703684
813604752
431706285
231507684
680132754
871432065
837102654
258401736
136784250
245831076
274813065
018264375
046318752
134702685
238106574
658204137
130826754
861245730
763841250
681704235
586713240
582713046
034162875
042763851
254163078
324165078
735284061
231405876
247638150
263784150
413758620
245306178
742358610
673218450
810432765
283604175
140376285
076234851
814205763
428673051
013724685
812603547
813752640
385716024
243817650
714305286
083274615
016258347
835706412
723406815
512704863
340285176
751832046
240638175
814325760
135782460
271305846
384761250
845302176
613274850
470861523
023864715
842715630
172406853
842105763
283407165
618723540
068412753
230418765
083762145
018623475
143867025
613705824
154806723
312705486
470681325
134502678
671403258
428356710
630214758
863204175
325104867
517304862
623405781
250643187
234165870
631284750
048715632
142863075
371204685
813267054
236175840
123805467
128403765
810452736
130856742
012863475
156302478
325817046
420175638
415372086
012845736
241806357
283716540
613824750
714605823
081624753
054182736
140237865
065381472
125346870
730685412
256104738
126834057
821645370
213705468
720543168
720143865
432568071
034715826
150426873
452371086
037841652
271435068
034712658
468705231
012643875
738412560
146352780
015834276
230178654
074152836
783604215
042163875
720513486
058214637
821704563
483105276
371805624
134785026
527308146
820615437
638712054
124856037
023178654
152843760
130648527
047135286
185673042
170653824
348207615
248103765
140827365
386107524
723604518
834607251
256834017
812405736
325786140
528304617
130627854
614357820
810253746
023156874
284107536
823605417
872105643
264108753
126704835
675201483
312847065
281503746
830715264
523801764
813204765
753102864
123804765
860413752
012745638
123456870
584213076
813204765
684207315
041285376
061384725
750816324
275806143
751403826
370124568
826513047
180325647
813204765
014732856
471823065
145623870
021746853
137405682
813745620
135702486
120873645
052174836
083216754
418205736
145687230
824307165
315207648
745138260
238617540
143872650
123705648
581702643
062184735
673852410
064315827
248306715
134807625
258104763
835127640
834562710
648301725
120384765
072153684
215487360
085163724
057623481
083216475
134608725
681472530
038672514
085324716
713208654
013467285
165783042
120583764
048213765
823417650
360182754
364817052
476103582
842135670
431602785
760538214
381702654
016532874
083165742
630784251
120645837
013728654
812603754
182604537
576102483
482305176
132875460
024581736
043261875
753402168
067283541
243708165
130564872
423805176
813467250
781623054
720183645
510632748
835641027
074165832
043215876
641872350
023856471
017436852
084712635
420167853
246153078
782143650
714603852
123674850
216807453
120853746
258304716
120863754
824103657
825136074
714563028
823405671
835104726
046275813
281745036
250164783
251846730
783506421
842751036
435218076
813605472
314856270
320164785
510348726
713205864
450312768
643257180
573486021
375401628
237145860
510723486
384205617
764812053
572183046
748205136
061852473
436812750
283164075
851376024
012843765
512768340
754382016
374185026
710642385
850274631
360547281
821603745
012745638
247605831
714203865
485732160
580163274
478301625
061853274
018623754
643102875
378102654
130274865
124768053
814732650
084637125
683104275
851736420
064153827
452768310
081752634
162845730
061732548
135204786
631782450
748123650
081427365
630287145
071425836
085234761
713804265
038465127
651243087
571203684
384106752
475602381
830216754
847612035
821705643
134806752
142803765
713624085
032754186
831406752
123504786
123805746
034251876
250146738
036284175
034815276
134782065
043128765
183275046
587632410
316704582
167803524
423801756
172503468
813704256
042365871
814273065
064721583
421583076
461572038
384601725
652708431
253104867
178562430
723801546
732158640
861423750
130725648
026158743
863725014
683715024
520846731
134768250
134862750
350726418
374856120
713508264
712568430
310854762
568241073
048271653
056213847
413675280
042183765
812463075
120758634
023865417
178234650
743506128
012748653
421506738
670531428
752684130
612304785
820763154
684502173
046213875
124865730
023178654
540738621
765812340
247183065
576132840
180436725
016824537
015824367
054817236
086523417
234705168
845701623
326574018
032187654
412806735
263107854
618702435
183602754
640832751
526701483
134205687
467502813
154206387
250438176
816403752
285374160
136487052
345708216
854302716
340185267
140852673
617324085
723416085
813204765
124357860
863172045
183706542
263805417
813604275
182653470
034861527
153876240
854721360
734852016
243106857
723105846
125708436
754802316
123745680
280651743
347806512
