823704165
823705614
812704653
620813574
517306482
814602375
160542837
782613450
650748312
340852617
416205837
143768520
720386145
843506172
384672015
074318265
723506184
136572840
630812754
734105682
610823754
483605217
137285046
520147863
340167285
037851246
152783460
315206847
083621475
234816075
263708154
324607851
283716054
043156827
830174265
234815067
740135682
045183726
341805726
870415632
841723065
081523764
483256710
143785620
340265718
374506812
140582763
130875426
342106875
142835760
263107548
053124687
154826730
673824051
182635074
846712530
820673514
215738064
234105867
375102486
234751680
012845736
652137480
136705248
236708514
246173085
283106475
684352170
273108654
524716380
350147862
612705843
236108754
823604157
152864730
841702653
758361042
064318257
126743058
613274850
340152867
062143785
154782360
283475160
813465072
042186753
314285760
342108765
120634857
253704168
083764521
830256741
234805176
235106847
783264150
814275036
510283476
846175230
714206853
813542670
140825376
724158063
230156487
283701654
268703514
128405736
364278150
064182375
240637815
687403251
352814760
820643715
013742658
410235867
120845736
473602851
037641258
612345780
823504761
150832746
234805761
374685120
124783056
082475631
014738652
365207418
481576032
260143875
230458167
162803754
530746218
146807325
624108735
152347086
014583726
048321765
176205483
721364580
125846730
123705486
472385061
750123864
538402176
253806147
270163584
438105726
084315726
238104756
764502318
324105876
518704623
840362175
162853074
635241870
130624875
830617254
834562710
028715643
230756184
385102746
431708562
257601483
812746053
812405736
013874625
384672150
132604578
178462350
537401862
520186734
780531642
124703658
345182670
063275148
130674852
063254178
283164075
240813576
250713648
034185726
082543176
813264750
413657820
812704536
013627854
142703685
012743685
125704638
678502314
173604285
125704638
710532648
350814726
368714520
714286035
251436780
015732486
280653147
364278150
734215680
084763251
420183657
120845367
263407158
813405276
482603175
120843765
418726053
537601482
046851237
150426873
740318652
028173456
142703685
718624053
230146785
843601725
182564370
812743065
427563180
862703415
147305628
754132086
730241865
051876243
823614075
620438175
123784650
230854617
027153648
230164758
025486173
146832075
813405276
642108753
620817543
583602741
234718650
834725016
340128756
413276058
615803247
135702648
840723615
480125763
234185760
812763540
570631824
234518760
861234750
647123850
810673254
124708635
134805726
321478560
345807261
134825076
813725046
734285016
867403215
150824736
024756138
516402783
425186730
123456870
154283076
413275860
234675081
270681543
376528140
831402765
436172850
270683145
830512764
581403267
083712654
083415276
215783046
037658124
342685170
372564018
840731625
078652143
138427560
123407865
425786031
231674850
348201765
230186754
083612574
712683540
481572630
634705218
751203648
137462850
540128763
164782053
134862750
358704621
836571240
821703465
640328175
810754236
723604185
614203785
243175086
840521376
420385176
374208561
256408173
012873456
163805724
142785036
627134085
362758410
071856234
247183065
486105372
537628041
358274160
124305867
240861573
374821065
130546827
536201874
235147680
814306752
837102654
861304275
572306814
714382650
520731648
067254183
218405763
123605847
438102765
428153076
123405876
360758214
028574631
241853076
728406513
125374860
762304185
840715623
142703685
142305876
234108765
270645318
086354271
014825763
146308725
583216740
610825743
230176584
216307548
354801672
758304126
526103874
027143685
385107642
243105876
360412758
013672584
845702316
012835764
865701432
013784652
513284760
720438615
425163780
780612345
482105736
710682543
720618543
480231567
715482063
845103762
028457631
045173286
516307842
132678045
280145736
013428756
234706185
153602487
674308215
720315684
216304587
032415687
840135276
034587126
721603854
374206185
164823075
812543760
740512863
681302754
083715426
123504867
154708623
170853264
480561372
230174685
572413086
140782653
631472850
354102786
783614250
475103286
013725648
416308752
380125746
018732465
263705148
860341752
163728054
013458627
840135276
438162075
234508167
813264075
270138564
820614735
083214765
042173685
134705628
034815762
671528034
248516370
086472531
023465187
054376218
160573824
630215847
264153870
130475286
810743562
234718065
246308751
435781026
814327065
023567184
182673054
834706152
243107865
530786241
081762543
063874215
283145760
140873265
248153067
534871260
681472053
735281046
517462830
681275430
864127350
153846720
618723054
258406713
723604851
184723650
426305817
173804256
380164752
423576180
174802563
710482536
657243018
143608527
360247851
723405618
178503264
034781652
810563427
325806714
713625048
813657240
072148635
134672850
546812073
014372865
283156074
236578140
130762854
126457830
041853726
682413075
067832154
810432765
083216754
238574160
248706513
813206754
132806574
085743126
083714625
364102758
243156087
843702615
152803746
135802467
250183476
054237168
831402765
084125673
423108657
170632854
012465873
214375860
016524873
173284056
687314250
153806274
251346087
410273865
023485617
176803254
430125678
713825064
710236854
140786523
140862375
034162758
614837052
720684351
810527346
425873061
032784651
617305842
831742065
613874052
230164875
283105746
083126745
340251768
243105768
062153748
784306521
425387610
365402187
360185274
154206873
230851746
056182374
245108376
471583620
823571640
132674580
152807643
376104852
120843765
623145078
250347186
714862035
125834760
732801564
248701653
142856073
014537268
847623015
253104867
723816054
267851043
512783640
613748520
340152786
172634085
086521473
130627854
612405783
456321087
738601452
810243765
820754631
614702538
480673125
254386017
123706845
234806715
258713460
065213874
428673051
078253146
714823065
380241765
051834672
716802354
520738146
123845076
281435760
813725460
783164052
421835076
031865742
086751423
162543078
423106875
615243780
130865724
234175680
425106837
750184632
813752640
823507164
076183542
816254730
315207648
861704532
182354670
568721430
014862375
273104685
386714250
351706842
521403768
140763852
612403875
673124085
013875642
243807615
675231840
014267853
142803765
267804513
253106874
136824750
752316480
784235061
528103764
048671352
031652784
631542087
163805247
164385270
815702436
150632784
320754186
513726480
014325786
062183754
364108572
243105768
375284160
173205684
142673085
258104763
683275140
736104258
613704285
472108653
861723054
781345260
612408573
758632410
156784032
235406187
841673025
160845723
614207835
274386510
328704615
714836025
830164725
064271538
130724685
135804762
712805436
216834075
130862745
873204156
013826754
873125064
134862750
385607241
641732085
728501463
013876524
023167854
423107685
318704265
516328074
243605817
253176084
147602583
384102765
136572084
361248750
034865721
345207168
750243186
823401765
146325870
056243718
124678035
146705328
076541328
523784016
130846257
048172635
347102658
861572043
173258046
743201865
172803645
143805276
562174083
821753640
182304765
581702436
273658041
028153746
018435762
712403685
145873620
613205478
814672035
245106873
023654187
713654280
184203765
283145076
425108673
042186753
013825746
125836047
548123076
840721653
042183765
620473185
547102836
143607825
081745632
678143520
063728514
214783650
183706542
863152740
031582764
741203685
416782053
258136740
120863754
125463870
238107654
167208453
062187534
140732685
024385716
864501273
214705386
283715046
142785360
048371625
034615287
513207846
813206754
062417538
235148760
830721645
384716052
872403615
025748613
081254376
325176840
831205476
681203457
386704215
328761045
830614275
810324765
461783520
240138765
582706431
024637815
085621374
163425087
182703546
028164573
478203615
730264581
371526084
360857241
053146872
073182546
781543620
872405631
625108743
841203765
718602534
761234580
237865140
861572430
134758620
413257680
140257836
152863047
783105642
861432057
240358176
126804375
283706514
418703625
013824765
743618052
023175486
723651048
013684725
516832740
623475180
046837125
247568013
531872460
053214867
135876420
240135786
342801756
810462753
781542360
421703685
230841765
267508134
280563174
014625387
234168750
851603724
152806734
437601285
168542730
134785260
342576180
142803765
240381765
631842750
034186752
012643875
425378160
840135276
624137580
058243617
015842763
025186437
824576013
152467083
158273046
834256710
813245076
814305726
246751038
142507836
052871364
062178543
283104765
278506413
134607285
123607854
287105643
170263485
731426850
647503281
641203875
142863075
438216750
012673854
610823475
175403826
385421760
412308765
130852764
081534762
378604215
623805147
860741532
623401875
460173582
284306751
340278615
812673045
480253716
236814057
835412076
263105784
130845276
056421873
712604853
123467850
518604732
810762435
812607345
356104827
510263874
283104765
812753460
084273651
348751026
034271865
123706458
712483650
213605487
130824765
183725064
174802635
260187543
356104827
023176584
135782046
156802743
672301854
742615830
240136758
362104857
083576241
023786514
123805746
270154683
861203754
540186237
834725016
038145762
425108736
123856740
123675480
072485613
052374186
813405276
483205716
830241756
824175630
417258063
346802751
120453876
841702653
163874025
013847526
120673854
245136078
123806754
012846753
152407863
032147685
813762450
013854726
023186754
745318620
023781654
082341576
823461750
130674852
126504873
413786052
810673542
134862075
081253746
846102753
123745680
382504176
461328750
085761243
812403576
683201475
648103275
214738560
081634572
013542687
450138276
430257681
710358426
238107654
863245170
154826730
672108543
268713054
135802746
582713046
078421365
023174685
213508746
042167538
683504217
145603827
364758120
413785026
813206754
163804752
041382765
081263475
360751482
462173850
820415736
412678350
310854627
651208743
270153648
813762450
843705621
024186735
235718046
013864752
184673025
