123650784
304172685
873064251
283710465
741360528
268430571
106532874
107543268
234087651
734021856
501462873
106423875
257031846
507632184
425160378
784065213
183065427
723061584
452870316
823150647
123576804
138472605
263047815
635480271
102783546
604213785
603721854
162570843
134657802
712580463
641835702
168032754
423168705
621850437
783264105
374120685
713652804
405276318
745320168
718324605
463285701
281043765
476021835
607231485
143852706
813245706
362750418
103864275
481530276
643512807
701864235
413056872
348157602
412037685
681052437
812043576
768214503
236018754
136820754
516320874
612430875
234650187
134625807
614250873
637154802
102635874
503687214
147862305
712063584
715360842
846532701
142083765
123467805
814056372
728315604
162573804
234750816
302681547
872310564
124376805
874612503
401853267
601873245
142075638
723051864
203815764
125870463
603185247
562813407
705648132
145273806
263150478
378165204
143867205
173682504
807614532
162845703
234057186
102753486
123856704
365184207
324150876
264718503
438276501
672310854
548160732
826074153
813076524
802315476
814670523
164375802
186423705
405321786
283174506
364780521
402865731
701438652
628130745
301764852
123870456
308124765
204653178
863072145
123085746
781064532
315026847
408612573
836274501
203714586
723810465
207438165
203184765
417852306
852640137
436820571
102783654
854723601
635870241
248150367
278510643
154632807
683425107
832465701
481672305
283140765
204713685
728015436
103657284
238067514
284073516
841750632
801263754
235867401
283714605
803152674
352146807
456130872
438720615
374125608
613240758
487263105
374126805
812730645
134652708
142860753
123084765
132068754
682153704
364157802
347156802
427031685
123845706
108724536
614752803
806721354
802614573
604325187
851346702
207415368
782035641
261743508
703415268
732645801
623751804
862410735
134625807
134085726
208315746
821054673
103864275
236054187
184320756
318052674
642083175
206435178
283470165
628053714
273150486
304216875
614758302
318520746
273146805
268013754
701642385
214863705
132756804
874023165
802513467
813456207
872130654
748120536
708315642
407123658
102853674
612387504
834510726
843270651
173546802
613028745
146283705
217038465
163085724
246150783
134725608
583761204
613450872
804752613
104836752
274138605
362187504
783614205
231048675
368154702
154063872
502183746
708621435
102673548
874620513
284130567
261730854
462175308
405162873
168052374
147820536
128053746
413085726
418630275
273410586
407361582
108254736
123046857
623170458
825610743
108475326
384712605
152046378
612073548
758630241
374651802
813250746
204136758
813726504
123674805
135480726
512037648
123087564
647810253
208143765
235180467
207184563
173420856
384052167
803127654
537018246
678120534
104832765
724610385
265084173
203467158
204136875
308174625
175830462
341678502
481362705
734280165
306472851
201364785
712680543
645017382
183742605
614035827
163570248
123860754
712038645
142056873
147320685
134085726
467120358
854731602
846012537
163042758
625317408
253168704
205136847
523670184
604815237
206345187
723018645
703821654
206431875
103265748
163854702
758160243
835460217
605831742
748015632
728560143
213850476
206834751
402185736
163045278
102583764
683174205
276051348
703184625
236154807
158620734
301867452
208137546
167045328
637814502
801436752
162748503
104326875
182075643
837260541
813075642
234875106
542860173
273150486
706384125
803417265
714620583
263478105
273458106
401368725
527036184
103826754
305268714
134670528
405378216
234765108
684127503
162053874
704218635
485073216
154730682
106735248
123845706
823650741
815423706
235180746
164027853
164782503
473280165
126843705
814650273
623014785
712860453
103726584
703485216
478230615
831274605
536271804
215036874
863015274
835216704
501763428
781042653
408132765
714085632
841750632
134820765
283067154
835064271
825043176
614238507
402813756
218730654
268013754
173540682
135046278
142083765
413785206
437016582
408263175
304175862
135827406
652783104
813564207
304862715
305284167
451236807
314627805
213085647
704235186
421830765
263157804
683021754
243785106
872451603
401735682
814032765
142083765
218643705
652417308
247180653
283075641
503724186
142830765
812765403
236071548
142735608
835721406
403256187
152463708
102673854
203186754
602358417
287056431
263584701
801456237
384526701
512680734
718542603
832074615
812375406
128043765
103254876
745680321
812364507
327540186
583160427
514823706
341760825
814032765
708413265
865410723
803175246
134086752
823510746
613780254
201384756
613758204
601783425
583012764
752480631
125067843
384712605
102473865
105836724
206574381
248015367
801624375
234015786
183074265
153760824
831072645
602583174
782431605
503716842
805231746
351780246
814032765
108756234
603285417
203714865
861742503
761324805
143826705
103756824
183652704
873450261
203154786
318620547
786320541
702153846
154632807
418256703
281530674
601523487
863245107
854170623
314065287
685213704
234865701
831062547
123480675
457032168
134082765
413065278
863210457
304285617
345810276
803415762
762150843
143065287
105824736
562083174
103864275
305421876
812450367
234160758
103627854
862175403
682140735
761238405
148062753
607423815
415027836
502146378
348215706
734285106
352140768
473012865
164825307
103624875
245016738
735840261
354871602
503168724
804761523
283170456
307426851
812064357
814762503
206418753
283014765
834150627
103584762
823410765
201345867
142780653
403825617
204173865
147825306
405128673
832140657
136847205
721530468
841052763
812340567
634027185
456082317
325180764
831742605
284065317
283071465
708152463
734162805
278013456
104672853
128675304
142860537
205784631
406182735
581062734
382610754
106485732
205136478
278463105
207658314
481762503
623170845
245183706
248156703
348015762
813067542
124376805
123086754
723641805
182753604
651084723
812573604
405283761
671042853
805714263
102735468
781045632
302845176
823510674
358024176
405678123
814032765
806214753
702413685
264018753
123045768
104325786
683245701
265013874
803615724
273158604
321057864
781623504
238154706
701563482
304627851
421086753
823150764
701432685
125670843
207183465
153026784
873054621
752840613
758062431
207613854
687043125
804231765
315240768
705681432
425018736
123860754
372640185
123785406
834076521
386140725
157386204
238170654
713264508
526134807
841627305
135072486
618074325
328076514
135462708
605718243
803762145
214076583
256780341
503628714
852743106
407125836
162785403
528063174
453820167
702461385
702853164
803674125
265470183
146853702
308164752
437850126
803674251
328710465
352814706
234018765
836051274
123745608
821056374
362084175
502738614
145780263
347160852
208713654
307641258
215073486
508621734
271086534
201853476
208164735
248051763
803614275
104237586
807163542
631720854
482130765
134860752
136740285
807321654
102863754
107853642
761542803
234185706
162380745
305416728
104738652
123864705
643187205
245078136
326058471
102345876
482135706
134576802
803214765
713245608
628513704
238160574
538172604
516074832
123640875
702615834
452130867
102753864
403125786
125683407
134875602
845310726
123840765
437025681
541830276
437250816
102743685
508376124
608154327
357218604
308124765
436072185
134057826
456018327
201573864
125067843
456781203
834061275
108564732
234150867
738014265
126758403
803714625
178023546
863710542
286013745
804231765
135820746
713864205
206743185
802413765
834250167
123750648
603814572
203417568
308261754
104865732
576280134
164057328
861053274
205437168
508471236
108542673
364127508
736124805
825641703
628431705
816342507
712043685
167530284
234678105
104635827
254710683
208453176
582734106
264170835
512346807
471820653
621750483
368510274
715042683
607231854
314062785
736210458
823061754
508742613
623180754
274031685
142035876
813240765
813024657
123674805
871240365
426738105
138064752
816745203
283740615
813620574
712084635
681270543
873250641
385016724
384576102
452063187
304752816
304871625
103627854
271834605
124875306
254670318
485216703
123768405
712680543
412380765
845721603
415372806
431728605
718352604
123745608
701658432
248630175
132065874
712048653
453068127
713264508
704312685
813240765
106732584
253064187
204567381
813075642
142786503
501278364
136248705
703284165
123086754
708615243
325748106
104235876
308472615
374652108
613587204
263045718
708623145
472150638
824365701
712064853
163054287
236058174
713462805
783521604
364172805
801746523
403815726
408362157
273145608
104862753
125034876
863125407
758162403
834620571
845130276
487130625
671240583
308745612
234857601
236840175
871620345
103842756
406175283
701586243
203157684
126058743
152830746
352184607
813264705
234160758
326514807
738640512
146275803
712563804
347650128
607458231
132780645
308126754
734618205
523081764
715043628
835716402
213640785
371064582
702418653
823756104
701463528
305624187
102853746
163024785
321784506
483072165
523064178
184567302
402871635
312064875
863521704
204158736
103427865
804215376
863012754
124385706
243586107
274160385
283140765
236140857
852416307
137054862
712058463
284317605
387140526
253870164
236580174
718560423
413025876
187042635
872135406
728163405
732481506
438726105
324861705
246315708
627810543
258730416
128463705
852063174
506318724
485076231
135840762
235067184
356048127
283065714
834025716
835471206
815032746
781253604
302415768
562140738
408316725
623584107
835067421
638051472
167230854
234678105
624038175
263840715
608245173
608341257
304218765
132750684
254760381
275634801
265081437
172385406
861572403
256871403
702643185
304726158
136420857
623047185
801423675
283710654
283016475
261780534
182730546
314078562
102345768
521043876
254130687
354287106
164023875
157324806
803427156
543012786
503184726
432068157
304285176
134026785
813064275
512340768
456831207
316258704
174650328
631472805
138620574
704365182
583476102
182073465
142350768
603184752
783012465
152473806
823740651
846073521
723046815
182653407
384015267
402736581
105384672
508273164
246035187
823517406
125374806
103564287
835260714
201864375
