420853176
721358640
640218537
820743651
120863754
087563241
613257084
142506873
162804735
813724065
043527186
650134827
820736514
251438670
023785641
134702685
813206754
781603452
234107856
431728650
831726450
185634720
123856740
137502684
536248170
123754086
146782035
124856037
328104765
041265738
154803276
236578014
314708625
264783510
120834756
130682547
371854620
235618074
813764520
136804725
162703584
342165087
814705236
542108367
482105736
026537148
273106458
863405721
123705486
430126875
712608543
136405287
435167280
610825437
276503841
342105786
124508736
657328410
836152470
815746032
237105684
350478261
283104765
451672830
125738460
013827645
523174860
841605372
031854762
670582413
384716520
632801475
073528146
724618530
073428651
432856071
370816452
417628053
832104765
380416752
856213074
713256048
078231654
720513648
148702635
182704635
023684175
748102536
142375860
235674018
653207184
520871643
612453078
120783465
781453026
067213845
624135087
130865724
250734186
360142785
410852376
120653847
234185760
861703524
012865743
356274810
247306851
123804765
745206813
120863754
142356870
135862047
123805746
728134650
350617284
018273546
863207154
746803125
152783046
281674530
273465018
763102584
142806753
047352168
031846752
165247038
613802754
342617085
341825076
125387460
351204786
482703615
123675048
148305267
237106854
782463015
283106754
840312765
123805746
274103658
345701682
485102763
032164785
872514063
520173648
124738065
647123085
267845013
034165827
423105786
812456073
081523476
724136850
257406183
386105274
861572430
153724068
315807246
623857140
384102765
073582416
081723546
718265043
813256074
045328176
081657342
265813740
371862540
613245870
840217365
130427865
710283654
016827543
423578610
083417265
483721065
053287416
450218763
013286745
681234057
371206845
142607853
486735012
084617235
431205867
051872634
213748065
637415082
653207184
123508764
421706358
124853076
237804615
781503426
042183765
682104735
056348271
658427310
053824716
142803765
614305827
037214865
814502367
682703145
130827456
024315687
028743615
742306815
046382175
438756021
134702685
681305274
463728015
230186754
123604875
461802735
240136875
687243051
236508174
753204186
714862350
345217086
280456137
042183765
783241650
420183765
120643875
560378142
613704852
136802754
024735168
130685742
048271653
058421637
680213754
813245076
631428750
253816740
035841276
612804753
073214856
142805673
516824073
712486053
781503426
248163750
150743286
310864725
231604875
612403875
123805674
087532416
780251643
123804765
452863710
543806712
283154067
752613840
410652873
123456087
425708163
420168735
138702654
420173685
138425067
234657180
136745028
013824765
314265870
438602175
041723685
025683174
570821346
620158473
853714062
075318462
024861573
013724685
285301746
530861274
735206418
083614752
085471263
014632875
316582074
230186754
156802743
263174085
270853146
243506187
713582640
735206184
825601743
847126035
034865721
378105426
312605847
123745068
237164850
450138627
346872150
013452786
283604175
128703645
120473865
230154786
416805732
012846753
143856027
687502134
051864732
546701823
135206487
782401635
283741056
534607218
168302754
283614057
012675843
164805732
538701462
813704625
063824517
230186754
083126745
352186074
728643015
814603572
672145038
032415876
123604875
123805746
230175648
510483726
610243758
173652480
068354172
523804167
027684153
713206458
380762415
084537621
816243750
123405876
620813745
158763042
174253086
815702436
015342786
134508762
210458763
375461082
268503174
345208176
423675810
731642085
427813065
850421736
710843652
860754321
586712043
072481635
830264175
230184765
287613054
076452183
254318670
134802765
025841367
263148075
123764058
416523087
234107685
182753064
812706354
283605147
673204518
480162753
815724036
438751620
162537048
413758620
241503876
130864275
527438061
130825467
086473512
623158074
128753460
418706523
482751630
025837461
084135276
081753642
235471068
634158720
236508174
385207614
067283154
054236187
063175428
123847650
124608375
345867210
123764058
123674085
351246780
652401873
125746380
450123876
234178560
286351740
830214765
580173246
153204768
741306852
483152760
126308754
674305281
123864750
485132670
284136075
312405768
014732685
023186754
162583470
713804265
435716028
234107685
351764028
327604815
816534072
832105746
182506374
130842756
728105643
814623075
612547038
134205768
371258064
135602478
052416387
873405261
642815730
328501764
234807516
051473286
025134876
612843075
278104536
630728514
162583047
016825473
681245037
724106583
182634570
142805736
630274185
283104765
620843175
718362045
473682015
142835760
672413058
162508734
812607453
830142765
012743856
283604175
381706524
124853076
142803765
346507281
824163075
813724065
324801765
418705326
153768024
813704625
082413765
615378024
318705246
354287016
634201875
627145830
831425760
830472165
324805671
840316752
172385046
340216875
340615287
415832076
134562870
653187420
813502764
283706514
124807365
178624035
014732685
241835670
352176048
514832067
284305716
036128745
872164053
783104625
027143685
148703652
862574013
140835267
812674053
018327654
012684753
265408137
014753682
872641530
485602173
123607854
671408235
248735610
182437560
742803156
638714025
428601753
647235180
236854710
123647580
851203746
140526783
234601785
124605738
714632850
135426870
176523084
510723648
415237860
038451762
076841352
364702518
032486517
134806752
452107683
015467823
023158476
132608547
140625873
182603574
175236480
036274581
825704613
347108625
273105648
752863014
038124765
473102865
642153870
480753612
641537820
341802765
467183025
236581740
236508417
830674251
820741563
358106742
342165087
423608175
683504217
812543760
420153786
621745380
067813254
860274513
186304275
740836512
015826743
178605234
086312754
430621785
420157368
378152640
540816732
320145867
162703584
713604825
613824075
856401732
142785360
274501638
840631752
062147835
725631084
013826475
312605784
810463257
326845710
642107583
160738542
280174653
085641327
234168075
814705236
120784356
714632085
035814267
062473185
642135780
810235476
748613025
617824053
461705832
870631425
782106543
817426053
035217486
312768045
625403187
517306824
137804652
123756048
482135760
016728453
243867051
023675184
248103765
235186740
240518763
173652480
028417653
082153476
347162850
263574180
134672085
834712056
075128463
132487065
584163720
456207831
860253471
032165874
410583627
143605728
712503864
013652874
345126870
687503214
347165280
513864720
048531276
023481675
124758360
812435760
230145687
260841753
765132084
634825017
134862075
034186752
845301726
236104857
152804763
310284765
432587610
123604875
012853746
134687250
835702146
735241680
821674035
024835617
236785140
810742536
418263750
253764018
614305827
143627850
258703416
014635278
673251480
271803465
234708615
483725016
423185076
234678150
153806742
134206857
437128560
142783065
274156830
534862017
052183746
021685374
418305276
183704526
123764580
136852740
160738542
851764032
580412736
283145076
821703465
264537018
123607548
653102847
217563480
256407381
730821465
643801275
154803276
851602743
834671025
014236785
714358062
813726054
614835027
034176582
134725680
210875643
631402875
120643587
162835047
483165072
142603875
873241056
140768532
820715634
123645870
173248065
231475860
135807426
237104586
425708631
851243076
762105843
034185726
830256741
712845630
083264175
614853072
450367182
130264857
514637082
021465378
843251076
138672540
740153286
125673084
371852460
240837165
137602854
718324650
134862075
142783065
683207145
140832765
256137084
345178620
064235817
413687025
123785046
841703625
128506473
473856210
340172856
874605231
152738640
648357120
172408356
146805372
038175642
834107265
123706458
421706835
124805376
810673254
273614085
842301765
378206154
673804215
123405768
024638175
360814275
326801754
456307128
620154837
120374856
025146738
813205746
820136754
082713456
245618037
374158620
852403716
823465170
081453762
410237685
812405736
162374850
081672345
513806247
672108543
084735261
081345276
142806753
073126485
283607154
064182753
635814270
821503764
136702584
873204615
631258740
471305286
820315764
418723650
723415680
061354827
230154678
286574130
613802547
035164287
130826754
140738265
075142638
182647530
123786054
430187265
741806253
672805143
610253847
360851274
470182653
124503876
256431087
572804316
823604715
134805726
283145760
836201754
273106584
254813760
823764150
512637480
450367821
253814067
354128670
134625870
512408763
375801426
534702186
123784650
012743685
270683514
862503714
526401738
610834275
218356074
230578164
081254376
253147860
710532486
152837046
731682540
273105486
027136854
036842751
258346710
813564270
175403268
213608475
132705846
873621054
720641583
172653840
021483576
364281075
162857430
235704618
312658470
285743016
671302845
413725068
725403816
830517624
826305714
052314687
130482765
326701584
342708156
270183654
860753124
234708156
130684572
248107563
250438176
083215746
821635740
162503874
273614850
064387512
670234581
230745618
630251874
813704562
084617235
740132865
340256178
231708654
813274056
346502187
560413872
518674023
712406583
860231754
816204753
540817623
013824765
630247815
687203541
412836750
813674250
823745160
810723465
720135864
345861720
346501278
435821760
241703586
134782650
234185076
831456072
436172850
481732065
342175068
482156073
756102843
356201847
213706548
870652413
043726851
162803754
834261075
283605147
273146085
036875214
164703528
230145876
431658072
180573264
136708254
160854732
724318065
853276140
783602514
162408753
134802765
813752640
812407356
365104728
350482176
423605187
065348721
235178640
124587036
374528610
182453076
072483165
658203174
315287460
012473865
140632875
128704653
023175486
138425670
134805267
812607453
216345087
074316258
268734510
543107268
314568027
863704215
734602185
230184765
415628370
081462753
751842063
634712850
841703562
365108427
275486310
713204685
214605378
351706428
513874026
082164375
863402571
015283746
164835072
