351206874
127483065
028617543
427105683
042183576
172305486
314685027
432856710
254107863
610758234
074162853
258643170
381245760
123407658
740281365
027148653
132405867
728536410
218604537
834615027
140632875
841263750
142607385
285104736
160425783
482706351
130452786
240375186
618702435
248163075
047132568
871524360
248735610
753608214
120843765
380714265
142863075
672305418
267403185
452306178
210375468
834207156
023765148
841735620
138502476
253801674
142603875
134785026
760135428
643578021
874201635
782153460
218607543
453768012
467508312
370214658
451208736
830265714
456108327
613524087
571602384
345801276
725831460
073614825
036425718
156824037
160352784
683204157
423857610
452813067
610743528
250138746
021648375
840521763
364705812
083672541
271803465
423165870
276851034
750826134
735602148
123457680
152706843
237185064
845173026
834701625
287561430
028743615
314578062
672508413
123805746
728163450
542103687
325147860
520738146
724508631
284516730
582174036
385712046
681723450
840263157
584612730
641325780
842761530
872163450
284736051
258403617
142753860
143607258
013425768
584301672
152603847
281763054
152864073
123704685
637548210
742381065
058321467
451267083
162705483
248735610
458237160
145208736
034215678
342805176
310746258
156703284
350214876
068712543
571802463
123706584
413258760
586217034
016832754
816203574
713625048
346802751
462157083
041753862
530426871
173804256
052384716
180724653
342678015
374186052
076152843
861457320
042857163
231786054
783102654
125708436
480263175
032568417
083745621
714302568
348716250
253804617
243107865
853107426
410287653
263814750
340165827
852673014
234178560
820413765
142673850
034276851
340675218
810762354
653408217
681324075
213504876
581406273
723541680
813206754
062854317
146302875
263184057
273105864
340125876
720183564
460238175
467803125
725163840
586107423
153672084
685324017
743862015
273164058
152408673
641728350
457803216
812706435
135204867
276103485
780432516
172503684
364102875
851473026
214803576
176803254
610425738
630217854
243865017
026841537
087634215
415287063
142703685
326708541
346182750
142705638
258637140
827601534
436802715
735604218
216807534
862315470
568103274
250734186
362748150
846312750
376812450
324615870
273804165
072165843
017682453
376408215
753201684
480317652
134625087
083276514
283164075
584302176
084125736
750324618
251648037
827516043
823657041
485306217
714526380
574861023
534612870
786401253
386152740
283506741
125706483
754832061
612735048
853276014
728506143
053287416
426517083
123705486
456802173
673208154
672418350
351407628
327681045
786243150
017826534
082615374
643502781
014832765
016248753
640315278
620153748
410583762
053718246
163482057
287104635
260745138
845763210
038764251
517438260
743205168
342857610
210843756
015267483
250614873
360784215
130724685
843507612
027148653
856207413
176304258
064835271
274608315
273615048
713208654
087324615
476231850
153704628
273104685
582364170
036285471
834201657
314706528
751203648
352107864
325807164
245137860
426508317
356207814
086324175
681304257
652837014
312605478
638701254
023147865
546382071
082516473
012654738
634871520
620174853
670835421
136708425
032784165
782641350
123705648
231506748
834506271
732145680
012563487
657801423
612507834
613204875
021783456
142863750
271803654
761502438
867314520
413605827
351802674
076513842
548132670
483156027
746301825
254108736
813647052
083215467
073684215
583207164
354218760
640235817
240867153
086243175
023674815
284736051
073258416
186723540
268501473
083764215
351874260
530427681
037125864
734805216
750631842
370184265
713508264
576401832
861307542
158724360
428605731
523604817
384125760
150236487
083167452
724835016
028143765
210463587
081762543
123856740
381704625
174802635
265708431
845307162
041682753
314706528
815703246
072138465
718604523
854301276
083246157
510734862
023845167
371804652
428607135
283761450
256173048
085261473
174325086
081625734
827516430
014632587
764123850
435261078
134276058
368705214
750486321
067218543
321805764
023174685
120753486
130524867
013827645
374502618
816352074
014632875
281605437
026458317
342805761
716508243
081634572
823745016
758601423
613782054
743205168
687314250
013826475
236854071
174652830
240187536
264308157
028134567
136708425
325648710
435608172
317684250
612503847
063857142
230768154
467312580
025846371
423718650
052164873
862134057
371802645
218546730
851342670
023864157
673124085
023614785
123806754
375206814
123706584
071253864
813256074
254871360
135406278
130248765
263471580
874361250
623184075
381406725
814502673
476381025
310275648
026834751
823501674
631507482
480213765
240813765
142703685
370825146
172638054
142805673
210354876
813604752
164805273
152637084
287103654
832705416
130845627
714268053
160745328
381647052
836502714
871504326
816543270
873214065
814302765
734602851
130684572
185264730
258104763
810354267
736108452
124873650
214563087
718402635
437201865
318752460
136508724
714302685
018376254
068173425
325647180
812435760
374821650
516273480
043267518
041263857
174853062
847362015
465172830
562781034
021735486
024318756
257804163
021546837
153206784
086324175
120453687
035174826
128504376
475612083
864371520
836205741
542806317
284105637
830156724
541607238
126504738
517348062
273618054
856401732
234105867
016753842
317524086
173485260
832675041
183502746
215704683
210746853
837261054
627384150
683425170
274105683
362814570
830451726
587423061
610853427
436701825
867502431
732604815
162803754
416203875
714306582
240316785
415802367
024168753
372461580
812743650
265304871
026734815
364718025
486715230
360154782
260358471
642107835
147235860
076512483
861504372
536102784
024786153
142603875
716482350
234568170
156327084
234106875
148325760
672183540
470231865
287354610
173462058
284701356
184602573
148206735
178603452
634157280
526174038
456182073
740318265
740268531
384105726
614275830
835246170
264801735
017532684
130728546
034176258
123576084
813405762
738602415
045231768
713864025
184372650
084312765
642701538
865704231
823751460
123874056
423501687
762508431
283741056
425173086
124308765
831502746
314762085
314602785
640153827
861452073
874123650
381762450
083126745
037821456
574182360
073845612
482607531
138762450
520183746
240638175
342608175
256108743
674308152
280351764
234701586
243716085
278603541
473516028
218604537
174256380
153724068
762348510
672301485
851342067
035247816
265341870
374261085
142675038
823751460
861203754
320184567
813724650
028457163
351802467
740356812
025647138
346108527
745128630
532674810
420618375
237104586
347268015
781563240
630452187
635208741
650142378
283751640
836702415
136842057
630154728
162704538
280547361
612405837
642183075
285413076
061324875
786134025
073425861
134502786
718204365
752614380
834715062
247603815
842563071
316407852
081326475
582361074
371248056
857603421
870516432
230164875
425708163
182703654
350814672
725103648
846701532
730216584
820653741
235147068
374265018
457806123
850241763
572864130
145703628
081364275
320674518
325471086
230576481
265403781
380724615
218734065
350172864
840316752
361205784
871406253
083721645
250841736
438106752
142365078
731648052
813645027
650137842
713804652
345706128
820715463
134602587
084256371
346705218
658102374
425103687
370256841
418705263
615284730
164702358
721304568
013728465
120673854
281437650
081532674
265314078
134785026
283716054
625701843
246103758
653741082
134286075
153248076
412506837
124753680
016238574
046371852
154826730
263805741
581342760
210834765
056243187
043218756
872103465
615307824
184502763
170832564
276403158
710486523
834502617
384162750
548631027
013862574
014836275
214708653
740628513
123508764
875432160
738164025
014852367
123804657
314806572
481605273
328547016
723608154
781602543
862153047
738624150
653708241
038475162
016845723
140782653
627158043
041256837
067253814
152703486
063814257
754103862
623745810
810563274
830467251
213408765
062875143
761824053
432158760
310452768
753406218
753846210
481732065
683207145
816732054
730841625
048531627
456728013
014732685
310745628
042853176
248106753
314708625
385142760
026385741
815406732
035782416
150627384
712648053
845706321
714526038
361705482
140836752
713804265
178235460
865201734
618402375
526781043
163408572
817306254
037162485
024761385
620153874
510783624
145708263
478253160
631205874
172403865
810657423
572804631
285106743
071382564
032846715
132507648
075326481
045312876
768203154
140672385
145687230
241735086
850274163
046351278
240138657
615342870
762134850
024718365
365207184
658301742
630714852
820513746
137254086
263485170
057826143
025738641
182756430
284603157
678513420
324105687
412385076
142803765
028763145
032685417
163584270
024731865
352478016
514702368
430871652
248603175
034182765
054278631
685407123
342785061
671803524
712603845
083521746
432185670
368104752
642137085
470862153
613274085
250478316
536801724
713825064
170683542
468153027
013827456
423801756
265104783
025786341
128305764
034871562
061842537
072135648
243508176
176304825
361704285
240163857
025417638
035186724
526401738
825731640
426308715
483615027
413826057
130674852
124703865
540821673
427683150
813745062
026153784
845206173
164803572
274801536
234851760
534172086
413256087
231805746
283104765
560437128
810653724
012467835
371502846
248735061
028135476
034285617
136572840
874352016
021583746
074516328
430167825
256843710
134805267
516274083
235104876
180635724
461758320
042173685
678132054
013728465
237406158
341605278
278501643
528634170
260837541
142603875
826531740
013765428
785301642
754201638
130764825
240357816
074865312
123875064
830627451
024138765
015268437
816235740
178603245
071643825
813506274
461708523
073214685
463185270
178642530
738406215
172583064
210564873
130485726
683704125
572316084
813275640
065823417
763804125
860723451
347251086
173852064
634125780
481253076
036284175
783401652
034725618
741835260
064723185
316284075
041852763
158402376
125708364
356821047
056837214
240673851
237685041
167402853
168702345
384175062
862503471
624851730
780643215
348507216
