023184765
042183765
283104765
023174685
123745680
142863750
241308765
013728654
120843765
130624875
830614275
014832765
014832765
163284075
023164875
123804765
123804765
123705648
023174685
123856074
130826754
130824765
123704685
142803765
123864750
234168750
012843765
134802765
130624875
283104765
012763584
134862750
134802765
013624875
160832754
234185760
083214765
123745680
123806754
136804725
123745680
123705648
813264075
013824765
146803752
820413765
123856740
813204765
120843765
123784650
123786054
120753486
134782065
134825760
123856074
130624875
253804176
013824765
023185746
123657084
083214765
283105746
230184765
810263754
123645870
134802765
123864075
123605847
283714065
135826740
142803765
134825076
130624875
123507684
123706584
123705486
123864750
123804765
830214765
134802765
712403685
013724685
013826754
120763584
123804765
482163075
283716054
062183754
130724685
812743065
134802765
123805746
120643875
134802765
123845760
123405876
230185746
123784650
283145076
123604875
