682053174
803756142
804367152
103745682
618470352
725460831
275036184
562081734
605872413
204735816
513268704
528364701
452038671
124065873
506741238
172068453
163054728
614032758
815230476
283740561
415620783
637048521
721530468
514670283
403172658
504183627
128340756
753082614
261078534
347210685
671420853
803415276
128053746
738520614
251086743
172653804
623180754
174865302
572318406
873012645
538021764
604718352
834072651
425160837
523184607
315460728
204138765
412063785
205341876
716820543
345216708
618024735
305741268
103478265
163085247
274850163
736820145
168540273
378240165
263581407
603785142
134680725
164823705
138075642
136582407
146350782
481670235
314065872
742135806
605473281
735460128
706845321
741682305
746025318
265134807
832057146
806172543
134560728
302846571
807264153
238057164
681027543
437820165
803214765
382157604
542730186
832041756
305174826
142375806
162845703
253086714
287634501
625410837
134750286
542680137
235140876
735061284
645320187
435067128
847263501
813720546
634851207
145370268
186435702
738620154
103645872
173084625
205381467
638025147
832175604
182340576
461038572
734062851
851740236
712058346
123674805
713240568
701625384
714536802
103582746
273846501
708521463
513420768
305672841
103647825
508172436
847035126
814760325
384570261
135628407
384215607
306825417
308256471
302516487
251086743
415367802
136250784
302851647
628043517
235017486
682045173
586014327
781034652
203865741
728614305
248016375
401365782
487023651
523640178
826710354
174385602
846527301
327045168
836270145
682013475
308721465
267340158
517836204
827650314
203784156
814230675
104582376
305418627
758324106
203165478
807613524
238517406
245081736
317586204
834716205
781235406
137845206
125384607
203576148
412865703
813524706
738520614
742038165
841062357
265018347
351840276
234716508
325074816
143062578
806531274
682153704
653071284
801462375
153784206
243580176
263175408
605812374
238075146
302574816
685470123
283710654
385210476
275013684
865024713
418762305
168520743
864021753
514780326
104285736
534072861
612845307
672813405
526014783
637048521
623781405
783140625
462510738
403827651
146072385
753024618
364520178
826041753
134056872
263057184
428356701
152736408
302617854
236075418
163842705
501472368
507321486
265340187
573680124
413670852
631720485
856021743
681043527
531680247
468317502
624038175
725843106
173056284
317482605
624318507
613720458
402173856
123076458
723046581
782643501
418072653
235718406
134620875
375624108
714063285
234165807
873025416
162457308
108753462
721430658
304218765
705412368
602357814
613478205
215846307
436128705
314250867
423068175
407152386
438250176
415873206
813265407
836054721
348021765
724058163
107258643
302754618
841720653
786031245
741083526
602314785
413872506
324085671
137652804
572068143
276053184
716024358
274081536
814532706
268137504
281053674
873240615
123786504
713540628
403182756
165023784
173568402
278360451
712045386
812475603
607821543
248015736
253861407
168452307
173450862
168243705
428173605
842735106
805731642
834160257
603215847
532176804
748035621
712830654
501374268
365720481
235784106
814025376
781253604
701684325
823510674
671032584
854723601
324810765
418320675
701532864
805234176
378620145
137864205
201685437
806723514
824617305
836210754
324065178
587032641
234850176
235017486
352146807
423870165
234051876
234756801
265034871
415320876
481520736
851420673
305824761
781035462
713450826
748360512
382017654
786210543
123785406
654317208
321045786
218673504
826150743
251480637
362017845
385614207
406172853
243167805
672350418
237014586
381064752
106873254
143085762
623045781
846351702
781326405
824570613
328540716
716345208
478013265
172063854
263410578
204167358
402876315
243170865
104562873
842675103
283145706
546830172
103748625
208451736
813245706
376012845
806745312
263057184
243150876
123784605
845637201
641035872
681352704
102753486
246370158
801724563
673024851
768035241
263580471
126085734
513640287
563740281
875643201
318654207
713024568
432075618
704356812
234017856
704218635
583240176
105846732
364812705
827036451
641230587
354012786
702386451
813054672
861723504
783016524
132074865
378160452
701582634
427530816
107326854
723148605
358764102
874065231
124038765
123840765
438610572
832145706
317820654
862314705
632150784
362840175
801526743
823045671
813076452
358120764
243158706
143072586
437068251
165432807
685270341
512736804
642781305
563187204
801764253
251870634
518027364
712830546
672513804
734018625
256430187
738240615
102458673
327610548
136824705
207653841
573042186
274038651
342685107
805742316
612053784
135860472
306521487
301742685
402816357
763021854
431268705
613025847
108647235
236140857
483625701
208145367
402365187
418365702
217086543
601254738
834156207
185432706
481067352
817026345
217560483
538720164
172634805
267148503
128350764
364058712
142350876
137280546
123856704
135640287
768253104
408365172
341860752
653018274
104865327
613257804
124860573
134065827
102543867
102843765
241063857
701683524
623185407
372140586
123740685
645810723
824760135
518072346
315270486
163270584
302154768
172463805
812630754
618057243
768021453
735068124
753480612
782014653
602813574
705138264
318074265
213054768
805761324
802671435
107653482
268130475
273156408
504312678
632185704
613057284
723540168
201583467
238745106
318056247
713256408
205138674
487025136
204863751
306718524
487126503
285341706
347018625
836120745
803712654
102685473
308416527
204736185
815230476
635280417
315047826
613284507
204178356
641073285
361082547
183725604
637280145
257640138
205368417
123450768
748530261
183746502
823057641
152483607
173052864
805234176
683157204
813260475
201865473
602437581
281463705
538721604
103876452
613825407
416280735
302715864
146035827
824573601
274653801
841730625
102356874
162083475
438176205
365012847
435810267
453710826
813046725
108423765
324861705
173028645
364128705
164853207
124630578
281064573
203685147
806712453
163840752
364170528
204653178
372856401
402163875
251046873
152780463
704538126
435168702
347065128
128540763
156832407
143820756
328064175
273564801
314085276
206314875
123456807
574260381
845036712
345127608
758320641
612730854
526014783
176052843
487230165
613840725
751830462
124850376
214873506
768213405
215078634
418357602
816273504
845073612
817453206
576148203
712083546
425810376
126785304
653184207
125840736
852714306
873012645
807634215
104832765
361024758
167450328
251048763
503174862
365120847
123856704
378041265
782513604
314867205
307841526
823610547
548162703
723085641
573186402
823071456
813460257
136420785
136820754
501842736
207586143
783612504
813052476
513742608
813240765
634275108
857231604
324581706
613750248
382510746
246813705
145230876
425378106
126875403
143570862
716038542
134078652
324860517
658310427
574610823
731268504
274510638
231748506
132876504
586270431
186073524
426710538
614025387
102746835
471630852
236158704
647130582
518037462
215476308
683270514
437862105
501374682
362074815
473086251
804371265
472380561
142065783
604283751
705318624
421083576
102765483
645130728
162754803
742610583
623745801
807213465
601428753
621480753
802564317
352140876
426530871
486073512
864370152
261834507
523041867
123580476
206348517
275081634
364082715
713084265
867253401
173054682
251036784
137624805
835024617
328056741
834750612
208741653
847032165
201864537
648230715
365782401
813256704
102835476
162437805
134820765
781634502
781034526
154830762
256031874
285476103
814253706
861450273
504362187
204831567
218043675
703816254
108742356
457316208
583427106
718062345
603247158
724650318
263081754
105384267
283640175
273650418
613820754
214035687
582031647
463750218
736820145
723810654
108725346
483520176
305186724
304257861
541830762
358127604
438120765
765840213
273654108
124736508
532810467
123784605
604275831
748160352
804765132
786542103
163257408
123856704
174258603
208134675
807531246
138740625
387021465
748632105
147532608
237485106
105348762
504368172
853270146
813564207
234167508
623840751
624075138
324081657
105873246
106873254
205741386
182056743
607841532
834026751
135842706
123056874
318746502
815764203
482156703
843250761
485760231
506713482
562831704
135470862
507241863
567140283
402157836
813624507
243851607
647812503
836027145
743810562
724031865
437510826
103654827
317086524
643071258
105824736
803254671
783054261
346250817
134670852
854210673
674013285
302751846
103258467
807643125
145083726
103674285
173256804
321670845
763084512
673240851
213764805
305628174
102643875
367518204
164528703
781260534
582736401
371245608
305847261
302154687
821063745
824130765
104365872
125073684
138720546
315680724
851243706
872015643
405718236
435210876
163725408
134720685
401572863
748510362
784520361
451823706
152083467
108632745
802716543
714083625
231784605
315067842
834160725
523186704
601823754
614520378
458021637
183260574
364850172
172346805
815423706
273460185
345087261
234015867
218064753
732860154
312467805
153420867
154720386
325617804
273860415
172430865
764018352
603214875
206583147
781640532
815027463
438150726
103826754
617025834
416570283
635240871
751634208
218064537
384217506
354018762
587436201
564172308
346015287
628073154
602413875
417230685
764538102
345210678
263781504
713850624
713240856
452817306
243180567
431856207
103768245
546320178
412075368
567283104
105834276
134620875
125034768
103824576
613572804
814367502
305124867
381650724
104827653
718436502
754081362
635270148
875431602
712085436
608743125
523164708
435821706
185463702
648257301
432817605
105624378
384265701
407831625
432570681
501682473
574831602
261073854
236850147
604128735
412753608
203648715
854620173
123740856
567418203
162453807
403681275
301284765
835260147
423160875
863024751
125784306
712845603
234150678
123078654
573120684
345027816
815072643
384025176
562370184
346180752
163740825
758130426
305781624
834021765
328746105
123840576
354127806
253410876
254130876
263810754
805431762
305264178
205348716
417386205
152083746
134680725
356240718
458730612
306457218
124583607
504236871
567013482
