614725038
170253684
653187420
283176045
056234178
132487650
462751380
056832417
015284637
870253641
083715264
642875031
345801627
724605183
684752031
014286537
026513874
073826514
051276348
840631275
620843751
642531087
235801764
023768154
136784025
532708146
518437620
238504761
630485127
832506417
548123076
751604382
032584176
023784561
620318754
452107836
342105786
673805241
728603451
067835142
384725610
514876023
342768051
073218546
810632754
563124087
384106527
043278165
854167032
052173486
850231746
267803154
152843760
123845760
015763248
328471065
231486750
015823476
620843175
023815647
436807512
183402657
427583610
627103485
130425768
728604153
271408653
725301468
083462571
785423016
236104857
162804735
862534071
086153274
713546028
058723614
230741685
375604812
732185460
057283614
410283567
285103647
415826730
346182750
341706825
438705162
768415230
841502376
837102654
356201847
416802753
137802456
672103845
317684250
210743658
364782015
082641753
451602738
643801275
172458036
254378160
021735648
082164753
042183765
126804753
126843750
281374065
860574231
745612380
687304521
843602751
423805761
735128460
812436570
567183042
623708514
834675120
876104532
810475623
160342875
618453270
410783265
572406831
083517246
726145038
728465013
720368541
853206741
371548620
340251876
780215463
853104276
481526073
654107328
478251063
351702864
136502487
325487016
263401785
063217854
152804376
825603471
138702654
015724638
813724065
523641780
468352017
684305217
230876541
250174863
470231865
481503627
265871340
013246875
240738156
615208347
156703284
140582637
816237450
254601387
123456087
063174582
062183475
652803714
810632475
327418650
063824751
613285740
658431270
510832764
148502736
715843062
820354176
025167843
327104856
152703648
782641035
543807162
073184625
145302786
852106437
185603724
052138476
023576481
620178435
083162547
637508241
173208564
723806514
750263814
342106875
028374615
713684520
263714058
610452837
128645073
825401736
123407658
638405217
764201835
325706418
510762483
268103754
650743821
052147863
246317850
840261375
512604837
782301654
345807126
127684035
162734058
452803176
520364178
253864710
486103752
586473210
028136745
713425860
678503124
854206137
027364815
418725036
230147865
645807132
874253610
085362714
230845716
036245178
781206345
468573021
630814725
567801324
741238056
746213850
761435028
024136875
810425376
582314760
320845617
320481765
034825671
610238547
042731685
768513024
243801765
072435168
720184365
836214750
012654387
823761540
247308156
236508417
730215486
172405836
028314765
648702153
352708164
120364875
637401582
560813274
370846251
283716054
527648310
762453180
238104756
052643781
234108765
076153824
678104523
456831270
162804573
132658074
861427530
510273684
163804752
027458136
062874135
231607854
130874625
185732064
712503648
368524071
635401728
831204675
512408763
235408176
085213764
781342650
068271543
471265038
234806571
482701653
235164780
374102685
483175026
436825710
726408153
083421765
854706123
170856324
130625847
167203548
240768135
214305768
470836521
086731524
523607184
172548063
713806254
410675382
540762813
620713854
360751248
620871534
071364258
860127345
845203671
173508462
621435078
360754128
543201768
671532084
073512468
718236450
270153486
084175263
082734156
142785036
243806517
672548031
134825760
142305768
435708261
073681425
621803754
073568412
352481076
134806752
816735420
231506874
846731520
325807416
657403182
057812364
134862075
512803764
287513046
720356418
546328170
638701254
846713250
543627180
762103485
123745680
245603187
123405768
173804625
234807516
482601735
074283615
425703618
316408257
172803564
076284315
513862047
832564017
876205143
523481076
170836425
724135680
340257861
875641032
761245380
270653418
420637185
814735260
273184650
348105627
823745016
041268753
087215643
658403127
817504236
120548763
152307846
136782054
831764025
134805726
385147620
234761850
813654072
142365078
034782615
216304758
128407563
178403256
723506184
726345810
046385712
724561380
716235480
658204371
570412863
413705286
258714630
126847053
123604875
728534016
634801257
756184230
750382461
158634270
810527463
516802347
026834175
765302418
513204678
350147628
048531762
158204673
143762850
361708542
862105347
017528634
042153678
871465320
526304187
841502763
760134825
430158726
276345180
751682043
810452736
530214867
427183560
245601378
046875231
632581470
843257061
268703145
526874130
361285740
023145768
120437856
524861037
238764015
152743680
613405872
135864720
062147583
270635148
714568320
724305168
360815247
836512740
082514637
534802671
630541287
134826570
130825746
015428376
740312685
013825467
073518642
426107835
523486017
024157386
461582073
512804673
163504872
043825761
154208763
451308276
038524716
634871052
423867015
730824615
812706543
128405736
145807362
628107354
571403862
120876354
074521683
610823547
762503841
471835620
478361052
651207348
084753621
180273654
041283567
234708615
325416087
631804752
618534027
681703542
658432071
073284516
185706324
748503126
312857046
023518746
460215837
623185470
267103584
862703154
084517326
413605782
512468073
871523064
762304185
450186732
142603587
253708146
250746183
061543278
841602573
314602857
824715036
340165827
735208146
073165824
046237158
085143627
367418520
512367084
582104763
327605418
137284065
164782053
237456180
614507382
160237854
081524736
027458613
072361584
826354710
758124630
028617543
541378062
173604285
812307654
852703146
162803754
831274650
568703412
170834526
362104857
023145876
612784530
132806745
352174860
738104265
230851674
580273641
164235870
260574138
067431258
215746083
567103482
034867125
015832746
120735468
135674082
254713068
674203815
268103754
124736580
045283761
325706184
170328564
364805172
486302175
546723180
746281350
021367845
483605217
438625017
345802671
123784065
463158720
653201487
634821750
470283516
082764351
516784023
530812746
472106358
356128740
034865217
713608524
682173450
576403821
180634275
214653078
425706813
735126840
243607185
471605382
154207368
345186072
026134785
246308175
025148763
034715268
026135487
562108374
284603157
130256784
012846753
031846527
130764582
071652483
482715360
830614275
163457082
851607234
837201564
012685347
238605174
275806143
673502184
271306548
062174538
245837610
320768514
016428735
830716245
458713620
652814370
365472081
713425860
072358461
370825614
234185076
721306584
610428537
273604815
472106358
435276180
853207146
140632758
123407586
035147862
380165247
025147683
021674385
816743052
683254170
613205847
720863514
812756034
263705814
537108246
238501746
123784065
165832074
084127563
461357082
870634152
420316875
528704163
083752641
125746380
180564732
142576083
281704536
128365740
650274138
816402735
327104685
475802631
320186745
853206174
684357210
486701523
357268041
764258013
142806753
386102547
031574286
346571028
641528730
142385067
076431285
128764035
173824065
034856127
824105673
832405176
738601245
840135627
478365021
812357064
386154270
130854672
284601537
640271385
415702863
342875160
073258641
120845736
126703548
273561480
581673240
043627158
362805471
713265084
058174326
067324518
640351287
815204736
856742130
042713658
521603847
732105648
250738164
854602731
013876245
234507186
360817425
217603485
874531026
421687350
420873516
560173842
854321670
718503246
814705236
273605184
561487230
613825470
761408325
846123750
712845063
453128076
648702153
180342765
456807213
258406371
548206137
316254087
874215063
436705128
674302851
081472635
156874230
628154073
135786240
257406831
260174583
125703468
210687453
284136075
123504678
265308417
164703528
051864273
547103628
610752438
054736281
240173865
864375210
820715634
176203458
427385016
218375640
670312548
521438076
713204685
278103564
687534210
318746052
074185623
154602783
436802715
471385260
618537042
268153074
137804652
014825376
830517246
786152043
712453860
230815764
872603514
726814530
321406758
428135067
123764580
273681045
378546120
623814057
530216487
271804635
672104853
146205738
283407165
063581742
074382165
458607312
130724685
076852413
318742065
012563748
047318562
432716850
123578046
843625017
064172358
058312647
318402765
246807513
470136258
452806137
810542376
780234615
123785046
063824175
275318064
521436087
862357410
183704265
830571642
074521683
431257086
310457628
851203746
482165037
713504862
327145680
283174560
081367425
783106524
641852730
176253048
867142035
416785320
347251086
013724856
627305148
145327860
732106584
826504713
531746280
357142086
812457036
513704826
784601523
034265187
132846075
561804732
863502417
475603821
251836470
728103465
751302468
481307625
724608135
852731046
810726534
123507468
643285017
816325047
013768452
541386720
634702815
723504168
823651074
628701534
524803176
810623574
840132675
263478015
812605743
812647035
173506428
145236087
470263815
382105476
548602317
026187543
752801634
635102874
015326847
683204715
054683721
462507183
013726458
173405862
561382740
264183750
372401685
762354810
250781643
835467021
620853714
170532684
425738061
324506187
217406538
563804721
658231074
162453870
814376250
312645870
064357182
356274810
470253186
620437581
641753082
548607213
426508173
841607253
048563127
026187435
714638520
682731045
378261054
425183067
064872315
345681270
073165824
340785162
437105628
685431720
064531827
567302814
210874563
815302467
215306874
162743085
346287150
642308157
436805217
831456072
157403862
358412760
124683075
145763082
830714256
250173684
246305871
718326540
572318046
674382150
654701382
820314567
738425016
143752680
315468720
876431025
160758324
748301652
738502614
720853164
632145870
274605138
130728465
426508317
412763850
824351760
623514078
025738641
027138564
820615743
874352160
140538762
024716835
630258147
527803416
712503486
150482367
581432670
428306175
415706283
017462853
170826345
130864752
768423015
510423876
384561720
072561483
824561730
031286547
786203514
713624085
374102685
170243865
078316452
420163875
824371650
548102376
360712548
250643718
240371685
538642017
250473186
