813724065
123804765
813204765
134802765
134802765
123845760
130824765
134862075
123645870
123784650
123804765
120843765
142803765
123704685
283714065
123864750
012863754
123804765
142803765
123864750
123864750
023184765
123784065
123804765
142803765
813204765
123804765
123806754
142803765
120853746
123804765
123604875
123864075
123864750
130824765
123845760
123804765
130824765
280143765
023174685
123845076
123784065
142803765
123804765
123864075
013824765
123804765
123704685
130824765
023184765
123805746
123804765
123804765
012843765
120863754
123805746
120843765
130826754
142803765
123845760
123804765
123804765
123804765
023184765
123604875
134825760
123804765
130824765
130824765
283104765
123784065
120853746
134802765
123856074
123674850
123784065
123784065
123704685
613204875
130824765
134805726
123674085
283164750
123784065
123405876
123864075
142803765
123604875
123804765
123864075
013724685
123804765
134802765
142835760
123804765
130824765
134825760
123804765
023184765
123784650
