576802431
284713056
085413726
324615870
264813570
086235417
238714560
743601852
253746081
360247851
123756048
453128760
814302576
378106524
150342867
812643057
671482035
378602514
034287651
428761530
037624158
584201763
280365147
253784610
038412765
274865130
173805264
273604158
685201743
827653014
165204387
837125460
632507184
014672853
123865470
847365210
236107584
120563874
264137085
435816720
457106832
764102385
234605187
163208754
328405176
721586430
283706451
430162785
730568241
437108265
061782453
142736085
380172654
342105867
516403287
782613045
372541068
720465318
863124075
623807154
234106875
473205618
820315764
123864075
624308751
753104268
423768051
475213086
381407652
027368145
153284067
750238146
285607143
420315867
142735680
851302764
417302865
480367512
630245871
135842076
465283170
687352041
852106743
632417085
142803765
178564320
031786452
265103748
784302651
510462738
682357140
315407268
365701842
263157084
016375284
146703582
851236074
571483026
083127654
870142635
130865247
027816543
715328640
018736452
425603178
521874036
510263487
760514238
873201654
816253047
435128670
532401876
875213640
415607382
318407256
814256370
372601845
130674528
385142760
057134682
430752186
430826157
035741268
127583046
768451320
158204673
173685042
763158240
453826710
637802154
318567024
812405736
481652073
084275136
570812436
814305726
285613047
687302145
857362041
213706485
218406573
417603825
458716023
852603741
746103528
324806175
184603527
051642378
037254168
730268514
120734658
184275063
134752086
086253714
263807451
264581730
614735082
720651843
412863570
837206415
042167538
431208765
861275034
830516274
468105273
451608723
458621037
627813540
812754063
432806751
256403187
236785140
134725680
230768541
738504216
574601382
258143760
184752063
841607253
014327568
543826017
243785016
843205176
170643852
036258174
483107652
781203546
412863057
235104687
538102746
150382647
786512340
853201476
283164075
145806732
425607183
231706845
012865743
083541762
024136875
137462085
320157864
084321675
641872035
637208514
176204385
831607245
167823054
316204857
143856270
023784615
234875016
146357082
842305716
013875264
430715286
736814250
713862540
083651427
016378452
731806452
813402675
345721860
142703685
851206473
851423670
146708523
157862043
863201574
834216057
512807346
012673854
724608513
125463087
023671485
473802561
670584231
275631048
167504823
283546710
024815736
142673850
046278153
613745280
124385760
540132876
762341085
061487532
017628543
647851230
642315087
127836540
213604857
163205874
283506174
517642038
256148730
283704561
152708634
134768025
047652318
785306241
062753184
086172543
125607843
745203618
842765031
160725843
051834726
475218063
732601548
084375162
143765028
130527684
537618240
465801732
723401856
051234876
280743156
813672054
410825736
123405876
418203765
134205876
435278610
132807465
012853674
283714065
743608512
718506423
851306742
814302576
813602574
820641753
845207136
135806724
062315487
842501673
748605231
521864730
745603281
638524017
623105748
123647580
523816470
713204685
430152876
853104276
413758062
570384261
130746285
073124865
681405723
231587064
125687340
721864035
142708653
812476350
512376048
413205876
820613754
173508624
851762043
041675382
423185760
534876120
781502463
413527086
873204561
372168540
243708165
723801465
346207185
042316875
716403825
673105842
673108524
280741653
324175860
014857326
134678052
012647538
813476520
340258671
870612543
042518736
082615743
346108752
812607453
375406182
381472065
156728340
014325867
741203685
043652178
612703485
547683012
826405317
745301286
461803527
473105826
824703615
541736082
630824175
013752684
420831765
081376524
210468573
015273648
012756843
610253478
184703256
541806372
042367158
172534680
654201378
150723468
134782065
823607514
162384570
836104275
364175028
327805461
814306752
671802435
324106785
852106743
061743285
425813760
263514087
068534712
286743051
620518743
184736250
370124685
423167058
570186432
345126087
830714625
345162780
721608453
017628543
520176384
186357240
164803725
842305716
064387251
015824367
512803476
864372150
457302168
078124635
641825370
361407582
281756340
123854067
283105746
471638520
763458120
782103645
061324758
710528436
681724053
471362058
812754630
136802754
384602175
410856273
280546173
762153840
064157832
130864275
412567830
015863742
280461537
128743650
283751640
483207615
845721630
412678035
847605213
014873526
815704632
072653814
268145730
014752386
478231056
236471850
742605138
712638045
325874016
563827140
524701638
485162073
128536740
386457210
571426083
843706125
781354062
076183425
236508174
360571284
415372086
614387250
481735026
345271680
365204817
475386021
127603845
832645017
463721058
620387541
482107563
246507831
012375864
182405637
176802534
716308254
578142630
812457036
670284513
130426578
134205687
142576083
632801475
347856021
360275841
128743065
038754216
562873140
183746052
140837562
123504867
752348160
210348657
472651830
120846753
821704563
236108475
316582074
170534862
635218470
846201735
276138054
340567182
160243857
250743168
825431760
025387164
831602475
058217364
163258074
384205617
283105746
746123058
613274085
153704286
712506843
360251784
217345680
871356420
178453260
021763485
083275641
642513078
063814725
857243061
265814370
013672458
210457836
810365724
530486721
053284617
715468023
360145872
462735018
342105786
612704835
514782063
270183654
164703285
721403865
042135687
043815672
413867052
530762184
325816740
816503724
462305187
842361750
612384075
235406187
456708231
023475168
513826740
458316072
725641038
271806345
136807452
156784032
130642578
361804725
562403718
867205413
572813064
061253784
723805164
478205631
813264075
123745068
347105268
713842650
465837021
175824360
816453072
730154826
350718426
514806327
134685072
026415873
860473251
067813254
165274083
720134568
083415276
283175064
037815426
130768245
216307548
041352786
873605214
720654831
475103628
587204163
073245168
412805637
783564021
328764051
380524716
364702851
075132684
071653842
643281750
081325746
154703682
248163750
015824367
764105832
678502431
840136257
247106835
073126548
530128674
473108625
415832760
856317240
245671380
751264380
428165730
410583762
184602735
815342076
721603854
348205167
345102876
135806472
732104568
174803652
048152736
825164073
865413720
182734650
720641583
217854063
315264780
851206734
840153726
167532840
043186572
012738564
162508734
183465027
165703482
863214570
436501287
142875063
850721634
013865724
178423065
872504613
145236870
562483170
018634752
642803175
340758126
278541063
250316487
812537046
830671524
036852147
162403785
257483061
714362580
075123864
547208613
280714635
375241860
716283450
028153746
021354687
016435872
387204615
430617285
863251047
074621853
435207861
382406517
345216078
750384162
348206751
723106854
316504872
012863754
063517284
073645182
580231764
487631520
384167052
017438562
347618025
438506172
840263157
256304817
264183750
542708631
267543180
713284650
428615037
015836472
275403186
142785036
418706523
728401365
123867054
836712045
284365170
425306718
785402163
380124765
234785610
816402735
137526840
851702346
142703685
068715423
016835742
273568014
240635187
328754160
873421650
863504712
612703854
481302765
285307416
263517048
065821473
512603874
673481250
041386275
041832756
614805723
073625148
354678012
174305682
014832576
612408735
025167384
045821763
632841570
183674520
341607852
580742613
132605874
140536872
027158463
740156823
273501684
438601572
026354817
628703154
034682517
648537210
273618054
260845731
081723654
643852017
420157683
782413056
062173845
381675042
360175482
142703685
074231685
814703265
182673540
130824765
216704853
048762513
284701356
721468053
576208413
713284065
120348756
042175386
437502186
815243067
182706453
052713846
284603571
760124538
316807254
283405176
216485370
810634725
815402376
284365170
347586012
863502741
816403527
681703425
872401536
825637014
613247580
056417238
368407215
613827054
358602741
751846032
146302587
735204681
526483710
314872065
082615374
081735624
723105684
514203768
814306275
028154763
742368150
160873542
613205847
071453268
634257810
348205167
845261730
013567482
250837146
234106758
362584170
852671430
261708534
284103567
261805734
045821376
038751426
520631478
354108627
123586470
160274385
482673015
210458376
780123546
834215760
732605184
230816745
158703462
640351872
152863470
045172683
730162584
042351768
523678041
152843760
273184650
038261547
851402673
320465781
183407562
345167082
730145286
742805631
083714625
618275034
851673420
367108452
236514078
370481625
753208164
025437168
264873015
478301625
420371865
031785642
834205716
142657830
061237584
430718652
387265140
840216735
260183457
176483025
814573026
081547623
452306817
015832746
234185076
628103457
045182763
450382167
120653847
268103754
412857630
354102786
830714625
071328654
684375120
387406521
754362081
425301867
831705246
013724856
834275610
024563187
710845623
674201538
812764350
283706514
543168720
718435260
385462710
214605378
145706238
218764053
167458032
410536827
357128046
673204185
038152764
582173064
862174350
157638024
461708235
872346051
562704183
073468215
780512643
314206875
674502138
813407652
483102567
063275481
043287615
715608423
543701862
123586047
347206158
243107658
172684053
053168724
153467280
378152064
160243857
630142875
871402563
234105786
315408627
154307286
716408523
136485027
723168054
026841753
783512046
148703265
143658720
864215370
387604512
584603172
845206317
245106738
061478352
423587016
563218470
820741635
360284175
517203864
283645170
621807453
821364075
023186547
258436170
260153847
175403268
258743610
182745063
457362180
435207861
083476521
610784352
836504217
681523740
142783650
762104835
160387254
156402873
136704852
163802745
178632045
043185762
710482536
482103576
581406732
148703265
581706423
481205763
342785061
475826031
017245683
042673158
157802463
073268514
017826534
763412058
841205673
728501463
451806273
427608315
573204816
821345760
250418736
761583420
