015843726
340261785
053142786
120348756
423176850
734106285
134782650
853472160
745103682
164802753
430271685
023861754
851623074
735216480
123504786
840351276
350214687
025831647
124603857
234105786
038126754
463158072
042163875
164802753
123704685
471365820
123856740
348275610
342605187
026534871
164738520
130475862
063271584
027638541
861432057
130854726
182675430
682703514
813607254
210843756
084317625
128653740
286731054
173628045
024731658
614508732
012853746
012748653
813506274
354286710
712653048
860531274
341586270
623704158
718402635
875612034
024357168
524701638
824576130
150736428
124305786
716853042
130526874
024135786
310745862
120638475
216374085
714236058
134625087
642751083
176804235
540183762
184352076
134825760
045836712
825403761
821503764
620713485
128634750
862703415
812403765
834725016
142605837
423865071
860174253
283514760
753128640
342756081
720384561
120843765
250167843
582714630
720513864
217603548
234105786
571326480
384671052
235106847
172634085
352701684
482603175
873104265
173682054
240173658
428156370
072618543
783105642
134802765
457601238
821435067
812763054
140632587
074156238
524768310
340815276
134205876
124705368
235817064
851403276
362758410
830246715
068412753
250164378
042138675
310756842
120537486
824371065
530124768
610843572
840713652
813204765
084316275
280135476
134805726
186402375
381502764
145826037
783645021
123506874
812456730
436801527
723485160
062185374
813275064
813746250
824561073
720613584
425301867
713208546
016345827
052783416
421835760
728103654
753601824
134506872
560328174
458103276
231408675
160853724
642738150
813204765
520318674
758306214
126734850
782143650
123874560
027536184
743201865
132674058
315642780
472308156
153846720
238501674
140782365
231804765
620541837
812704536
081753426
380741625
430812765
013247568
480736512
280361745
873251064
630841752
036825741
340268175
425308617
517826043
716302584
342815067
173408652
256801473
728301645
123805746
054132876
713608524
581423076
741362085
860413275
027845136
352187046
532104867
023851746
341275086
712683540
128406753
082435176
723405618
840631527
476102853
462175380
382601754
543172068
013728654
031857264
081253746
013745268
314268075
568172430
613207854
843617250
167258043
310672548
285134076
078342156
024638175
526734180
172603854
253841760
013245786
815263074
735201648
543268170
260153784
142703685
243506187
154863072
574302681
145802763
132465870
180423576
415206738
172603854
041732586
370148562
142783065
746135280
863412075
732541860
028163754
123604587
130854726
450316827
143287650
126803745
084263715
173405286
120847563
621504378
852713064
014368752
015782346
362804517
815703624
423185076
263805417
126453780
481602753
340285176
240381765
125748630
123506874
034218765
123478065
237106854
546203187
038154726
012746583
764503812
173645280
250437816
813204765
513642870
713205648
154708362
135872064
273615048
570813246
178623540
784201653
150472863
621357840
824357610
415308672
671208534
134702568
345612870
613802475
582301764
086541237
138645027
134807625
435217680
350218746
014256387
253701648
413207865
812753046
641203587
062183475
085671234
563704128
648317250
827601345
635124087
427136580
357206184
063284715
831402576
283164750
065831742
034217856
620538471
843705621
713604825
012783654
280163754
026743185
461203785
275108643
213476085
865307241
285376410
168502743
280143765
123605847
530174286
713245680
275408316
043158267
061823754
085124637
412837056
720168534
270684153
026851473
273156480
812604357
024685173
380756412
812605743
024783651
630827154
873204615
716542038
728643150
137628054
473156082
283604517
634501827
146327580
782651043
037164258
018643257
035218746
047385621
634821075
123684057
134825760
136708542
140253678
234108765
172865043
072348651
812403765
386405217
152463078
813726054
528731046
536248170
152487036
062453178
542703186
280345176
025637418
025163487
612407853
013845627
836104275
425107638
813204765
410273865
271405863
821504736
320851764
051273684
658102743
423185760
824307165
162783540
450382716
613807452
047156832
610423785
163745820
714603528
450312876
642815730
786102453
348675120
164823075
375124860
014536287
731642850
174568023
053714682
472613085
123854067
152708634
160435872
023175486
421835760
046275138
152843760
634508217
025186437
275103684
368504172
230864571
815734620
142863075
254107386
482501763
821305746
123564087
034182765
472803165
057824361
682475130
762185340
543206817
613827054
621703458
173856420
024358761
073185426
073482615
270143685
142368570
756204381
142763580
258306741
163574082
035214876
025413687
035821746
430516728
162873045
863104725
125763048
853261074
638245170
821403756
123786540
381256740
018632574
410825673
813547260
758206341
713842065
142603875
014382675
863245017
814732650
130847265
230415678
723506184
671804532
760823154
850721634
130268754
071654382
510628743
823105476
142603875
120863754
125734680
142803765
140835726
083724651
613204758
183624750
234807165
130725648
836721054
150436278
016823574
062457183
140786235
135806724
421753860
241738650
038726514
263105847
624305187
240781563
136527048
425807361
135748260
270415368
324107658
810253746
835701642
135806247
813206547
186754023
781523046
073284165
816302475
836275140
510842736
142703685
812763540
841706235
356827140
248601573
810542763
263704185
824316750
485263071
731245086
284706315
310586742
820416753
021867435
613874520
046872135
162805743
435801726
613205784
830274615
248713650
528734610
023684175
860753412
627801543
430825761
237168540
863204751
370582146
612403875
023164875
628351074
681405723
256408173
145762380
834271056
045712386
286401357
430127685
134258076
235781064
140732685
280743615
064138275
825403761
458201763
025183647
125748630
263145087
170823654
158302674
836701524
651782034
027468153
128704653
810243765
740286513
734125086
354102867
016835742
145607832
012845673
162873045
863274015
682713540
053614872
875231046
624301578
472108653
146802735
245108376
812634075
815346270
830254167
150846273
370154628
084256137
850462731
283715046
230867514
512304876
752108643
831602475
356801274
783215064
163705284
430518276
134702685
620384517
542806173
850623147
142873560
835724610
753104682
235108746
154826730
814203675
140735286
684521073
078154362
810753642
123806754
238705461
415637028
140635827
146203857
728643015
723456018
410638275
450821763
830216754
340218576
643107528
420783615
234156780
734165280
341672850
235167840
014752386
250143678
124365087
841703625
145836720
274315680
356704281
123704685
052184763
462817053
148673520
321574086
738402651
340182765
042817653
180742635
123574680
253408671
738105462
248705631
386205714
185276043
783425610
560842371
154806237
350142687
134786052
830274156
153706248
853204716
240763158
142835076
275406813
125408376
716485023
612807354
651203847
781623054
283607154
716435082
531284067
210375846
120648735
613204875
036742815
748621350
420135876
481506372
430812657
082153764
374825160
384206157
154607382
718603425
062714835
082645317
683124057
581602734
714326085
823504176
712568043
134562870
258314076
270853614
457203186
485106732
834201765
734102865
370648215
860123754
230714658
810263754
261358740
324801765
670518234
314625078
382104675
683142075
350142876
283467150
085164732
081543672
820413765
713206458
570412386
287153640
734201685
380264715
152783046
623104785
813645270
074356812
873402165
240738615
145306872
612457083
013526874
472815630
836517420
126708453
284507631
134286750
512803764
623501784
061783254
813256074
150628473
215804763
260158743
710683245
134705862
724136850
162483075
783152064
130254876
532604187
562103784
762183045
824103765
830416257
243105876
320167584
184723650
613452087
130874625
721804365
236804517
123845760
034821765
260138754
850614372
148756023
835416270
170825364
153708264
528417630
356128074
023178654
126507483
023874165
230165784
083216754
420163875
013864752
023186754
136502874
314805762
743852061
841576230
681753240
034125687
021536748
146803752
123857046
610784352
361782054
163574082
067314258
713805246
284136750
351204786
031745286
816735042
234607158
015324768
134768250
623158074
478125630
253107846
083174265
127803654
083142765
314725860
672105483
245806137
340825167
058673421
243861075
184523076
123704685
740612835
538142076
134782065
230167854
238764150
423678150
310245687
428103756
810537642
281706543
561203748
023845716
821703654
648137052
324607518
840172365
523704186
135702486
140637852
052184376
162783540
132586740
728103654
421753086
283516470
142806753
523607418
752403861
783261054
462107538
160482375
862315047
458103762
520314876
734102865
781253640
845316720
863714250
123456087
781653420
253106748
023186754
234718065
023641875
863152074
146835027
683215470
780613542
135826740
681304725
013628457
680143275
613274850
174862530
541302876
163847052
123805746
875123046
143206875
068573412
841263750
125748630
135824067
582673041
067852314
243106785
123754860
182703654
162803475
862503714
581234760
028145736
283156740
460873215
024163578
741603258
271803654
361285740
267183540
140825763
123847650
345208761
162853074
052716834
263814750
345102768
124305786
123804765
573204681
714632085
481273065
315406287
713456082
468203175
285134760
823407156
856201437
481503762
230167485
156307482
054183276
653704182
865273014
740368125
540138267
572103864
523806174
216307854
843125076
438506172
458302761
724568130
481372560
845136270
142853067
016843275
123486075
086512374
162805743
064312875
143205678
358104672
142356087
016423758
468152073
034217856
360718452
415206873
013875642
620413875
082415736
382756140
783542061
742163850
210836547
628714530
140326875
152703486
843206715
846135072
326815470
867401532
713652084
612704835
732154860
150236748
071384265
268401753
813452076
263104875
712643850
863204175
283571046
830756214
235467018
235147068
123604587
158703624
610578324
024815367
310254867
738125640
237814650
583201674
254136870
412307685
713425860
034185267
123704685
360482715
714802365
026184753
124576038
716435082
583102476
814627053
753108462
182603574
413805267
082651473
