342160758
208743615
403215768
801743625
723840615
307814562
128065437
236158704
162830754
871034625
123784605
163874205
401823765
501287346
182540736
836240715
642153807
134025876
137628504
283710546
804315726
602415837
162034758
238450716
238147506
384012576
102863754
368154702
103426857
835761204
468120753
217043658
123867504
273184605
638720451
273186504
621783504
134760258
254386107
253164807
872561403
263051874
263074185
142780653
304781652
283064175
782430165
142375806
851723406
348270615
124037856
613820754
802415736
813754206
265130748
163570824
413067285
246358701
234180765
203671485
102783654
701532648
106832547
142730685
142830765
142830765
402135768
104825376
802613475
306751824
703681542
683024715
245086371
378124605
325681704
872063145
234018765
512073468
208163754
105638274
103824765
803712654
502173648
123845706
138024765
248751603
136054782
302154876
254130876
342065187
134085726
482013765
803614275
103728654
124067358
305146827
703846521
124730865
123560487
268130754
812043765
127560843
502684173
123854607
641235807
142863705
841730562
853240716
612073485
401527368
703216584
804362175
421370865
123670854
283051764
103826754
512738406
283014765
612045378
281065437
183052746
123075648
408162753
783125406
271048653
123840765
273158604
821563704
283710654
813024765
413850672
235186704
472135608
304125687
142630875
254167803
746318205
201543768
781460235
134820576
642078513
834560712
813024765
823470156
602174538
235140876
203485176
142083765
162850743
542180367
803274615
136824705
604132785
621853704
421350687
138420756
815260374
501823746
143725806
203185746
862053714
302146875
314257806
813054267
102374568
738014652
103526874
305716248
841723605
281763504
476258103
608173254
128043765
685073124
287134605
812670453
712043685
162830754
152368704
405123876
123065478
145027386
812630754
384712605
234758106
462013875
608231574
621345807
608371452
256043187
146052837
123780654
701283654
283140765
812035647
823610754
364150827
306821754
128743605
368740512
123067548
123547806
203486715
425836701
836510274
602184357
103725648
703428651
345120876
134862705
106837524
142375806
123865407
126430875
801473265
104852736
823064715
128034675
632048175
204871365
123078654
831275406
482016753
561820743
814062375
103865724
203186754
107652843
142035768
738015246
521034867
516073482
834015276
386140725
145086327
832674105
451382706
642035817
463028157
103875642
102835476
162834705
871243605
162830754
483072165
803214765
341082765
721384605
783640215
263085417
314627805
148652703
813475206
704183652
821064375
801253746
302845617
816470532
103874625
283160754
374180652
812560473
203167854
123640875
283064175
125840736
813260475
472065183
142083765
102384765
134862705
234065187
806312754
265130874
843250176
204365817
841073625
863120547
507632184
102345876
246815307
346572801
801632754
385042176
123045876
183024675
162083754
134520678
812045736
405267813
142375806
203164587
351820674
801453762
123856704
416380752
813760524
283470165
802714653
543620187
104835726
305782416
102653847
203174685
408361752
128763504
803245617
268530174
246013875
814735206
123850746
128543706
104835726
216830754
485072361
324058176
682130754
712053648
123084765
128730564
802617453
314786205
234618507
103824765
785310426
134280756
136540827
134780652
204736518
235871406
123067485
607182543
128053746
102453876
123074685
136024875
678213504
823065417
482576103
216834705
123650847
814032765
542170863
841023765
146573802
413875602
123086754
835712604
815032746
716052483
481275306
812670453
812630754
461578203
203678514
123784605
142730685
314065287
231580764
234185706
102674835
102873645
834215706
123065784
781230465
364072185
162043857
835210674
384162705
814035726
152073486
123076584
273180465
715062438
283715406
236714805
632017854
364270158
234180765
136847205
746831205
234016758
813724605
812754603
532047186
806235741
581063274
102578643
108634527
108623754
123670854
408712653
813470652
613758204
134620875
602173584
142860753
783210645
103624875
134650827
781450632
238710645
234187605
812650743
405326718
836721504
134862705
134650827
286034715
812740653
162853704
123786504
845612703
304156872
134672805
782154603
864275103
703182465
314268705
705136824
781054362
145083726
813074625
123864705
374610852
816450372
354861207
841062735
314520768
273640158
408132765
345160827
402385176
813264705
263174805
862170354
134057268
815320746
123075486
423571806
203165847
342810756
308425617
813026754
286015473
384162705
813056274
123856704
873215406
123540867
182650473
382051746
402876315
647028153
234018765
263085741
682713504
816345702
287036154
354126708
384125706
481032765
123075486
731048526
283014765
163024785
142730685
823054176
125863704
804735612
834025716
234718605
134856702
462385107
628073154
207531864
123670854
804521763
425180736
104736582
172463805
134275806
103725648
102753648
123045687
142670853
523710468
718240653
814073652
348567102
284075361
384120765
128654307
813025746
103824765
263415708
203167854
803215746
263140875
286014375
712483605
713284605
325048167
125630874
103826754
103724685
283674105
174062853
102743685
162475803
408251376
813025746
128536704
384016752
134062875
238054176
673124805
481032765
861043572
418025736
814275306
813240765
781043625
135860724
208761543
263740185
134856702
127043685
164820753
203781654
123674805
135780624
263480751
164082753
862073541
201834765
128043765
143072658
142780653
613754802
123084765
851746203
102846375
814062375
613024875
718024653
783140625
624130758
306182754
482710653
123860754
105843726
103865247
813726504
731852604
581034276
104732685
173450862
136420857
143750826
253086714
172543806
603245871
283160754
813640752
162830754
304275816
712683504
162530874
104832765
172834506
728630145
784320651
413865207
104327568
813726504
583240176
374516802
508712463
813024765
135082746
623017584
614028753
236084517
604278351
314620785
342015786
803216754
102846753
123045876
142067853
142863705
124385706
863745201
123756408
203764185
812075463
213854706
781064532
135820746
304156728
136450872
437021865
803216754
234560817
214680735
485320716
285160743
123847605
713450268
123670854
582013746
674215308
604813275
104632875
801243765
376142805
843150726
104832765
503127864
518264703
708312654
142783605
843125706
236078145
381024765
264031875
684230751
834075126
742683105
173058462
821730654
324156807
142735608
137024685
851023746
671032845
123085746
752048631
735610428
123475806
813025746
234185706
283054167
812456703
364017285
612057483
804265731
128730564
813520647
678510342
813072654
384012765
153860742
805234176
102645837
813475206
134786502
142073685
652173804
642087153
803562174
103254687
234780615
813024765
713425806
304162875
283071546
125780643
163850724
132048765
342016875
237864501
106745328
283016754
265018473
283047165
208346157
841657203
253087164
682074531
403185276
812063547
718436502
502178463
123075648
817543602
142063875
203851746
623184705
182073654
462153708
273640815
681035274
206183574
213674508
412368705
103824765
243865107
142563807
816052743
283016754
613257804
152083746
582361704
138720546
283510764
136072584
706318254
456032871
142063875
108735426
126084753
821753604
152863407
607384215
438062517
134650278
483176502
802361754
248013765
728013465
123675408
384027165
568013274
602184735
142083765
281063754
128740653
612570483
126054873
123860547
748053126
143260758
172634805
135840627
831462705
276430815
261840753
816254703
123084765
831047625
162083754
205746318
356128704
235146807
103825746
256130784
781240563
105842763
142350687
784031625
182074635
582013674
574081632
234710658
803215746
103865247
103724685
471263805
134825706
203415786
135842706
201834765
102843765
478160253
205431786
134085726
103426857
187520643
103725486
142670853
123465708
124730658
103854726
135264807
235016784
126754308
583710264
103654827
147650823
572083146
703214685
152843706
102643875
284031765
583012764
107825436
145230687
123870564
462130875
128350764
104826735
834210765
467153802
384012765
473180625
345081627
142830765
315240768
123784605
104273685
104862753
123078654
123780546
205738641
472013685
253170846
602518374
403217865
127043685
803516427
438162705
634275108
103684725
753021684
152043768
304162875
813025746
213856407
248356107
103624875
168370524
548016327
401732658
153820647
125483706
813472605
263854107
203184765
681053247
162083754
401873562
123860754
283145706
324058176
612430875
461872503
234057186
701832465
236175804
804236751
103624875
102863475
813752604
148530762
162830754
283014765
173024865
803712546
304268175
804312765
283014765
614350827
162783504
271643805
813725406
234176805
123058764
813245706
235460187
813654702
135287604
872530164
814320765
123086754
401362875
302784165
173064285
102853746
305184762
435280716
134865207
802163745
305286174
403125786
102364587
142780536
701643825
273015486
134758602
602153874
206538174
614320875
713254806
803264517
164782503
204835176
103825746
123074685
781063245
134065827
812574306
641730285
834026175
173864502
408132765
263485107
513024786
806352174
263074185
103824765
812746503
401382765
142083765
134862705
154863702
317250846
201483765
162783504
784360152
471562803
146035827
834210765
813240657
152783406
703215648
806231754
152840763
214378605
283751604
428310765
758143602
603815274
782041635
147082365
134580762
201348765
153840726
803264175
123064875
128740653
713620854
518042736
263045187
234150867
243065817
306254187
123475806
712430685
102463857
123780465
814356702
163784502
836014275
406132875
472130685
243016857
234016875
183760254
102843765
741680523
815320746
152034867
813064275
107324865
851042673
268153704
283014765
204718653
802714653
203615874
524710386
713284605
142860753
143768502
451028736
283475106
502473816
716835204
134782605
104836752
123084765
138270564
782460153
123065784
234168705
305167824
263150478
401826753
812753406
832057614
347210685
145783206
134780265
603178452
123784605
104862753
412683705
537180462
782650314
804231765
123586407
268713504
482015736
425173806
832514706
203184765
813025746
287340165
