178043625
165023784
152843706
123856704
205843617
801673254
274053168
613270854
123064875
783015642
702813654
203674158
814032765
103724685
306145872
203156748
134720685
102863475
713024685
612043875
813072654
125078436
385126704
234015867
173680542
102457863
136082754
182073654
627153804
803214765
834026751
143085276
123068745
145238706
268153704
103758642
345120768
807631425
348720651
283164705
153840726
812730564
813026754
841720653
201875643
123845706
248713605
712635804
305146827
813026754
482156703
182730654
134780652
123475806
851623704
123084765
237160854
234867105
142750386
437120685
203186754
781042536
103824765
628140753
102753486
123650847
134862705
137620854
763182504
812743605
106782435
263850741
142065378
342718605
153870246
261078453
273610548
103824765
613245807
501683274
835240176
123760458
253816704
123760584
813725406
701452638
813046725
301784625
402178536
126473805
207143685
658120743
145830726
142863705
283054716
123760584
723610584
182045763
123470865
123084765
438120765
103826754
736214508
134720685
738061524
604312875
148732605
134078652
738061524
134750628
147630852
152083746
283164705
263150847
104832765
203184765
748210635
713042658
813264705
236740815
123856704
235486107
154782306
135042876
384015726
713024685
283160754
206135874
123657804
104732685
815460732
123086754
346180752
203684751
356184702
713028654
263145807
803214765
805431762
503826174
126740583
235140876
413025768
468520173
841730625
742310685
812043765
102743685
374612805
123780654
835041276
806723514
374625801
148075623
234180765
103726584
203745861
134756208
813024765
304285176
173082654
134862705
421063875
673012548
107843625
871032654
813024765
235148706
102843765
821034765
142083765
345270168
283140765
802613475
283164705
304185672
834015762
203185746
375280164
123860754
103728654
123045876
783152604
301745286
723081465
123640758
248130657
142835706
234180765
203184765
271083654
135826704
804312765
364075128
203164758
813260754
813025746
384156702
281750463
103824765
123740685
234078615
123580764
152830746
803264175
106728534
482067153
263045187
142063875
813674205
134860275
201783645
801243765
482156703
123840765
123570846
123670854
402183765
142083765
162083754
123856704
342680175
813250746
123680574
283140765
142830765
841720653
402183765
416082753
413027865
235186704
126870543
374012685
816054732
134025876
813024765
103876524
182750643
124387605
123045768
583016274
104732685
234180765
304157682
123470865
135287604
402183765
324081765
103854726
142863705
283756401
245713806
152637804
135720486
213045786
314260875
162830754
261470853
104836752
834710625
123087564
713285406
283156704
304185726
142863705
613074285
812035476
801462753
623470185
123864705
145327806
163840275
813750426
812750634
203184765
601523874
813072654
134062875
346180752
342165807
712680543
361852704
103864275
213754608
104783625
812653704
813024765
234068175
284315706
702163854
123045768
217630854
813764502
802731654
134078652
134820765
104832765
602713854
345012876
812740653
123845706
234680175
243015876
638014725
203176584
402183765
805231746
421830765
851023746
281530746
103725648
713026584
582130746
123864705
513026874
301854276
123867504
308164752
283740615
203586174
234160875
145386207
123760458
145276308
234087165
384120765
123864705
421835706
802713645
324185607
283014765
813260754
203184765
415326807
801723654
134820765
103624875
125034876
861034752
123580476
613580724
273085146
102743568
413025876
723160854
601872543
813045276
234157806
235174806
234168705
713045268
123047658
834261705
102843765
123086754
142860753
273618504
123780654
431082756
283714605
502143768
813025746
361248705
283714605
423180765
723680415
483250716
458120736
304218765
812650743
851043276
142783605
142835706
834210765
482710365
813024765
812754603
813052764
123785406
308172654
281043765
813075642
132065874
234078615
138072654
813560274
381472605
162834705
132084675
801632754
847230615
134825706
123845706
273618504
384150726
235460187
234168705
173840625
813264705
103527846
142835706
864025317
803714625
123760584
134856702
816352704
125840736
602173584
134782605
836051274
283564107
123640875
124853706
145273806
241053876
841730625
341025876
123084765
801534762
134062875
104652837
821073654
123086754
123456807
105843726
813724605
182034765
283674105
813026754
243165708
123750648
628043175
263014875
104732685
326174805
104832765
305468217
308175642
812043765
134620875
304876215
864235701
235170648
506384217
872041653
136850742
123780654
284053176
813064275
803245176
182745603
263170854
162078543
104835726
134768205
748130625
514723608
203186754
142083765
283150746
134026857
704681523
813240765
356012874
813024765
423018765
283016754
163784502
234680175
125074863
123856704
103624875
283076514
834215706
132780564
306215874
123750648
807243615
136782504
123658407
253160748
261073854
431725806
703821654
162830754
123084765
152643807
374028156
102653847
142860753
103482765
813024765
812730564
803215746
163084275
301264758
136852704
134670852
234678105
713064825
234016875
126074583
104732685
801652743
208613574
124038765
364017852
135842706
248350176
136824705
283714605
273018654
804135276
724053618
204138765
803216754
123587604
613074852
103425687
182730546
123860754
783064215
162853704
813074625
863024751
104652837
823745106
273015648
123785406
701382456
213678405
162853704
213074865
821560743
236180754
123674805
348215706
162853704
714638502
367245108
813745602
208763514
134025876
102657834
345120876
106834725
142076583
283074615
623154807
204138765
301874652
283150746
853240167
123857406
803216754
134670852
203186754
308125746
123540867
162730584
102384765
315240768
273140685
102683574
406281753
621830547
142570683
248713605
342085176
174652803
542867301
451768203
213764805
208531746
142083765
714320685
861423705
782130645
208643175
482130765
812043765
782065314
603714285
712083654
637124508
234718605
385016724
803214765
123074685
781023654
236058174
123456807
127640853
713640825
402683175
384012765
481732605
142835706
612784503
834210765
513028764
123084657
304276185
803426175
283045176
123064875
235187406
203184765
135820746
136825407
263170548
812056473
142735608
704825136
134750628
123460857
812635407
451260837
203184765
812730645
613850427
425081376
861530274
438120765
283017564
402183765
402167853
713025486
713064825
137652804
283074615
812730456
147063285
603217854
701248653
123758604
835721406
812043576
824061573
713025648
701682543
123560487
263170854
107632854
803216754
134862705
105732486
402183765
152860734
634750182
128653704
405231876
162830754
621340875
123084765
712068543
345120768
134270865
781036254
178420653
834056271
425083716
346182705
123864705
123084765
213480765
125846703
104672538
123785406
283164705
243170865
836014527
702145836
201673584
124380765
201738654
281670453
716582403
123460857
802741635
812543706
283140765
671830245
248163705
861253704
134620875
203184765
703184625
234180765
713240685
701384652
712048365
314065287
748013625
453120876
123645807
813560274
164572803
478021653
423650187
601843725
102648573
153720684
103824765
145083726
841720653
253160874
204136875
246130758
506184732
234160875
821670543
423086157
103425876
843275106
234167508
802715634
152843706
235016847
235148706
834210765
235014768
206143875
145273806
123086754
213480765
102783465
831724506
104832765
134082765
103678254
801452673
103758264
263174805
603254178
203184765
283740615
263570184
104738652
142673805
234075168
152068743
783250146
123084765
123547806
671482305
403628175
137024685
812740365
835016274
234610785
123645807
812530674
103564872
243016857
182075436
237180645
721350648
236810745
307182645
861570243
304627185
102473865
703821654
863014572
134657802
103758264
803214765
658270143
714382605
483260175
812430765
825410736
813265407
234085761
203165847
841673205
841235706
138725406
613780254
421863705
813256704
123084765
246013875
123860754
123540867
425180736
208713654
713645802
348160725
123075486
783016524
283014765
632140875
103625847
402163875
803615247
726038145
821650473
861752304
812063754
812073645
164850732
248735601
152740683
234180765
182073654
804315726
803264175
236158704
482156703
714358602
283150746
713025486
123450876
801245736
386012754
136845702
403672851
385016724
861043725
813670542
236150748
423076185
613074285
483150762
123064875
283714605
123475806
813450276
308412765
813724605
682573104
174850623
102874653
801354726
123760584
234160758
813467205
612530478
603278154
123456807
273064815
102863754
104835726
315024876
482156703
863274105
123860754
125374806
103627854
813740625
784035612
314850627
426310875
368210754
263850417
102436875
813240765
134750628
283056174
123758604
103726458
173084625
134860752
143870265
203146785
203184765
103784265
403825176
104732685
203586174
805423176
831420765
835241706
783014625
123850746
253816704
134820765
302816754
813052764
721063854
314728605
135870264
273014685
235186704
103726584
508163274
172653804
803214765
634270185
134078652
203186754
263140875
283164705
502614837
275013846
304172685
423086157
102853746
123865407
123740685
413250876
142863705
602513847
135260748
812035764
364172805
203174685
601387452
781230546
142673805
182750643
628135704
102673854
712430685
234180657
708312654
613528704
214375806
123075648
623410875
136078542
837026415
401683725
142063875
235148706
123750648
823165704
813240765
342180765
413085726
634872105
384270516
673015842
713240685
152084763
102783465
412683705
206143875
104635827
102843765
123064875
263145807
421835706
162853704
802465137
234718605
203168745
325860147
801742653
136720584
703261854
863124705
123750648
134062875
137462805
273140685
814362705
142856703
134672805
213850764
841752603
142035687
425718306
803215746
801743625
234751608
203145876
702418653
273640815
374025168
208713654
134862705
214083765
106843275
842310765
236014857
103825746
246130875
142083765
325140786
302415876
204137685
835241706
802613754
102763845
134672805
248163705
123864705
485031276
103825746
813024765
103726584
102753648
128430765
715483206
781062543
134675208
815436702
