123045876
253470186
847653201
406835217
713042865
712480653
632780541
506237418
285716403
812430765
715860243
135460827
123085746
834715602
261840753
106852437
681032754
106452738
713450826
384560172
318724506
123045687
714253608
623710548
105472863
125840736
748013625
452067138
134025687
142670853
583712604
502173486
341750862
102856473
306825741
803724651
802753146
267041583
145738602
215340786
854360172
364280175
425013687
213460875
134720685
581672403
851742306
205178364
238170654
812743605
748361205
104732685
104732685
308642715
602843175
803425716
826410753
152063847
604325187
712863405
815723604
183027654
102386754
712358406
384071265
104836527
102435786
421083765
684071253
731640852
806512374
305167482
183074652
415783602
817253604
813074562
258013746
103824576
146032758
673210584
783045621
204738615
214085736
143076528
234170568
612473805
762835104
164053782
172345608
801732645
723140865
801372465
234160758
374081625
107632548
123657804
543120867
701658432
152073486
123086754
253170846
235718406
127860453
713245608
814065327
201853476
813452706
134268507
862435107
153074286
168734205
723850641
403815726
104875623
206817453
506832174
756138204
208734165
123657804
781523406
103256784
472350168
275018436
231680574
324075186
385174206
713028654
234185706
825067341
781520346
134826507
248375106
321857604
204358176
842071635
152064873
634058217
403628175
836210547
257410863
457023861
475230168
804721653
853260741
435261708
234180765
126035748
164720358
816075243
234710658
123478605
834276105
814753602
302146875
234860715
102863754
123450768
836250174
124056783
235467108
781520463
548023176
728045631
843065127
734280651
861723504
835420716
145820763
134620875
123045768
502381476
307256184
608721345
416057832
712830654
702143658
703241865
128043765
213785604
203184765
683047215
241085763
142053786
813546702
306172458
834065217
283450176
851043276
302568174
134780652
608745213
813524706
206143875
836014752
356710248
204637815
301642875
601743285
814035726
315648207
134852607
645213807
803241756
721034685
102853746
356240187
573642108
807325164
824657103
731045862
284753601
836025174
573684102
208165743
103826754
842036175
524710386
314027685
263170485
203714658
125634807
751243608
725613408
142635807
834610275
145836702
102864735
245730816
103724685
234067158
386120754
612083574
342017685
142068573
213054876
342187605
217845306
374620815
852713604
312087645
301657248
863012754
852713604
781654203
584172603
806352174
236180547
268150743
742610583
518270364
871630254
712056384
356170842
274035186
473028165
603187254
803716524
102743685
802413765
825034716
185730426
105462837
142067385
143076852
286350174
234180765
123740685
713048625
521460783
872045631
813075426
681354207
812047563
142673805
573468102
861035724
783056421
374015862
102835476
205746183
841270563
135046827
352170486
258473106
805367241
275380614
783061425
103872654
185640327
613458702
513062784
578126403
702564138
273145608
803524176
834750612
423017685
108743265
134026578
718462503
835412706
785423106
123840765
208456137
102783654
281463705
207163458
513026874
153824706
482370165
145830726
173084625
203184765
134257608
413820765
487361205
205418736
283071546
234670158
125640783
136025784
645173802
286740513
213865704
283015746
423160875
415630287
614380725
624715803
701642853
803612745
283014765
184620573
235186704
325140867
681042735
102345768
142035687
401673852
273510468
806412735
507421368
512743806
306258174
208156734
712584603
135087642
123845706
182036754
283560741
273160845
806743215
725081364
245763108
584031726
703815246
483120756
785061432
701532864
134082765
345180726
825416703
421075386
406851372
374018652
283571406
483015276
325140786
835740216
851043762
263817504
103724685
124573806
821036754
263014875
183074265
102684375
134250687
823610475
806273154
861054237
738024156
521680437
127653408
243015876
102546738
146072385
283164705
614035827
325760841
205436871
438160752
102863475
283160754
714025836
813046725
263780154
824710653
462130875
628043175
734018625
804326157
142067385
871254603
234170685
841267503
834150276
283715406
673084521
283016754
283057146
203851674
468023175
103624875
231086754
851243706
603814572
602134875
102753486
132075846
421560873
841672503
123786504
714852603
468135702
701632584
304275816
364271508
701645832
413025768
872430615
734082615
203187645
412053876
273140685
483167205
237056184
842765301
207618345
304257186
714638502
261543807
637024581
236547108
235671804
845123607
135870426
812640735
872546103
145026837
123750648
801542637
483015276
812730564
813072546
204386751
701532648
425813706
106523478
831042657
812743605
371286504
342185706
234176805
137652804
704183652
248563107
134825706
371820645
528461703
538164702
135268704
735021486
142673805
107853426
356041287
806231754
103624875
461083275
852736104
123856704
231780654
476132508
103728546
415067823
306182754
412576308
356172804
238154706
186370254
347028651
841723605
526037148
104326875
238675104
365170824
873024615
102863754
274865103
317045862
823160745
814032765
732610854
206173854
245063187
601824735
613024758
627081354
238046175
804253617
143752608
173645208
602743815
123786504
134850726
803654217
236780514
162087534
863074521
168032754
731640852
643812705
104328657
142673805
702418653
105743628
843710526
283710654
402175386
286175403
268053174
307412685
834261705
813054726
142730685
538647201
152670483
273480615
385214706
136570842
345810276
823014675
153740628
104258763
304167852
307542816
135476208
348720651
534120687
814360752
385164702
786531204
645270318
683174205
641825307
573268401
834720651
413270658
614520837
513240678
703218654
824713605
813724605
401352786
378152604
614870532
637021854
781230465
203867451
842370615
103524786
825034671
235780416
801743625
201435876
265341807
472180653
345710682
475036128
123084765
804765321
203184765
802641537
104736582
823057164
741635802
701652483
137254806
135084762
253861407
713820564
137860542
134850726
123084765
346781205
843162705
803216754
124036758
182450763
583064271
813075426
143085276
203184765
138026754
231680745
127043685
704531862
542173806
847210653
345018726
823714506
513078624
642180753
263154708
583074621
268734501
261784503
102685347
408132765
318425706
102738645
824073615
345786201
103862457
813260754
612078345
142638705
847325106
102537486
308416752
403287615
601823475
317025846
358140726
602731584
405173862
156840732
673028154
213840567
537062418
203784615
856214307
813264705
285630174
674028513
382415706
207583164
463082751
843752106
613574208
273640815
134057682
674310825
205134876
845132706
701648235
453217806
134075628
123670854
861073452
125374806
235670418
203684175
814062375
456830712
106835742
345261807
603215847
783250614
106538472
142850736
482015736
501273684
103628574
247836501
813760524
283517604
142735608
203156874
345120768
584310726
264538701
384762501
265813704
325078146
102473865
234018765
105863742
136520874
542013768
816520743
153640827
168752403
647510382
341628705
264130857
824751603
153086742
504367128
134865207
853024167
243058176
234078615
458712306
123864705
234017685
703621584
264057138
273015486
341082765
816324705
874610253
142650837
234015786
276810543
213048765
482130765
804763512
385164702
132680754
134820765
123670854
341052867
815043726
803214765
142657803
634021875
213045786
814760532
201576384
364082715
134870625
813026754
863240175
203461857
812746503
864132705
123745608
362571408
283056174
173285604
172348506
813024657
208314576
103726584
203176584
512780643
872134605
302816475
142063875
678032154
347062851
803724165
234165807
541372806
203864715
846710532
731482605
152780463
652173804
248056173
376140285
861052734
825416703
142370586
784120563
841730625
612574803
408561237
325016487
784012635
814320765
403152876
124738605
801573246
342160875
354820761
713564802
804372615
813745602
182634507
706143285
683742501
603124578
814760325
164830725
104763528
586037412
438120765
803214765
136780542
347816502
124376805
273016584
604138752
103742586
864210375
137062854
142063875
103624875
651243807
617584203
842750361
324018756
718054632
237064185
642015873
761320854
138654702
263157804
812043765
142860753
234576108
685032174
483260751
134780652
205436187
184720653
735048621
137520468
372045618
285347601
481053276
713540862
304152786
258730164
135678204
136782504
814325706
302147685
184365702
286013745
713284605
614275803
176384502
106473852
134867502
103246875
703245168
204135786
413826507
802615743
231560487
427015683
421083765
125830764
386041275
273845106
105237846
781054236
456827301
107852463
123074685
803465217
406721853
421860537
782510643
182760453
203164875
103246875
803615724
148723506
106283475
102863754
103826754
207413658
831072456
235617408
203147865
704213865
153480762
724638105
857043126
612583704
356017284
147035862
203184765
508614732
712586304
145076238
542816307
813460257
234150678
283150746
164720583
813725406
371680524
263054781
873214605
207563814
812657403
104327856
417682305
283714605
385264107
346021758
328164705
856472301
162438507
841675302
863740152
761324805
834012756
103627854
701486523
503216874
516840723
861035724
713840652
623018754
827043165
503287416
156820743
813260754
238615407
182035746
824015736
237614508
248051376
162743805
285630174
156043827
123784605
813720546
871023564
402175638
813250746
176283504
842613705
581023647
863274105
458213706
234058167
153846702
384750216
453270168
427015836
253174608
513480267
283014765
832074615
135672408
106852743
234160875
345160827
614385702
483027615
135420876
706423185
203751648
368140752
174085236
123650478
783140562
813056274
384156702
723460815
102534687
472683501
801542637
102437685
102364758
125084736
523680147
247051683
856340712
314026758
254810376
152043768
425173806
172586403
714085326
714325608
234185706
301624785
123750486
204138765
125870463
103824765
704153862
785310642
374610285
614032875
283147605
103724685
184032675
235018746
263017854
356184702
506382714
103658724
572063418
461035827
851072463
102754683
501248763
831740652
123085746
813260754
123745608
