086547213
135862470
712638450
367201584
012753648
214608735
435208167
187205346
413806275
250164837
462135087
263814075
723851640
830157264
185204637
718256034
180724365
816407253
385647021
026135874
630825471
752634081
743621058
253481670
632187450
482137065
163702854
810723546
086241735
370625184
587132640
045687132
210485736
086752143
012687543
576102483
250864173
042683175
810723654
748603521
165832740
740856132
248701653
534821067
273806541
126537840
360481275
127483065
518702463
472803165
125647830
027348615
153246870
753126480
682314057
324176580
324165078
250164837
825604317
150742683
482106753
163804752
785104326
723564180
230681574
174305682
123705486
813204657
583462170
541702638
651304782
053821764
625304178
435601782
084163527
387401625
172304685
137485062
178526034
165872430
187642350
156382074
571204863
183467052
356107284
041382576
870365214
015837426
853127460
145827630
076814325
270835416
048637215
730254861
371485062
840217653
210685374
714806523
251876034
256438071
682407513
157638240
341782650
253417068
134862750
547308162
260543781
850412763
782104365
317268054
234108765
560348712
125803476
263854017
023514876
071328654
170532468
138256074
140726385
567403128
153204876
782561034
470521386
628571340
261503847
741356082
750182643
745126038
813254067
085743126
783206415
230761458
071385624
215346078
531786042
780312654
648215370
736201458
650284173
037526814
816725034
270814653
240315687
213567840
136708542
754301268
360417528
820763154
261407853
530721846
134752860
538106724
251384670
861205743
368201754
420135687
087216453
617204538
420165837
126804753
476201835
561234870
083714256
134856720
851376024
043615827
746823015
532708461
680534271
072418653
836472150
538746012
076342518
351728064
134806752
248503671
234185076
548706231
815206374
370586241
316754280
481306275
042138675
568704132
283547016
723601584
537624018
037216854
730185426
267138045
785621034
476258130
047385621
310726485
160873542
483521076
028375164
145732086
083412675
635718240
832705416
754803126
074186325
317465082
817432056
654301728
321405678
056734182
051342876
172583640
458721630
750621483
278163540
248106753
873521046
620134875
280153746
271304865
187362450
245368170
573108426
352167840
783415026
412638570
473102865
857403261
127604385
852146073
438201567
041368257
637241058
482103657
541832076
513706284
185672034
732461085
482713065
123564870
178532064
853764210
850214736
712643850
721384650
056721834
235146870
624307581
213578064
627843015
342715086
125473680
178642053
157423068
842561370
351876420
681325047
426573081
854172036
126704835
381247650
083274561
640513287
036427815
234176850
218453760
183602475
328154670
840725163
854267013
031258764
745206813
086724531
378154260
856102473
230765148
152768430
348507621
261843750
681237450
026578314
048276513
048257613
185426730
415872063
458361027
123504867
342706851
516208437
057361428
321476085
842103675
620547813
720186543
814327650
642103785
173506428
026417835
230184576
083152467
734501286
816527430
850467321
756308412
038761245
032186457
863702514
638105742
875603124
823604157
381705642
285601734
573684012
236507481
481507326
273508416
071462358
237581046
035861472
648201375
134675280
450627318
067354812
285701436
150826437
582706143
672435180
370852164
085371462
820143675
612504387
123784065
813607542
236184075
063815742
026184375
325841076
570314862
148203675
846523170
031278654
085614372
012476853
834205716
261703548
083754612
641802537
160543287
768153420
273465180
573612840
268175034
512807463
142635087
457301286
642803517
584761032
574126380
862471530
716803245
413708652
037216548
120874536
630182574
254106783
764203185
132807654
163487025
153284067
156803472
041687523
035162784
325687410
752603148
175846320
130546782
348102675
165432870
042783615
672803154
471835620
763541082
684531027
032154876
482106753
523178064
248375016
587306421
852461073
516408273
182705643
063124785
248315670
710563824
253614078
437182650
712403568
830547612
610387524
723805416
254386017
320856174
451703286
873604125
281457360
763285140
674508231
153874620
271643850
261573480
352186074
372861450
041782563
546702183
521403687
438205617
830261574
710483256
457681032
075236184
325476180
345206187
160432857
125703846
240386751
367408512
832671540
137206584
826105374
743806152
046128537
841203576
467805321
031672485
130254876
856702143
083176254
164235087
186732450
164853270
728645031
374801562
048726153
423607158
130728546
617308452
312476580
281374065
147683250
815304762
132604578
267843510
251486370
215603784
367524018
126758430
651478023
670283415
672104538
037825461
026134785
867214350
435102678
326508714
541803762
023648157
156842073
624537081
428137560
263104875
162504378
145362087
138604752
357162048
841507623
834107526
720614853
736802514
731205684
053871462
620314857
263745180
046218735
450623178
037285641
786102453
852304761
123604875
748231065
185267034
451207386
410573682
014863725
217548630
724306518
713465280
216573840
314586720
740182635
128604573
421785036
120764538
130456872
754802163
843205761
843705621
328674015
850263174
253874160
237168054
627805413
647235018
025146387
281763054
276841053
856701342
682701354
283467015
431608752
435701862
610784235
326708154
485201673
081326475
836127045
032751684
154702638
736142058
483257160
257304186
271465083
751308426
367158042
063218574
854721036
435261780
485231076
847613052
520476831
318574026
560823714
315847026
273568014
712806345
273806154
130645872
431827560
826417053
038271456
083426751
852763410
513608742
417502836
081725436
125807463
725401863
671234850
051682734
132467058
240831567
140768325
764803521
850213647
163402875
174263580
076382415
247601385
234805617
671402538
483715062
413256870
371502684
028743561
731206485
085231746
684702135
671804325
415682730
130826475
053164827
061532784
256147380
036854217
167324058
275406138
784621530
026134857
835706124
432107865
530847216
826107534
786214350
078214653
362701548
657428130
280617543
623758041
173846025
236708514
034685271
317526480
861572043
018427356
140783562
124758036
342501876
210843567
387604251
514607832
761583042
526378014
438621750
215403687
351427068
246573180
582403176
214673850
051862743
163874025
321657048
057481263
830417265
250613784
734605128
648351027
142367850
476203185
184206753
420185736
243715680
740516832
167803452
567348210
243156087
132408765
812304756
730215486
384701265
034172568
281706543
625301874
280413756
246107853
153208746
450831672
613854270
075213468
840751326
437508162
620574318
354108762
652174380
730618524
347162085
071864235
052478613
420167538
271456380
541867230
084326157
721504386
143508267
071482536
714532068
781654230
320516874
724653018
283165470
814702635
356418072
843607215
235806174
082673451
683542017
546308271
135802467
057368124
730864125
064275318
324658170
867403152
417502368
456708231
761203458
263107854
081234756
738612045
375268014
146872053
184572360
480521673
834206751
258173640
054218367
681743052
358704216
153806742
621384570
375268140
157634820
276503184
510278364
753418062
234678150
047851263
156702483
742138065
341765082
165704283
465132780
234805176
328607154
524106387
013528764
872146035
583701642
548376120
163852047
460523871
128605437
160874523
081362574
126304785
240385167
645703182
085314627
250187634
250816473
146375280
028413567
538472016
740351826
723615084
834201765
134862075
732514068
824175063
851706432
765428013
123475086
430186725
230768415
823714056
546807312
780412356
562784013
218453076
184735062
358406721
134562087
210358467
247803516
612405378
026145783
178405263
475136028
123507684
683254017
025184367
462385170
583476012
024387156
287601543
856134270
123807456
120873645
157846023
540821673
831504762
064537281
487612053
073486125
830245176
725806413
281463750
672458130
082714365
764213580
056742831
047316852
781523460
234861057
034185726
137486025
356102748
230164587
368702415
681752430
640827351
715408263
487602513
731204658
451703286
256781340
761285043
031764285
142786530
046512387
324875061
562104387
643208175
134856720
152483670
842705361
052873146
735146280
236107584
751423860
125786430
726408531
140623857
356821047
568304127
671802543
830254167
763204815
315207648
647832150
053428176
784125063
426105873
120837546
873501264
375104268
283164750
623804751
427605381
462107853
670543281
320174658
017328564
823701564
182763450
310852674
862403175
678401253
015843672
753428160
234601578
450176823
384106752
710348256
436801275
720683154
042187563
142758063
480216753
320867415
823654017
130574682
780153264
146807325
381726054
142586037
065738421
758402361
752184036
043758216
723106854
213857640
682103547
678104352
750413628
245186370
082415673
815206437
725803461
570321864
750284613
514782063
460217853
183725640
126403587
867203514
430867152
380714652
483162057
036154827
780546132
374105628
527164830
280153746
631824057
065842173
240583761
086427513
863504271
135276084
074325168
325817460
854702361
153806742
451302867
142783650
318274065
170468523
068253174
280134675
415307862
328465071
687534021
783105264
140326587
174203685
872164530
637214850
681704235
356174280
143605728
083146527
130485726
345127068
743128560
825634710
642153870
465137820
023716485
850467132
238601754
140528367
015638427
025786134
130845762
342185760
047516238
347802615
846712053
748631520
786301452
210568437
053214867
376145280
825607413
285764130
358721460
520418763
752301648
746802315
341528067
012834756
512708643
214608573
056342817
526138074
213754680
465213078
312865047
123605478
124785630
087465231
062381574
028571436
750382146
421805736
356284017
213748650
430826571
635208174
834675120
012358647
286534710
123805746
182307564
032176854
268304517
871402635
581402763
184603527
365284710
046128537
826731045
148207653
817526034
285703146
683271045
458162370
416703285
623804175
463702158
062358741
730624518
824135076
863102475
264308715
784562031
857406321
036284175
563102874
518307624
328165470
765341028
751408362
086152734
354712086
263801547
815602473
360472518
862314075
273465180
237805641
086134752
710524638
