283105746
140852736
240138765
813256074
830216754
023164875
381205746
153204876
123786540
842301765
814736052
831425760
230184765
812653740
123784650
012463785
485306217
810243765
013754628
683214075
234165870
834256710
173682054
235174086
283106754
023184765
541802736
283716540
243107865
183526740
613274850
632174850
623705841
642315870
123547086
134205876
814362750
283145076
813726054
523176480
815234760
084712635
035162847
023148756
710264853
146702538
120563748
248163750
183406752
538142076
014732685
218753640
123805746
273184650
614305827
134802765
620153874
135467082
345106827
348105276
482703615
641823750
083751246
045318726
713208654
320184675
012743685
152803746
713245068
348206175
128504763
830215746
831702645
163842750
123704685
130674852
283104765
183604572
123708654
123648750
123864750
834671025
823516740
620537184
063184275
062153874
813702654
813745620
143826075
123806754
123785460
821703654
346271085
813264075
851236740
120743685
142835760
812734056
182753640
834201765
713602485
628407153
452173068
841723065
013872654
281763054
013425768
810243765
012876543
234107856
713204685
810263754
184703625
245103786
142863075
813724065
136402857
283104765
142803765
243108756
384102765
812573640
618723054
572413860
385104762
185472630
023184765
142785036
376201548
162783054
134802765
621307854
123645087
721563480
123804765
024138765
276103854
134725068
364708152
281673045
283164750
614832075
812534670
283106754
260143875
013845276
813206754
623185047
283164075
123708654
830214765
123657840
814732065
534186072
172805463
084231765
140852736
870261543
152603478
710253648
270638541
845103276
230184765
683512074
123785046
374185260
821604375
450316827
360124875
130824765
273104685
283164075
283604175
820415736
130864752
013624875
034268175
123657084
128743065
123674850
074312685
063245187
413805726
283106754
783102654
134705628
123706584
123806754
063421875
613278540
860713254
345801627
423105786
681502743
841703625
834207615
172536084
834175026
283106754
081245736
123845076
083421765
482103765
873624150
135864072
812403765
642103578
163407285
128573640
758213064
140852736
634201875
452631087
123784650
243105876
124735860
812435076
248576013
130824765
840612375
124603857
162873045
781542036
283645170
135406278
120853674
130765284
125804736
832501764
234165870
123856074
013624758
123804765
482305176
123864750
873624015
834615270
516208743
423856170
234816075
023154786
034185726
130425687
481306752
142703685
813245076
163804752
123806754
123864075
821436075
381724650
835206714
123706584
260173854
280143765
136724580
082174635
813704625
125307648
513802746
130854726
851463072
254173086
236108754
782604513
081354726
813745620
324815076
483721650
730618524
128753046
283104765
142863750
248103765
813674025
246135870
260483175
123806754
123784065
714235086
016783524
072183645
083216754
813704625
350874216
712834650
842375610
123806754
723405186
124635078
813204765
813607254
120843765
136854270
034167285
140738265
120743685
138245760
162403857
283714650
281503746
062157843
035267418
230186754
813245076
123845760
023184765
162803754
810723654
013825746
140675832
081743625
342105786
834105627
423165870
123805746
813675420
812763540
536102478
814362750
035172486
136802754
845326170
340821765
136504827
273504618
281657043
034216875
234678150
280153746
613507284
412508736
214357680
038261754
835402716
245103786
123708654
816402735
645308172
023178654
153604827
153206847
283104765
812705634
813624570
240153876
123705648
130856274
123805746
123845760
823401765
314208765
384106752
810724635
127436085
320814765
860234715
835406217
614372850
234165870
123576840
671823540
134506872
123786540
234165087
713628540
782603415
130864752
813206754
612873054
142708653
013824765
860143725
283104765
762153084
340162758
345108726
142803765
140632875
345726180
473162850
064371825
438715260
236108754
142803765
123856740
682134750
246803715
123604875
130825746
813674250
145783260
231758640
130475862
084713652
810324765
035728614
812405736
263814750
037216854
418203765
135864720
835216740
614802735
248135760
287134650
783102654
813204765
472613085
712653048
834715620
816502743
812607534
016732584
273106584
134825760
382715064
142856730
036218754
142803765
142603875
123705486
270853146
134702685
428105763
813704625
023145876
813204765
612843075
813204765
126843750
346205817
812703645
520186734
362785014
234107856
130824765
123756048
834105276
273108654
235407168
014852736
123856740
023185746
813204765
120843765
014832765
012748653
384106752
163472085
128705634
123578046
124865730
036172584
384125076
120853746
813674025
013725648
128456073
123674850
123708654
813745620
642305817
128703645
123804765
283104765
182563074
420513876
137824560
813726054
123708654
843267150
134805726
013624875
713206584
462173085
042183765
276134085
813204765
682703514
164852073
184305276
130624875
123745680
130825746
246173085
812754063
123654780
482576013
413625087
016854732
013825746
134708652
123856074
134856720
813705426
248103765
120843765
712503648
710842635
612837450
713628054
120546873
235478016
164823750
073581462
120873645
530176482
283104765
345128076
128743065
712403685
120364758
126805473
123806754
613204875
083214765
278603154
134672085
147803625
346218750
831462075
134708265
864572031
142863750
142673085
834706215
810243765
142673850
123784065
263174850
812673045
813604275
283716054
283715460
230687154
820413765
120345876
386204175
140832765
152406837
813674250
123708654
814302765
234708615
810723654
413205876
150826374
035214876
812745036
384102765
723465810
028156473
731824650
140873265
123564087
840315726
234185760
851406237
283164075
142786053
342705168
820613475
035286174
052143876
042183765
023175648
712863450
042163875
786123450
812753460
235104876
482135760
820617534
623578014
123864750
130724685
130456287
083264175
714632085
081742653
384125760
123784065
248135760
283164750
214305876
142805736
123405876
136805742
713605428
016832475
134708652
623184750
128305764
024157863
140836752
812653074
263814075
027143685
023761845
130854726
023176584
234185760
612703854
673145820
364805217
245316870
123708654
153704286
823601754
130825746
812536740
840376512
150836724
861743025
136502874
281603475
214367850
154702386
482735610
130526874
142867053
872613540
762801543
345206718
230164758
823406751
273104685
134802765
134856720
813245760
042186753
082713456
673804215
130824765
123804765
234708615
140862753
072143865
812653740
123804765
836251074
830216754
230184765
384125076
152803746
712403685
243105768
273604815
056381274
134605827
045312876
152783460
012846753
142863750
142708653
142783065
184752063
132406758
260541873
712463058
734105268
718632540
140325867
134562087
023186754
340785216
283604175
273158640
234678015
130826754
840231765
123845760
283164750
235146087
012843765
235106784
140372865
083214765
142735068
783204165
263157840
613784025
462135870
023164875
834721065
810263754
814736052
328645170
142803765
128763054
028547136
312845760
283751640
063214875
035182746
130856274
230184765
283405176
235107486
340182765
825403176
130576284
482103765
834506712
352176480
014832765
134805726
142863075
038124765
234168075
036152874
345801276
150832746
263145870
053286714
182703654
350142876
831602475
063274185
283716054
153674028
162784035
813724065
130824765
134802765
123806754
153746280
283145076
034265187
162853074
128703645
270583164
810263754
610374852
247105638
612503847
130824765
023761584
283405176
621304875
283145760
530167284
142835076
123805467
278103645
123607854
123856740
162853074
342816075
123674850
714302685
124805376
061382754
123675048
013854726
241703658
234817560
012863754
134802765
340861275
012853674
123864750
364172850
140832765
283714650
872603514
362184750
123758064
073614825
813674025
762153084
816753240
237485160
410582736
461372085
142803765
130624875
612847053
081243576
582647310
832701654
014328765
152843760
156723048
240136758
230185746
012863754
123806754
280143765
258713046
142703685
148602375
836721540
320814765
815304762
182675430
023174685
713205486
082416753
314705682
068132754
134702685
283164750
283715460
013845276
253804176
123856740
783501624
123475086
013728654
462103875
046132875
481573260
713604825
152703486
012567843
123407865
123804765
642301875
145238760
613824750
283164075
135402876
781304652
123804765
134802765
231804765
410823765
263845710
123804765
123845760
123486075
123784650
260143875
134702685
137864025
024135867
123786540
813726540
834215760
081432765
781403625
134205687
510372486
013824765
813604275
830216754
160738425
813204765
123674850
283705641
123605847
253841076
830215746
820315764
234605718
012743685
034271658
083712654
137602854
013624875
123674850
062183754
740381625
823415760
613804725
815702436
253184760
062184735
234108765
028751463
123704685
813456270
123806754
283104765
315827064
123804765
230671485
083216754
014732685
134805726
234107685
831456720
610853274
812674530
130825746
281674053
062413875
651802473
018463275
148673052
270183654
013286574
352714068
415837062
134708652
236104785
438102765
138502764
612843075
810743625
138702654
413205687
142703685
126403875
130824765
175842063
023175486
615342870
234185760
146832075
028673154
014832765
230185746
230148675
240135786
280613574
123456087
123845760
813724650
134805726
283105746
032168754
152783046
280143765
830264175
872613054
863205147
014235876
083214765
164835072
160852743
813605247
168502743
012846753
231805746
134672085
135842760
015763248
234106875
861723054
281763054
284301765
142705638
840316752
042185736
083216754
082741635
813705264
423105786
481602753
324105876
012864735
672513840
812503674
035142876
130624875
650782431
130726584
013425687
614502837
283156074
013724685
283164750
134725680
134672085
123784065
412503876
438102765
123706584
834715062
136572840
130624875
014782365
082153764
120673854
123406785
235816047
254813760
084235716
130728654
350248176
835406217
280143765
123604875
124735086
134782065
083712654
134802765
135826074
043261875
130824765
283145760
712683540
813625740
123845760
012865743
248135076
034185726
