418502763
586247130
128764035
816307524
564307128
056213847
630157482
240738615
054276138
854307126
814305726
034618275
875362014
154623078
624503817
125378640
483706521
028136745
372684015
758406231
381546072
246807135
851702346
612405837
654312870
120748653
658107342
813205746
357821640
243607851
781245063
840671253
357164820
723508614
136482750
852346170
087561423
861705423
076143285
024617538
873214065
354178260
085732461
836401572
042681357
823705614
376208145
052714863
025741863
154362780
761382450
514623087
761305284
134857260
875234061
753418620
216784035
153602874
652187340
631487025
025734186
046537218
120635874
013584627
681372045
183402765
865127043
024175683
723106548
361704528
782135640
371802645
172308654
561307248
056124378
627304185
564107238
634287015
378452160
584106237
732814056
748503612
176432085
367204851
231705648
813745062
361208745
240671358
237604851
150846732
261408735
176425830
431802675
073184625
756318420
026785431
261405837
860723514
163507482
340187625
581236470
320785614
184302756
385762140
758126340
248706135
156842073
478621530
346805127
586203174
432806175
852134760
081265743
864203571
472508163
721306584
053276184
310265847
632407815
286371045
532804176
478615023
572306148
125308746
830742615
185407632
214803576
620174538
761204538
517803624
264371085
385714620
310274856
271564038
673408125
381706245
540318762
512673084
126784530
241536870
314508726
746213850
120378654
783162450
015834276
236857014
038754216
867523140
813405762
673241850
530764281
073184625
870613452
740281365
382741650
135804276
758612340
863712540
248503167
073164852
780425316
823104675
246507318
871504632
036157842
410675238
054371286
674582310
315768240
584276130
386705124
365201487
032714685
038564217
650382174
835476120
831602475
852647130
065142783
160583742
863512047
810562473
016832475
748235160
325716048
346125078
741368520
671804325
126705843
120483756
067582413
150467238
256801347
360158247
687425031
068514237
548271063
174523068
351802674
320845176
083614527
318207654
254163780
256103847
340681725
523407168
714602835
874102653
045718623
253874160
423675081
058714623
163845270
124683750
083475612
013758264
764832150
783206541
024176853
567341820
014867352
260837154
485376012
851204763
732164580
743816025
250481637
820617453
123806754
125704386
730256481
834201576
813562074
625143870
083271546
451608237
128603475
726135084
014638572
813546720
054862731
741628053
073521864
238765041
083172564
215708463
610837254
430187265
673801542
640125378
142605378
283705641
237401685
412536087
421875063
178302645
314602785
742108356
810274653
750461283
147206538
358462017
740682153
651407238
580714623
215307468
370586124
257184063
234576018
672453810
176204385
263481750
034657281
243601875
380756412
017235648
014283576
014562387
345712680
415276830
561803724
234605187
724685130
136704285
537804162
582103746
264183075
156782430
243715680
814203567
140782653
061457823
328106754
167205843
618375042
315248076
048256731
610247853
483206175
056384172
230654187
627354081
130785246
068132475
354821760
253401768
812406537
674105823
328607415
028143765
685207413
580634721
310287564
261743580
367104258
645207831
136725840
046251738
510623847
456712083
174802635
740251863
082154673
165427830
726185043
054782631
812634075
157462380
720615834
235401786
841235760
614802573
134768250
845301726
216835470
518402673
032685741
273806154
243861075
514702836
381207456
435821760
421805367
724805613
230784615
026853174
741805623
356802714
685124730
147538260
850462731
041237685
847365021
168207435
145372680
412385760
217368450
185306742
041326785
274831056
024185763
812705346
468702513
340685271
182465730
376104852
780354126
685143072
625834017
164302785
734285016
042315786
751204836
452103678
730824615
172845360
041362875
413205768
256308714
182405376
481623075
526437081
320185764
176832054
581426037
084532176
052813647
672513840
653218740
263174850
325804617
526104837
526713480
530126478
723108564
520174836
651843072
865721034
130825674
231708546
412605738
084625713
210456387
186425370
781235046
728306154
071528643
351476028
471302685
286435170
641705382
368107425
273406851
682701435
582407631
126703854
751802364
680137452
814205376
764501382
316872540
831407256
078312654
840123765
518403762
018753462
160258473
035786214
051843762
345217086
280361457
815742630
832615074
314706528
184306257
720681345
054321876
813752064
260831745
820346175
871354260
310764285
134825760
713204685
740315286
078265143
013567824
812463750
263478015
043628175
042783615
162853740
286703154
673802514
250843761
753261480
812374650
186523470
073645218
857102436
564873021
640128573
856103742
781602543
534801762
652401873
826543071
376504182
815706234
835407261
710683452
076358241
420781365
153208467
421673850
560281347
056123874
630812754
142835076
275436180
728403156
213804675
142758063
013524786
628513074
152768043
760528413
041753286
370816452
341275086
527413680
642803517
134572068
710453826
730184256
263807514
657301824
617304582
237408165
067528143
042851673
058326714
267801534
023875461
418236570
547203168
732865410
721348056
048615723
640758321
423107685
140235876
683451027
217408635
324615870
037125864
563107842
723601458
864501732
360457821
672183540
618704325
083754261
415206873
143702586
854206371
120784563
687305412
176304582
812765430
031826574
862504173
248735061
710248653
825701346
134872560
245108763
120763584
125836470
125608347
451632780
518403762
714638520
013542876
024536781
035481726
283106547
021754386
752841036
536748021
741608523
346205781
041362587
837521640
510738264
065134827
015278463
078514632
265107438
540312678
860725341
137608524
486315072
064172358
270458136
843602751
318405726
536108274
528431067
678103425
845102736
815472360
238104675
371864025
630725418
840736215
612705384
130485672
874305621
436502817
680742315
365418027
167435820
756183420
725641038
230586417
156304287
213748650
023651847
670513248
387102564
265873410
657301248
872405163
057684132
214806753
483627150
768241035
471803625
127403685
854763012
620851374
623875410
580236417
316528047
764503281
763205841
781602543
028531746
864105237
124503876
036214785
512683470
234576018
720345861
534687120
072815436
870325416
264107583
124605873
780542163
738405126
051683427
847203561
328451076
130758642
625178340
527401836
328157460
517402386
054368721
053146872
054823761
023861475
360784152
830261745
321405867
873105624
043185627
213804567
253807164
370214586
234157086
385102746
265701483
670425183
741803652
436875120
210873546
786241053
350784126
674501328
240375618
482106753
253408671
053872164
427815360
258107364
156342087
025463178
435801672
514703628
673254081
345862017
174652083
846301275
843106752
136847025
083246571
634518027
583146720
276503841
716203485
236148057
130824765
163705284
278641035
516872430
162708435
048512763
542306187
723108645
043576218
130825746
176804235
268305471
254803167
683102457
834201576
312504867
532806471
738205164
342618057
428703516
386724510
184725036
140836752
267814053
650734128
623158740
032741586
312508764
283614057
361708425
572108463
812635470
031842765
738604512
236174580
375408261
820716435
650387142
453706281
357821064
150346287
385702641
851473260
875603124
735284610
213807465
682437150
681734025
120345768
450712638
354108762
173864520
124603785
160875243
742803561
412805376
415632087
125374086
034856712
764513082
078524613
685702314
742305186
412368075
281754063
150278346
341706825
134582760
130425876
086237145
624305187
670182435
183502674
637208514
843617250
712608354
572483061
034718625
571834260
130846725
461357820
123506874
360127854
152346078
235487610
310275486
785106423
472803165
135864072
354687210
215673480
386204517
150376824
130576842
463751082
210785463
415863072
760283514
642375018
351702486
684351720
683507124
287106345
258713046
352704618
284305167
613847025
873201465
270816543
610278534
028345176
472186530
218306754
241863057
321705846
812605437
073185642
456201873
360287154
187643052
780264135
436502817
823104756
740238165
741208365
820173654
435802176
235674180
045187236
218704635
325701648
563842170
324681057
154372086
541632087
062718534
350742186
348502176
431526870
472315086
084526731
461302875
658721340
412706385
048275631
281743065
286501374
460185372
135286047
782315460
045237186
730826514
845706132
360125847
835162740
124865730
621708354
036148527
473182560
164205378
871205634
417503628
432601875
345861720
730625481
025386147
634802175
263471580
851346072
862703415
341867052
185634072
710463285
418603275
860417253
810743256
430178256
342185076
138702654
023416587
841706523
724385061
423758016
581467032
875621043
863507421
764813025
038472615
163802745
230147658
640872531
184625073
650317248
034782156
260173485
023678514
534702186
360217584
018375624
140675328
081365724
081673254
140637285
413625870
628705314
278514036
328605714
851702463
081732645
827601345
540172863
648102357
462503781
510362847
720456813
214863750
234167580
860517342
240651738
816504273
564307281
360521487
654873120
853706214
630258714
074623158
276518340
483102756
154802673
435608172
125634870
217463085
123785460
347516280
142703568
740516283
643208517
153402867
824305761
721586430
348715620
237186045
074128536
163704258
372845610
642813570
168705432
365142087
210534786
642508317
284651730
125307864
013674852
260178534
472603581
783204165
150368247
730246518
082135746
436127058
375286410
857201463
264105738
354708612
471602358
825603714
120865743
068143752
745302816
217803645
420156387
456832071
320714685
420375168
760425813
083156724
056142387
370824165
213456780
240856317
075342168
467802153
730621845
028175346
683105724
580246713
258634071
370182645
280675431
813204657
641503782
810623574
647382510
132746058
862314750
826503174
581402763
657421380
051748362
831406275
678403215
537246018
086742513
645128037
680235147
640173528
835607214
160325874
035142768
135702648
081743562
036857124
023684175
745102638
026481357
571208364
240587163
213504687
067348251
143728065
081753264
134657082
867401532
784306521
623701485
374805261
