516782034
370142865
643578021
851264730
813645270
324158760
418235760
014827653
165872043
750128634
174635082
430156278
682104735
317824065
830621754
720845163
713854062
874205136
172534680
263708415
836125740
681273540
142708653
214635087
120837465
134702685
140728635
248103765
234105786
240135867
072543816
073815246
841735620
861703452
230185746
783124065
374852061
125873460
843105267
782513640
348572160
038124765
270164385
283714065
532816074
564803271
738501264
650247831
264503718
152783046
120784635
810573624
127605834
710432856
264137085
610724385
813264750
418732056
418752630
136702584
134802765
136702584
157402683
085142736
328106475
023874651
068321754
036187524
872503416
253106748
813705426
234108657
132607845
013526874
263807514
067328154
182643075
068132754
274853016
831702456
320146875
273108465
142305876
831724056
078231654
842603715
150842763
148732650
240731865
130824765
123805746
625183074
083271546
160852374
324105768
086543271
213876054
134706258
482715036
064178532
120834756
283105746
631854720
142507683
043125786
184603275
132604857
234805761
125863074
260578143
283106754
354817026
342586710
063821574
047683215
541728063
083214765
374108526
218703654
231506487
068213475
283605147
827431650
236705418
123845760
254138076
781623540
120843657
815473062
273508641
025634178
321706548
186324570
820671354
351206874
238764150
150432876
380241765
230164875
354826170
628431075
084376512
436708215
142863075
023186754
283105746
716203854
374105628
723805416
024136758
074215836
027148653
813704625
021435876
830612745
027831546
786532041
827165430
213674058
143752068
370154628
813674025
435801672
280143765
034217856
852436710
253168740
485701326
610427835
034581762
712405638
235786410
036851274
810763524
136524087
123705648
760143852
813705642
750413628
128653074
623108754
813726540
163425870
135826074
157602384
038216745
076341258
832715460
431582670
612503784
013624875
328164750
681473025
625407813
123465078
634805127
324815076
530276184
012758634
713542086
650438712
543278610
052183746
625801734
314275680
830216754
041253876
241368750
273864015
270538146
387542016
083146752
412805763
138204765
538106472
738206514
215306487
230175486
243178650
423175680
786401253
460832715
164572083
350261748
813546720
014675832
240135786
258143760
320185476
134625870
425186730
621854037
842503176
034561728
135728064
813604275
012873456
123508764
843256170
613824750
120783654
160782543
082513746
063471285
183704652
370412568
023715846
314265870
016732458
682531074
253701864
316205874
230165847
120763458
820761453
841725360
238174650
572648013
832704615
874512360
835617240
134256870
162803754
078543612
631402875
164502873
037184526
180645732
236715048
618203475
013875264
712403685
071462583
623401875
260143875
034871625
810624753
851403276
132768054
230184765
815473620
123604875
134758062
271438560
681534072
713258640
320651874
145782630
650278143
280465173
234756810
234107568
273108654
837412650
564173820
582763014
273145680
415603872
184602573
067324185
123604875
736814025
612435087
810736542
027583641
023176584
851602743
134605278
162573084
284315076
146832750
764201835
652384017
015438726
286307451
761542830
235178640
058371264
481623750
710632845
312804657
275104638
213687054
210763854
185764032
548106732
265104783
123758640
845163720
014637528
623874150
183706254
738501426
612407853
745308261
130826547
018654237
142705638
160823745
370164258
014865732
438162750
123608574
740813625
013726584
420781653
683145270
713526084
624103875
814732650
412673580
863517240
817506432
324801657
280614375
123406857
246703185
684275310
142385067
123405687
124583670
083215746
780521463
681732054
423867150
073582164
830625741
270413865
530142867
058371264
628314750
350126487
182763450
120368574
683415072
170542863
670512438
613825047
135802746
042781365
235814760
542108736
415326870
483216057
816704352
281703645
051432867
830512764
061243875
816342057
623418075
032578461
132754068
132704658
258106734
820471536
835724061
816305742
731402685
372105684
068241753
357214860
612805347
762413085
160438752
182375640
130425687
421803765
073815624
615437082
123708654
724365180
248103765
071432685
853106724
724385061
084231765
710283654
064378215
384602751
063142875
326107548
134725680
283704615
123506874
084372615
485216730
215306874
824163075
340265187
073624185
162387045
741623085
230156748
045128736
013657428
283157460
073261485
813502764
834601275
413275860
024185763
134205876
814573026
027861453
253867014
836275014
682103475
013765284
721403586
615473028
013728654
723841056
260438157
870432615
012673854
134675280
023485176
028364175
240173865
680152743
084312765
127853640
720416358
623158740
280653147
251603487
423657180
830754126
158263074
167423850
253168740
340871625
140352768
835201467
630421875
712503486
782614530
082174356
123806754
258103746
382176540
135604872
120468753
038275146
453178620
260135748
310647285
834671250
123784065
145308276
153846072
864305127
153284670
074253681
012453876
063815427
635204871
183402576
780624531
123504867
214806753
870452631
378142560
730514286
053817264
832714065
048712653
013627854
258107364
714638052
785321460
724158630
236107845
248305617
123475086
063142875
810246753
326154078
246805317
831652740
810736542
340725618
452738160
271804635
658347021
674813052
714506328
243506718
031264758
362105748
134702685
123845076
028751463
360215874
283714065
142306578
245103786
841203765
172653084
215843760
354102867
274163850
423507618
287435061
173458062
768341052
714658230
342687051
734185620
028673541
236718054
120453876
420513876
862315047
038125467
853102467
258637014
714603528
814275036
241358067
835106427
734215068
813205746
035172486
813245760
870512463
123864075
470132685
240136758
476582130
413205876
280476153
183405726
268703514
821605347
412385076
762813054
078142365
251708364
740632185
023184765
820641753
134782065
123876450
365104872
046823751
173604285
042831765
160752348
130854267
863207154
032571864
120783546
851732064
061853274
284703516
256483170
450381276
023165847
847106253
214835076
820463175
813205746
016423875
038462175
268374150
214365078
241573086
083216754
012483756
235106784
283104765
126804753
820713564
735106824
264537180
170364852
412708635
841706235
012783654
384705216
834715620
812405736
354162870
028143765
410732865
583107246
473281650
283104765
128306745
340875126
624185073
831602754
348201765
810463725
154206387
436208175
612735048
643507218
750218643
143276085
182306754
283104765
086531274
713526084
064728531
628305174
346702815
671253084
784102563
230754816
236718054
312704685
123507846
023186754
842506713
386571042
026175438
872103654
136785042
213805764
634705821
023164875
120743685
028471635
012867534
830561724
120853746
162508734
312678054
653207184
615273084
034167528
273405681
021783564
283106754
123678540
057632184
174283650
283164750
657124830
650231847
260137584
738512640
412805376
384571026
681503247
016834725
230647185
271403685
160432578
142637580
851703264
150472863
084736521
128405736
842537610
832716540
147863052
412608753
812743650
154803762
163804275
124753068
386704215
517804263
247603158
176402583
314507862
531268470
710283654
065321748
083726415
326805174
578206143
768214530
023418765
230164758
238154076
720681534
723506184
136405287
861257430
245108763
360812745
853701624
061583724
834156027
631248570
164305872
123864750
536108742
841657230
748302615
827634150
128603754
478216053
152736480
513708624
071254683
136752048
247381056
135427680
816703254
840735261
863215740
384106752
823107546
486752013
725634180
841672530
180634752
142635870
023865741
130456287
574312086
810253746
182603574
512803764
134806752
824305176
614307852
180742635
634507281
526403781
743208156
021483765
471685032
134206857
015236487
745301628
417208653
432156870
273548610
360284175
140672853
713206584
124387065
324705186
360185742
152483670
127803465
124307685
830146275
831764025
683105247
053782614
024315687
273105648
081467352
658203741
843205176
715602438
354106287
680213754
013428756
023184657
385102674
162784035
134802765
134605827
084712635
062173584
385276140
273186540
812743065
520346187
472361085
437218065
810734652
250834716
270143685
412685370
082413765
852304761
013486752
831702564
345102876
830415762
018423657
134205876
753124860
734268150
345107862
451682370
123657840
712435068
863105427
235417860
614208375
136825470
834206175
453602781
671542380
812503746
730584261
140352876
340581762
862351740
814356720
142835760
172803645
465307218
824501763
381605472
034126785
326804715
120853746
480153276
130854726
846103725
172603854
418237650
340218765
812673045
123804765
732106584
035172486
813674025
174208365
163784052
841603275
482103765
013725486
635807124
132684075
162853074
256103847
253714086
253148067
562137840
280513647
780253146
160243857
283105746
061823754
740315628
136572084
136724580
362148570
023815476
142703685
780526431
173485026
081745632
723804615
275183640
026354178
164207385
851603724
371802645
830167524
130728546
036745182
042163875
572103486
123745680
364702185
672435180
830724516
034861275
347106852
183672045
023185746
130724685
063274185
123564870
235806417
034275816
845176032
123745680
751842630
230786145
036182754
254786310
810253746
570683412
470628531
713602548
081546732
510274863
831702564
830271546
152638470
140782536
836257410
814605327
421603875
120763584
813605247
273105486
635217084
571803642
814602375
834701625
134725680
025178436
570621438
327184650
830467125
712408653
761408325
120836745
341706825
246138750
720658413
158742630
283104765
172803645
021483657
482106753
360842751
684301275
056418732
623187054
056382714
841672530
268357014
730681542
036182754
130245867
364708215
214863075
816203745
036751824
275146380
713648025
238701645
123786054
356128740
123864750
230785641
128307546
146802735
012483567
023164875
124368075
130824765
814305726
380274165
130754286
812705634
342871065
123786054
713605428
148763250
813647052
013624875
218573460
720683541
082415736
083245617
273106845
413256087
145203876
813704625
150432687
235406187
728431056
