083214765
134862075
812403765
120843765
123805746
130824765
123805746
123845760
023185746
813204765
123704685
013824765
236145780
123704685
013824765
134862750
013824765
123705648
263104875
812403765
123405876
123845760
134825760
812743065
234718065
023145876
263104875
012843765
123645870
712503648
123405876
142735680
130864752
423185760
123845760
013724685
134862750
134802765
063214875
135826740
613204875
123804765
012845736
142863075
142835760
123806754
013825746
130425876
813562740
130825746
123805746
813245760
130724685
013825746
123704685
681243075
140832765
810643275
283106754
123845760
120843765
123758064
123674085
123674850
042183765
123758064
810253746
123804765
023185746
013825746
123405768
023174685
283104765
142803765
123674085
142803765
123564087
142803765
280143765
230154786
712403685
123806754
123804765
083264175
134506287
283104765
423106875
182753640
123784065
140782653
123784065
283104765
130728546
123674850
820413765
123706584
023184765
123864075
813704625
123804765
142863075
283405176
142673085
130854726
230164875
248103765
023185746
023175486
283156740
230164875
120843765
162834750
123845760
140862753
123784065
243105876
283104765
130824765
023184765
230784615
123864750
813204765
023145876
123804765
134825760
123678540
283605147
823401765
123708654
012843765
123674850
123604875
830216754
134205876
120843765
142783650
123705486
142803765
134862075
130824765
283104765
013425876
462103875
123607854
120453876
123705648
135726480
280643175
812463075
135402876
812463750
810243765
123706584
283714650
283104765
120863754
123805746
813206754
123806754
120643875
123604875
142805736
813264750
813726054
134602875
134862750
142863075
134725068
280143765
023184765
812456730
123845760
123784065
283104765
283105746
126807543
014832765
034182765
134206857
130864275
120863754
134862750
023147865
023164875
142863075
120673854
134806752
130826754
123456087
120843765
123745680
123845760
123804765
130724685
813706524
123704685
134702685
130826754
123864750
123704685
283156740
123804765
230184765
123806754
263814075
813724065
136824750
123804765
234168750
123705648
123705648
023184765
610432875
142803765
162803754
130826754
023184765
123805746
234108765
123704685
280143765
123805746
123805746
120473865
813724065
263105847
712803654
230184765
142783650
134802765
123784650
130624875
081743625
123758064
123804765
235186740
813204765
123856740
813204765
063214875
134802765
023184765
123405876
142863075
013854726
123804765
830214765
234108765
134802765
813204765
023175486
123784065
142603875
230184765
130824765
142673085
142783065
813706524
123864750
123784065
283104765
123784650
134205876
123804765
281463075
134862075
123804765
283105746
813245076
123845760
123804765
123864075
134256087
123806754
123806754
830214765
234108765
123745680
134802765
043275186
123704685
142863750
142803765
123845076
813745620
023175486
123475860
123708546
023164875
123674085
134802765
142803765
140835726
283104765
123804765
013824765
813724650
813204765
813704625
123845760
420183765
042135876
230184765
120863754
083215746
120853746
130624875
130824765
234105867
834601275
134705286
134825760
413802765
134205876
123784065
034268175
230145876
152436870
834265170
123604875
123604875
023174685
134862750
230156874
812703645
142863750
013824765
123864750
083245176
234805176
182703654
260143875
012853746
263104875
134862075
136824750
613274850
134802765
813264750
283106754
023174685
273104685
283714065
263145870
134802765
420183765
234106875
814732065
810243765
283104765
813204765
012643875
234715086
120843765
083214765
123804765
150832746
014832765
123674085
134802765
263145870
134825076
123805746
283104765
123805746
123704685
130824765
023184765
830214765
083214765
123708654
273104685
236184075
023184765
142863075
083276514
283145760
812743065
283674150
123704685
813245760
134802765
142703685
023145876
123805746
123805746
134802765
813704625
014832765
142803765
123678540
123845760
230145768
042183765
134602875
130724685
013724685
123708654
630214875
123804765
712603845
130274865
120853746
140835726
023184765
120783654
123864075
123805746
123704685
123845076
013824765
123604875
123806754
812743065
812403765
831462075
140832765
023145876
120853746
123856740
123864075
014832765
142803765
013824765
710243685
248103765
263104875
012843765
012843765
123405876
123864750
013824765
813204765
123845760
812703456
263104875
162803754
123864750
130824765
120863754
123475860
012843765
813705642
123804765
123864750
120843765
364102875
123805746
012843765
123804765
014835726
123784065
123805746
130825746
134205876
830724651
123756480
123604875
123804765
810243765
283164075
134805726
123785046
130724685
123604875
034125876
123804765
280143765
813724065
084231765
813724065
123784065
023184765
012843765
123805746
012843765
283145076
240153876
310284765
142803765
123804765
142603875
810743625
834215760
813245760
630184275
123804765
813264750
123805746
134782065
140832765
123784650
023184765
813724065
013874625
024136875
134825760
123864075
123864075
134802765
243105876
142856730
120783654
263784150
062183754
123864750
123745680
135826074
812435076
814602753
023184765
123806754
142803765
140832765
130824765
123804765
120863754
812463750
123475860
123864075
013724685
123805746
123604875
134862750
023184765
134782065
023164875
283104765
134825760
812743065
130824765
123604875
142835760
134825760
123804765
812653074
123864075
123784065
123805746
130824765
123405876
834726051
234108765
120643875
123604875
140832765
023164875
013674285
283145760
120783654
263104875
123864075
023164875
283104765
123805746
142835076
123604875
123604875
042183765
234718065
120563748
812463750
120863754
812403765
781203654
813206754
123845760
134802765
130824765
142803765
123845760
830214765
123784065
813724650
142863075
123804765
120863754
130824765
123645870
123745068
130824765
123804765
140832765
062183754
123806754
023164875
130728654
130728654
013684725
134825760
813206754
230184765
023164875
123806754
130824765
120783654
283164075
130825746
240135786
120783546
714325680
230164875
283701654
813264750
123806754
783645210
123604875
042183765
230184765
234165870
123674850
234185760
283164075
613784025
813204765
023184765
140782653
813245760
162803754
023184765
813264750
134862075
013824765
810243765
123745680
013824765
123645870
013824765
136804725
123784065
134205876
342185760
123805746
123784065
120563874
142803765
134862075
014836752
813724065
134602875
123467850
123806754
384125760
134256870
123784065
283701654
248163075
123864075
813725460
123405876
123704685
123784650
263145087
123784065
123605847
134702685
812403765
123704685
123856074
042183765
140352876
283164750
234185760
142863750
123674085
134275086
130864275
234185760
140832765
123786540
034185726
012783654
120863754
134802765
162803754
023178654
130724685
130728654
836201754
123704685
123645087
123786054
123804765
123405876
254103876
012743685
234108765
162853740
246103875
243105876
014832765
123704685
123805746
134862075
162853740
234708615
273108654
123804765
123804765
140862753
123708654
012843765
142803765
123674085
713628054
281403765
012843765
123804765
123786054
013824765
042163875
023864715
120643875
123804765
283105746
162803754
123704685
234185760
123845076
130425876
134802765
813264750
813204765
123805746
134802765
123805746
123804765
123804765
083215746
123784650
123804765
120843765
018423765
123845760
130824765
813205746
234185760
142805736
813204765
234165870
283714065
130824765
120863754
123704685
123675048
123806754
813724650
123806754
123804765
123804765
123864750
120743685
123784650
123604875
123604875
813204765
120843765
120853746
123805746
810243765
810743625
123804765
123784065
120783654
283145760
023164875
134205876
273108654
813725046
134862750
120743685
120743685
712608543
123804765
482103765
613824750
283714065
120845736
813724065
123804765
123804765
283604175
123864750
283104765
283104765
230184765
142803765
130724685
123804765
123805746
123804765
813245760
120843765
280163754
812603754
023186754
123604875
280143765
014832765
123784065
013824765
123704685
813264075
164802753
123864750
123864750
123804765
830714625
123856074
123784650
283104765
813245760
124735086
234175680
162304875
142835760
280143765
283164075
813204765
134825760
813264750
482163750
123604875
230184765
123784065
134802765
123856074
063214875
482703615
813704625
012863754
023185746
123786054
830264175
123604875
134825760
123806754
120863754
123845760
013872654
810243765
841203765
812435760
130825746
283104765
482103765
123845076
123704685
123784650
283104765
134805726
023178465
820413765
123784650
035218746
172603854
142863075
812435760
263104875
142803765
813205746
120853746
123674085
123406857
013864275
123786054
234168750
012643875
812406753
130825746
013825746
014735286
123784065
134825760
012863754
136824750
123745680
123704685
812673045
234708615
234108765
273104685
263104875
123856740
342185760
280143765
134725680
234168075
120743685
023184765
123804765
813204765
234105786
134725680
023184765
813675420
134802765
413825076
140862753
083215746
814702635
013826754
123864750
713204685
246103875
234106875
023145876
123806754
263105847
134805726
130624875
234608175
120843765
023174685
123805746
123405687
123845076
134802765
123864750
123864075
123845076
013864752
283105746
812743065
283714065
012843765
130824765
134725068
123804765
831602754
830214765
142835760
072413685
142603875
123845076
134785026
142708653
123805746
130864752
142783065
123864075
123786540
140832765
123604875
182703465
013624875
142603875
123864075
123786054
813204765
023174685
123674085
120853746
280143765
123708654
134802765
162803754
034182765
134602875
120843765
812403765
142835760
130624875
614832750
013526874
123604758
123708654
263174850
813724650
234185076
142803765
023185746
123804765
123678540
841203765
263704185
120783654
142863075
283104765
812743065
123806754
380124765
162845730
234185760
135426870
283704615
013824765
123864750
120863754
813726054
123604875
123784065
130826754
120863754
813206754
142863750
120473865
283104765
134806752
123705648
