132064785
283140765
813025746
142630875
712830546
235140876
123647508
134072685
803264175
456130872
813260754
283064175
123456807
702813654
803214765
265173804
813074625
834650217
403215876
103824765
123084765
135082746
413025876
123780546
813725406
718043265
102743685
123784605
108732654
824175603
103724685
234860715
738251604
246013875
812753406
104732685
203184765
136072584
401853726
104832765
153027864
123860754
213485706
374012685
148032765
123640875
134820765
103825746
263174805
348170652
245316807
813024765
713280654
623714805
162853704
283064175
602134758
283640175
123450876
258136704
123045876
364170852
123784605
153086742
246173805
174830652
823610475
864025731
713640825
234850176
203184765
103824765
145062873
263845701
123560748
172634805
123056874
281463705
134056728
283014765
136427805
102643875
134720568
263074185
213854706
134780652
213846705
283160754
782063415
203186754
204385716
234016758
103728654
123845706
816052743
125036784
253076184
152780463
841023765
421083765
402163875
836274501
813024765
204138765
263815407
801354726
642710853
481032765
782015634
281530746
812630475
142063875
237015684
123084765
283140765
485216703
208643175
682715403
136082754
203874165
123856704
783120654
805231746
801274365
834276105
123864705
365420187
813270564
803214765
203184765
805731426
243056187
613024875
512073684
104835726
821345706
502143876
134620875
163825704
834071625
182450763
283014765
613074285
105834762
123678504
123576804
425136807
806241735
103725648
142083765
582013746
142083765
812430765
283714605
123864705
103825746
123064875
231780546
103824765
872045316
203184765
714032685
203784615
781042653
106832754
123785406
748012653
136720584
135760842
712435608
801273645
103724685
281043765
801623574
823415706
123845706
136054278
123784605
128043765
713284605
123058764
134062875
702613584
831746502
386012754
402183765
105732486
183420765
172063854
135420876
283640175
843025176
802136754
235014876
283145706
136780542
783612504
701586432
136072584
812653704
103824765
123786504
236150874
612730854
283164705
103624875
702183564
234170685
243075186
602183754
162084735
123845706
281430765
123067854
123064875
123780465
861072543
152470863
801462753
123860754
304185726
314028765
173682504
283145706
145023876
283160754
783264105
536214807
834260175
123740685
136740528
134820765
812053746
263814705
123064875
128430765
123085467
123864705
613024875
803214765
203164758
152063847
812630754
681073425
813674205
104235876
246173805
142673805
674251803
814730652
125640837
123086754
105843726
602784315
123840765
328145706
123045876
143026758
142783605
803214765
162840735
462735108
103824765
713652804
103624875
312084765
142635807
103728654
235718406
123860754
523186704
103874625
102843765
253176804
135860724
812460753
813245706
681732504
235847106
813026754
102853746
345286107
235180746
123740685
364120875
123058764
136820754
835026714
234078615
134720685
104235876
681052743
235186704
136052874
813670254
105726483
813024765
123084765
142035768
103826754
834021765
812740653
142083765
384250176
135026874
123786504
142783605
806231754
162083754
812430765
102853746
123067485
613024875
248013765
123064875
123064875
172063485
801723654
162830754
104632875
123750648
834021765
834215706
145273806
248130765
134072685
803714625
145673208
234150786
207483156
203174685
283014765
702613584
248063175
134062875
613240875
425136807
123086754
104387265
142063875
203167854
601825743
123780654
742610835
203784615
342165807
801243765
834710625
283064175
724038615
135820746
813240765
283164705
162083754
273140685
204138765
814672305
283150746
624785301
712034658
123860754
845032176
134870625
713024685
283674105
103624875
714032685
104782653
143826705
683140275
801263754
102863754
103824765
123840765
726513804
208741653
134620875
812045736
123670854
612753804
803614275
425031867
108623754
814320765
203184765
481325706
402385176
835216704
345172806
861452703
103864752
134675208
784635102
134825706
308724615
138752604
234180765
283014765
783064215
423160875
106738542
172840365
283150746
205736148
123046857
142650837
123780654
851432706
123840765
103826754
304172685
136820754
123867504
123084765
123864705
813752604
682013754
812043765
104835267
204138765
123086754
812750463
812750463
781563204
162850743
102643875
134680572
801263754
102853746
134250876
423150867
234160875
263017854
123840765
613245807
123064875
123785406
152830746
812674503
602185743
208143765
841023765
283164705
235840716
123847605
138024765
103624875
142083765
246017853
258713406
812630754
136082754
103826475
104832765
134062875
405312876
354170826
783140625
384672105
134062875
305142876
283164705
103728654
283014765
123850746
123864705
104856723
104632875
308124765
451872306
142863705
203154786
283156704
812743605
234180765
102743685
284350716
273014685
254173806
203185746
213560847
813056274
801723654
123046857
204738615
182034765
702813654
813045276
123850746
603824175
103825746
123076584
712648503
145768203
153782604
103845276
152843706
182730654
283150746
123856704
234710586
134825706
468270153
123650847
801653472
135842706
134862705
152840763
203156874
123086754
123086754
804712635
283714605
206138754
123860754
103725486
863570214
104235876
103624875
123056874
713024685
142673805
148720635
812046753
152843706
234185706
102853746
102853746
135840276
123560874
601283574
123640875
812043765
123065847
136054827
123784605
834210765
172063854
781026453
803614275
142385607
123564807
103425876
152083746
136072584
106732845
263814705
813750642
104835726
124368705
602153874
472135608
102853746
851230746
106827543
723851604
783620514
134068725
801243765
513026487
134820765
402183765
123864705
703684215
103826754
142860753
123845706
415283706
123640758
142078365
123645807
702413685
123864705
834210765
402513876
203164875
123086754
234175608
356184702
305182746
201634875
136085274
263170854
163840275
824163705
208163754
308217654
123784605
814356702
714350628
134756208
714035286
403125786
123758604
234765108
134025876
102743685
283715406
281063754
712834605
102753648
123056874
123084765
703618524
106832754
134086752
142085736
603125874
103725486
384162705
134820765
128045736
134782605
145023876
234180765
813264705
304125876
123864705
103624875
801743625
248073615
123856704
813576204
102863754
134560872
124560378
701483625
283140657
372164805
806734125
123086754
812467503
203185746
814032765
803216754
235018467
283014765
103824765
306124875
813245706
813654702
142083765
502186734
803245176
861420753
304816725
283140765
812460753
134250876
803216754
812576403
283710546
104832765
801243765
314072865
823715604
423710865
708423615
714382605
234168705
823157604
364172805
813724605
423170685
123860754
301846752
103624875
384150726
137652804
273150648
814732605
813025746
234170856
123864705
142830765
208143765
142673805
248160753
623084175
102783654
203174685
605273184
203546187
724053186
712450638
102673854
872613504
704635128
142350876
712083465
281053746
241830756
123064875
156834702
142830765
345018726
123785406
123768405
813026754
283056174
613257804
104328765
203586174
682013754
123065847
713028654
142673805
701253648
702513486
283015746
728563104
103724685
835426701
302164857
103862745
614830527
821745603
163054872
123860754
134620875
803512764
142035876
243015876
803215746
134675208
104832765
134085726
841250736
123045876
613784205
123856704
304156872
273064815
123074685
701432685
814360752
123084765
123074685
203184765
384275106
273140685
123084765
403217865
263840715
102853746
174028365
134758602
104836752
813670542
723065148
105832746
123840765
102853746
423160875
103874625
234156708
123045876
203184765
863270154
123845706
263014875
103684725
283140765
712046583
103854726
502143768
384256107
345126807
602173584
134860752
423017685
213850476
814320765
104832765
234678105
123840765
134082765
208436175
804325176
126340578
234170856
312780654
103826754
283014765
103856742
813245706
263810754
812043765
248156703
273184605
803264175
123045687
803214765
153860742
134860752
248130765
812754603
182073465
134075286
208143765
802715346
234715806
283160754
281043765
253016748
813240765
123850746
372140865
123086754
273014685
801532746
123570846
123745608
281430765
123856704
203184765
234180765
142035687
613850427
108723564
853276104
841762305
814062753
124356708
364072185
813245706
123864705
237014658
142860753
163240785
432085716
781430256
613025847
103854726
107432865
423160758
136782504
134082765
283014765
123845706
348210765
102853746
123085746
812043765
263814705
234015786
263814705
162034875
142863705
613480275
234657108
634810725
134825706
801243765
103674852
834210765
123580476
582164703
834261705
123670854
203175486
123750648
783014625
813724605
614870532
123056874
703682514
341265708
362180754
123785406
124038765
803215746
813264705
103824765
182753604
384250176
812063754
713624805
102853746
203184765
203514876
804235167
812435706
304182765
134625807
103824765
123786504
123674805
482673105
258140763
123840765
123467805
142083765
123850746
162834705
203416875
103825746
258016734
102643875
835710642
302148765
824751603
263140875
234185706
834265107
304218765
624380175
814652703
134720685
103482765
423168705
123074685
802714653
284061375
812075634
123850746
246170853
783015426
283150746
482163705
104732685
602713854
385140762
238610547
102643875
783150426
172463805
102843765
832714605
234176805
123074685
123758604
103824765
123674805
812743605
306148752
813064275
234176805
203175864
681073254
304182765
723840615
203178654
841730625
103825746
123840765
123840765
237164805
203784615
134025876
613824705
803215746
203176584
123780654
123086754
304762185
102673854
142083765
713025648
835016742
142830765
103824765
203781654
134862705
123470865
283740615
134860752
123740685
152843706
134672805
426013785
108532764
816072534
156230874
345028176
103768524
214370865
136284507
123860754
123850746
206143875
716530842
803216754
713045268
103425768
123758604
152630847
683214705
102783546
123074685
283156704
123864705
234018765
152673408
283750416
613024875
602713854
281560473
134750286
481062753
