123840765
263174805
103824765
123840765
123864705
134062875
102843765
234160875
123064875
123085746
103824765
103824765
123084765
123045876
834210765
203184765
123860754
135820746
103824765
123045876
103425876
283714605
134820765
123840765
123860754
123845706
123840765
123864705
813264705
203145876
203184765
203164875
123840765
123845706
103824765
123864705
803214765
123864705
123856704
123084765
123064875
123084765
123860754
123864705
123784605
123860754
134820765
283160754
203184765
102843765
134825706
123860754
123864705
803714625
263174805
103724685
123084765
812430765
123785406
103824765
123864705
123850746
123864705
102863754
123845706
123840765
283164705
142083765
123084765
103825746
123064875
803214765
103824765
803214765
123860754
123845706
243175806
123840765
103425876
123864705
123784605
203184765
123845706
123840765
134820765
813240765
123840765
283145706
234160875
123084765
813724605
813064275
123084765
123078654
123840765
102643875
102843765
123560874
103728654
123085746
103824765
813024765
135820746
123845706
203185746
234018765
123864705
123840765
813024765
203164875
103724685
134782605
123084765
813724605
803214765
123064875
134862705
263174805
123084765
123074685
123860754
102843765
103824765
123864705
204138765
123840765
123056874
804312765
136820754
102453876
123078654
103824765
123084765
234168705
102843765
102843765
204138765
123064875
103824765
123860754
283014765
103824765
103824765
123086754
123840765
283014765
103825746
142835706
123784605
123840765
123864705
203184765
134825706
123784605
123860754
103824765
123074685
283014765
123084765
123085746
123864705
123864705
203184765
123674805
123084765
123045876
263014875
812743605
812043765
142083765
123860754
123740685
203184765
103825746
142083765
123845706
123784605
123045876
263014875
812430765
142830765
102843765
123084765
123860754
234180765
123860754
103824765
813024765
123084765
123740685
123064875
123045876
123074685
123840765
134820765
812743605
103824765
123084765
123084765
123740685
283015746
613824705
123784605
102843765
813724605
103624875
813024765
123856704
103624875
123864705
123045876
203184765
123860754
123064875
123864705
103824765
134820765
813024765
103824765
123864705
263140875
123780654
812063754
813024765
123845706
123860754
812743605
123860754
134082765
813024765
123864705
813740625
123840765
123860754
123840765
813264705
283064175
123785406
203184765
123864705
103724685
203174685
123840765
123740685
123450876
142063875
283164705
123670854
142830765
283164705
813024765
134085726
103824765
812043765
263014875
103824765
123864705
134820765
123864705
123845706
123084765
123864705
123074685
123084765
123740685
234160875
103724685
103824765
134825706
283164705
103824765
134062875
123740685
102863754
813724605
813724605
123840765
134820765
104832765
123840765
123784605
103824765
123784605
123860754
203184765
123045876
102853746
123840765
134085726
123064875
203184765
103824765
203184765
283164705
234180765
813024765
123864705
123864705
102843765
103824765
123860754
123074685
134862705
123860754
283064175
123064875
123864705
123864705
123784605
123784605
812043765
203184765
234160875
123864705
234180765
813724605
283140765
813240765
283014765
134820765
812740653
813024765
134082765
123740685
234085176
123640875
123674805
123064875
123064875
123845706
123085746
134820765
134862705
123064875
134082765
813264705
812463705
123064875
203184765
123840765
123784605
123860754
123740685
102843765
123740685
123045876
102863754
134825706
123064875
123864705
123845706
103624875
123064875
123860754
813724605
203164875
813240765
103825746
134856702
123645807
283014765
123045768
203184765
103825746
203184765
134862705
814732605
103826754
135820746
123864705
134825706
123064875
123786504
103825746
123084765
123740685
103724685
123864705
813024765
102643875
123850746
102843765
203184765
102843765
123864705
123850746
142830765
813074625
203184765
123845706
134820765
208143765
102863754
123064875
123064875
103824765
103824765
103824765
142830765
142860753
134820765
123845706
123086754
812063754
134820765
203145876
123864705
123064875
203164875
123860754
123740685
123860754
123860754
123784605
123840765
123845706
123864705
135820746
248130765
102843765
102783654
134820765
813024765
102863754
123840765
123640875
123850746
123074685
813024765
102843765
103824765
123840765
813724605
123086754
123860754
203184765
812043765
123850746
123840765
123864705
123074685
134850726
134825706
103824765
103824765
123085746
134820765
813024765
123864705
102843765
801432765
102863754
123864705
234180765
834210765
283014765
134620875
123845706
134860752
103824765
102863754
134850726
123856704
813724605
123845706
803214765
203184765
123864705
102843765
203184765
103826754
123064875
123074685
283714605
402183765
102643875
812043765
123864705
123850746
234185706
283140765
814732605
103824765
283140765
134862705
142863705
123084765
123045876
813240765
123860754
103824765
103624875
123064875
162830754
103725486
123084765
123864705
134820765
123674805
813024765
103825746
234180765
103874625
123064875
123084765
102863754
142830765
123845706
203185746
102863754
123074685
123860754
134825706
103824765
162853704
103724685
283014765
123840765
123856704
123064875
123084765
812043765
162853704
203164875
123840765
135820746
123084765
813264705
104832765
123084765
812043765
123064875
123864705
134820765
134820765
134820765
123864705
812043765
134720685
123864705
813024765
123864705
283140765
123864705
263140875
134820765
123064875
103724685
123856704
813724605
123840765
123860754
123864705
123840765
123840765
803214765
123864705
123840765
102843765
123864705
813240765
813724605
203184765
123045876
812043765
103624875
102643875
123840765
123064875
103824765
134820765
123085746
123840765
134062875
123074685
123840765
103864275
803214765
102843765
813240765
813064275
812043765
203184765
123864705
123074685
123840765
801432765
813072654
103826754
134862705
123076584
123084765
123864705
134720685
123860754
103724685
123084765
134082765
813024765
123785406
813024765
123845706
102843765
123064875
123850746
283164705
263814705
123840765
123084765
102843765
123784605
123780654
123084765
162853704
123674805
123670854
203184765
123740685
813024765
103825746
613024875
123840765
123845706
123856704
142083765
234180765
123860754
813724605
123084765
234180765
123086754
123864705
123860754
142863705
123645807
123084765
103824765
123064875
142863705
123840765
102853746
203184765
102853746
812063754
123780654
134862705
203184765
123864705
103824765
123840765
123085746
103824765
813024765
104835726
123084765
813240765
142863705
104832765
142783605
123084765
102843765
123084765
134620875
123784605
123845706
801243765
123840765
123850746
803214765
813024765
203164875
203184765
123864705
103824765
283714605
203184765
142835706
123864705
123845706
813724605
142063875
123840765
342180765
123058764
103824765
103624875
123785406
283140765
813026754
813240765
208143765
136824705
134862705
283014765
123864705
134825706
123064875
103824765
123758604
134820765
123850746
234018765
123850746
123084765
123840765
123084765
103824765
634210875
123084765
123860754
123785406
142083765
812063754
104832765
102843765
102843765
123864705
134862705
103824765
813240765
102843765
103824765
812043765
123840765
123860754
801243765
103624875
834210765
283164705
813245706
603214875
123085746
103724685
134720685
283014765
123840765
123084765
103425876
134782605
803214765
813024765
123064875
134820765
123864705
134620875
103824765
134820765
123845706
813024765
123045876
203184765
123864705
123840765
123850746
134620875
123864705
123084765
123840765
813024765
813240765
123845706
123840765
204136758
162853704
102783654
613024875
104832765
102843765
123840765
123784605
204138765
813024765
142083765
123856704
102843765
123064875
134862705
123086754
103624875
102843765
813026754
813024765
613024875
123084765
234180765
104832765
203185746
123840765
123864705
123840765
134825706
123064875
123850746
123864705
123860754
123084765
203145876
134820765
123840765
123084765
103824765
123784605
123840765
102843765
813260754
234018765
123864705
134820765
123864705
123784605
208143765
813074625
813260754
123045876
123640875
134820765
812043765
123845706
123084765
123784605
813024765
123864705
203185746
203184765
123084765
813024765
134820765
123840765
123784605
123064875
123780654
123084765
123840765
103824765
123045876
123860754
102863754
123850746
134250876
234018765
142783605
283140765
123045876
813245706
803214765
103824765
103825746
123674805
123784605
123860754
103624875
123864705
123840765
123780654
103824765
803214765
123084765
123840765
123640875
134820765
102843765
103824765
123084765
813264705
263174805
102843765
123864705
134820765
123860754
814732605
142863705
123780654
123860754
123084765
123064875
123845706
123064875
102843765
123784605
123784605
123864705
123840765
283014765
136820754
123864705
102843765
103824765
123860754
813024765
123860754
103824765
123780654
234180765
103824765
123856704
123784605
203164875
123864705
123076584
102863754
123784605
123784605
123864705
102843765
123786504
102843765
123670854
203184765
123064875
123084765
102843765
823410765
123845706
814732605
812043765
123850746
134850726
283140765
812053746
103824765
123085746
142860753
812063754
123085746
123864705
123845706
134056872
813720654
142863705
813025746
102843765
134820765
801432765
123864705
142863705
123670854
134062875
123084765
813024765
123840765
123084765
123045876
134720685
812043765
123840765
123786504
813240765
123064875
123084765
123084765
123840765
103824765
102863754
134820765
123045876
123064875
135820746
123860754
102863754
123840765
203145876
803214765
104832765
123864705
123860754
123074685
162830754
123085746
123845706
103824765
813024765
123740685
102843765
283164705
103824765
123840765
235180746
123840765
102843765
102843765
234160758
123084765
123840765
283145706
123074685
123784605
203185746
812740653
123840765
123860754
123840765
123840765
123784605
102863754
123860754
123074685
134082765
123784605
103824765
712043685
