230184765
673204185
243105876
134205876
062783514
462103875
710243685
820413765
123804765
134825760
028143765
235108746
613824075
813702654
012753648
123604875
136824075
123745680
812503746
274813650
281703564
730214685
123805746
123784065
130874625
813256740
142803765
123804765
130824765
123804765
283715460
123784650
123758640
013824765
123864750
280143765
230186754
813204765
134782065
123805746
123864075
130724685
813204765
781234650
234165870
123806754
142803765
123864750
234185760
123864075
134802765
034162875
123845760
813245760
052183746
152803746
123806754
462703185
120843765
420163875
162805743
135802746
260143875
123806754
130824765
023145876
034182765
130824765
014873652
123784065
120853746
610732854
013864752
034172685
034185726
813206754
123864750
340216875
120864735
074312685
823415760
120853746
023184765
130824765
142835760
123804765
812405736
830271654
813205746
142803765
234185760
283604175
240738615
812603754
123864750
513206874
120673485
028143765
014632875
162803754
023145876
274103865
123804765
283706514
120843765
813672054
236108754
043215876
143805276
813204765
612753840
123804765
120438765
130624875
123864075
283164750
123805746
283164750
130784652
142835076
234168750
123805746
123804765
283745610
140832765
123864075
123804765
082413765
142673085
814302765
813724065
012753648
120873645
023184765
162783054
813204765
130824765
123604875
081723654
142803765
012843765
142806753
016832754
634215087
813204765
123845076
034182765
243156087
310254678
812653740
023184765
283104765
834215076
160824753
134702685
152803746
013728654
728603514
073824615
730214685
123806754
023145876
120783654
152783046
152703648
023156487
810253746
013728654
084312765
213805764
123806754
134802765
130425876
283104765
084312765
340162875
012783654
123856074
012863754
243105876
123784650
123845760
012783465
123784650
160572843
162803754
234805176
283704615
123804765
013724685
123864075
714653820
123804765
810254376
812763540
123784650
283164750
364125870
136782054
283704615
283607154
073154268
123704685
082713645
230174685
123784065
023184765
123604875
123786054
134825760
613204875
134702685
230184765
134672085
123604875
123864750
123804765
812403765
120843765
123806754
162803754
280143765
135802746
134672085
123704685
842715630
812743065
142835760
142803765
812763540
384602175
423108765
120473865
123864075
813264750
142803765
120863754
123405876
123784065
240371685
283104765
280143765
123805746
813704625
812763054
712803654
120843765
613257840
142863750
813256740
247613085
263157840
123745680
134802765
123804765
123608574
023184765
812463750
140832765
142673850
236184750
130724685
163457082
813745062
134708265
120643875
263104875
164802753
830216754
135802746
123864750
134802765
813674025
130784265
345802716
281603754
034182765
123576084
712643850
134802765
016832754
123804765
128603754
123706584
013627854
230186754
263805417
023165847
814302765
283704615
123704685
230145876
230184765
136802754
813704625
120673854
230174685
134625870
435216087
123804765
013624875
813724065
013625847
123405876
813724065
123708654
123604875
123784065
263174850
012643875
123784650
123864750
813206754
123784065
851734026
123805746
243105876
023174685
273105648
130824765
263107854
014835726
123786540
814356720
034125876
012783654
012853746
236105874
642315870
123864075
162803754
813704625
015246837
162783054
023145687
813245760
814702635
013824765
123786540
234106875
123864075
812743650
134602875
142806753
074612835
145836720
164802753
084231765
013875642
128743650
283104765
123805746
023145876
613824075
123475860
123804765
053128746
123804765
123784065
813724065
135786024
023184765
142703685
123674850
123856074
821753640
283164750
234816075
023184765
812743650
123784065
713604825
164823750
023178546
813256074
120863754
673204185
043215876
123864750
130874625
813724065
364102875
120673854
420183765
134805726
013854726
813706452
384105726
014328765
142783065
123804765
386102754
123704685
273618054
023185746
234156780
245736081
813204765
120863754
142803765
134805726
072813654
123804765
012643875
134862750
123784065
061243875
810432765
260153847
120845736
812543760
142803765
123786054
140832765
243105876
123845760
142863750
134782065
023175486
082513746
120843765
034182765
810243765
123864750
254803716
813724065
813602574
023186754
083215746
123864750
013872654
123804765
813264750
023164758
134825076
841702653
130254876
142806753
013864275
135806724
123845760
123805746
235186740
813724650
152783046
813706524
134602875
172653840
230184765
813245076
830214765
134806752
810263754
230186754
086243175
728103654
123805746
273108654
123405687
130784652
283714065
012853746
034162875
130824765
123784650
123705648
123865047
230184765
140832765
123705648
138702654
283104765
134205876
134825760
830215746
012453876
123804765
834201765
123806754
120743685
012863754
134702685
134825076
053186742
023167854
123604875
123705648
812403765
123704685
134825076
123845076
413825076
023164875
013784652
012843765
083415276
230145876
134806752
081743625
013824765
863124075
172863054
123704685
810243765
682153074
283645170
123784065
134862750
013824765
236184750
123705486
142703685
234685170
430215687
140832765
812405736
482103765
130826754
023164875
813724065
861203754
123804765
813245760
123845076
013824765
134758620
152806734
083265147
142356870
610842753
841703625
123864750
234105678
120845736
013425876
823601754
283104765
413205876
123674850
813204765
462103875
123804765
123785046
813264075
123604875
814602375
812435760
142635087
062183754
813205746
140235876
372104865
783614025
123804765
142375086
123804765
142803765
283164750
120643875
123856074
234106875
813704625
134802765
123856740
610823754
152803746
156702483
123604875
812403765
123845760
861702543
142783065
283104765
136845720
152843760
710682543
142863750
248103765
042183765
243105876
123806754
123864075
124705836
134785026
134625870
710253648
263784015
034125876
123784065
023174685
713862540
283715460
813204765
123674850
123786054
814306752
134825076
013864275
283164075
123674085
263104875
123864075
813674025
023184765
023184765
136784250
123864750
280143765
016834725
813756420
123784065
834201765
123804765
120453876
013825746
035421876
082413765
283104765
145806732
123806754
140732685
123708654
813726540
034215678
234806715
082714653
162803754
712683540
123604875
234185076
140632875
182753640
472103685
134205876
034175286
023185746
023185746
136802754
268103754
120843765
134725068
142786053
280137654
813706524
120743685
810673254
028143765
135402876
283104765
230145876
142783650
823405716
813724065
123784065
023174685
142783065
134205876
023174685
610432875
123864750
230184765
832714650
813264750
342185760
243105876
134782065
812703564
263174850
813204765
816302754
345718026
123856740
162853074
172603854
034268175
283145760
813264750
268153074
280713654
023184765
123845076
813706524
142863750
163804275
810532746
134205876
834715620
123804765
013724685
280653147
283704615
013824765
234105867
235814076
813764520
230186754
413205876
136804725
120853746
123604875
841203765
831652740
263174850
280713654
012853746
234805176
123845760
123745068
123645870
134802765
813264750
160852743
120743685
140832765
123604875
235104876
123864075
012643875
162304875
130865724
273145680
013624875
230164875
123806754
841723065
834201765
813456027
123784650
123856074
243106857
134802765
023185746
841203765
230184765
012643875
813256074
812763054
123407865
830715642
234175680
120843765
134802765
083214765
123604875
134805726
023184765
314852076
810432765
123704685
610432875
123784650
810732645
130864752
134825760
013824765
136802754
813206754
610243875
023186754
123645870
483106257
234108765
812405736
713204685
083215746
812764035
123674850
023164875
123674850
810243765
130425876
384102765
134862750
123806754
123845760
863207154
613825047
248103765
023164875
830215746
283105746
012843765
230164875
841256730
813204765
023184765
834261075
830215746
380124765
123804765
134205876
813204765
135842760
162803475
036814275
013824765
013728654
613824750
162703584
123845076
253816074
324105876
482163075
013826754
120354867
123804765
123645870
230184765
240137685
812603754
013874625
610743285
078143625
234708615
136852074
712683054
083715426
083215746
783612540
830214765
813204765
813264750
653104872
160824753
012843765
813704625
813725046
230145876
123456087
413825076
123805746
142863750
123805746
123864075
123784065
234185076
130825746
123864075
013826754
813475260
263804715
234168075
823401765
162803754
123845760
283714650
620853147
123708654
134856720
013824765
813704625
283145076
263104875
816752043
034268175
012783654
520143876
813725046
812705463
123864075
820713645
413625087
123804765
123805746
613245087
234785061
142863075
123867540
013824765
123564870
830712654
138702654
821703654
234806715
013826754
810732645
340185726
430215876
813724065
013845276
813724065
152403876
820413765
234108765
023186754
142803765
123784065
034125768
013824765
162803754
123784065
130824765
162835470
123806754
012863754
160832754
123645087
123804765
123507846
123864075
835201746
812435760
240135867
123856074
413825076
814302765
713204685
142703685
134672850
273184650
283714650
013724685
134602875
482103765
134802765
342185760
230184765
130824765
384205176
130824765
023178654
123645870
410253876
783104625
123708546
713862540
270143685
123845076
283714065
152803746
834215076
123806754
013625847
123758640
123604875
123856740
384712065
123708654
123657084
123475860
236184750
142803765
016832754
230165847
123645870
610243875
123475086
142803765
283714065
420163875
280143765
134862750
123645870
812603754
134275860
813204765
234805176
123864075
123506874
134602875
134782650
613204875
134625870
012863475
283104765
123804765
814732650
230185746
130624875
812703564
162834750
123704685
013625847
248103765
123784065
120863754
023164875
812603475
013826754
683104275
013425876
423168750
120863754
812603475
123864750
813205746
810253746
142703685
123804765
182703465
023164875
163504872
753284160
140832765
283104765
234168075
713624085
482703615
123786540
134802765
