152307846
182573046
024375186
263104875
012673854
045826173
835401276
483106257
134602875
123605847
172305486
287603145
420785316
836204715
583206714
385102746
283106754
273108654
420853176
023174685
152783046
083716524
184235760
152703648
123705486
834201765
234765018
134758620
085413726
081324765
813524760
123864750
083214765
734205186
728634510
123785046
872163450
864301725
134802765
230714586
023145687
813402675
682704315
345806217
346805271
813264075
851243076
045812736
120863754
753146082
283674150
135604872
165824730
813704562
034162875
138204576
345701268
510863724
641385270
730185426
420135876
124583067
134605827
352108746
421735068
173852064
731602845
061243875
483702516
123708654
582436170
835264071
138625740
013874625
520613874
048523176
234185076
173684250
123748560
283751640
234185076
513207846
134867520
014387265
130864752
420163875
254138760
230156874
851473026
482716053
234185760
026743185
152376084
340126785
162573840
810432765
350421687
470258631
142806753
423805176
813705426
273108465
123856074
123708546
831675024
235807614
834156270
365127840
167324580
136802754
013867254
071285643
014285736
724518360
023184765
182704635
182705643
182607543
873215046
123405876
043286175
820415736
085371462
612783045
013824765
172604835
014862375
813264075
123467085
256103784
230186547
710684532
140836752
547103286
384102765
235107486
245183760
341856720
162853740
128543076
256314087
081432765
813206754
140732685
283104765
813704625
283145760
172684053
872613054
813405276
610823754
085146723
013864752
120763584
710253648
123864750
042163875
813206754
130628574
283105746
682134750
281753046
825403176
012843765
612834057
345102876
235106847
127403856
384201756
134602875
123608574
034125876
813204576
170432865
360278514
358102764
025871634
340185726
813654072
134708652
871526430
832601574
148325760
130852764
460281375
541206738
157604832
152436087
025134687
243107865
812403765
718563420
374628015
430852716
024138765
120863754
374602158
283167540
123856740
324805167
136704285
723415068
150472863
813705426
123705648
510832764
713602854
837612540
358107624
713805246
263417085
843275016
273145068
425136087
031825764
034215867
123708654
640315827
712853064
142806753
134507682
134702685
134725068
324108675
035128764
732105486
123507846
012873645
135402876
620384751
013854267
120354786
283105746
830245176
813725046
560347218
134782065
810643752
781603452
813256740
120453876
135782046
813204765
123405876
123678054
374825016
081243765
163704582
182503764
162703584
374205816
216804735
152638047
813604275
832745061
156703284
872603514
034782615
240738615
810462753
813245076
172603854
134806275
154832760
351826740
014836752
123784065
234107685
462871035
734215680
018643725
015243876
078625413
713845260
610827453
813726054
013627854
851476032
273856014
072164835
143875026
814532076
830712654
023654187
162408537
853172640
134805726
813705426
123786540
013825746
728304651
162534870
714625830
837245160
630184752
034125876
142607538
461205387
253168740
728503164
782613045
283704615
842715630
162854037
234156078
510643728
813205746
138754260
028563174
124738065
064372185
283104765
234718065
280163754
041785236
148503762
236104857
830215746
830214765
124376850
156842073
172463085
140762358
634201875
413805726
268573140
348165072
283704615
273158640
127306854
830754612
730814265
812703564
025134768
237164850
480273615
714306582
014572836
813206754
840235716
081246753
814652073
682105743
283715046
081752463
415826730
430215876
123604758
815306724
123806754
842715063
123856740
710543286
240158736
135826740
152708634
480213765
013825746
263107854
374165082
234607815
341702685
281503746
246173085
164235870
268145730
517804263
710453682
148672035
871603542
682413075
812735640
038425176
813725046
831402765
813264750
140632875
823501674
142803765
617804235
826103754
283105746
123786054
234105786
234516087
083124756
274651038
014832765
834217065
387201654
821673540
836174025
342185760
042673158
431285076
728103654
613802754
483105762
230685147
280643751
734615820
067314825
760381524
263145870
381506742
482506173
680413725
432185067
813205746
837405621
134705286
283714065
165203847
810352476
034156872
712684035
821734065
143705268
820463751
835176024
270638541
067324185
324801765
174803265
861402753
013825746
134708265
142803765
234185760
128704365
014352768
140732568
312708465
821304765
234706185
263784015
134802657
781234065
248713650
451803726
863702514
162853074
314806572
042673815
164205783
873601452
235804716
126854730
028153746
230185746
384102765
834625071
823506147
123856074
430128765
234185076
812605743
138752064
130827564
130725486
235706481
126457083
236107584
120783546
320514678
235146870
014235876
260173548
234806715
826403715
023164875
012867453
713625048
063214875
810643275
712803654
682704531
142803765
135782046
810724635
142803765
410725638
812576430
182703465
384205176
084231765
813724650
083216754
123607854
128743650
023164875
614802735
034125876
034172685
013826754
268713054
651823047
120653847
120786453
721603485
034175862
173604285
162845073
714385260
542163780
120743685
245637018
136842570
034268175
123806754
841723650
120563874
812706543
734205618
127603458
072418653
135426870
125304687
134802765
152867034
280741365
038174562
172803564
813472065
810462753
482106753
243785160
012743685
813245760
123784650
813604275
812746053
124306758
613804725
215403876
035846217
130854726
013845276
213504876
128603754
230861754
283164750
713602854
814702635
140732685
863701254
812704653
123704685
240176853
830245761
230786514
324801765
123864075
813602574
123806754
037124568
130625847
530284176
812403765
813705642
243175086
048215367
120874536
824635017
783604215
851642073
061273854
172836450
627304185
823415760
520738614
563278014
216803547
134876250
134725680
536207184
123608574
580213746
138607425
163704825
041682753
850216743
123805746
730684152
861253740
123806754
230175486
542103876
783201456
014852736
840251736
162503874
834625071
682103754
147602835
230174685
153204876
037281654
234805761
123864750
872103465
012683745
182703654
263845710
281463075
374125680
028631475
825704613
126804753
123864750
014735286
718604235
130724685
612473850
354712086
180734625
324108675
061523874
026183745
123705486
861203754
243175086
134806527
810763524
123708465
031264758
283105746
743516082
120563748
134725680
613805742
783106524
763208514
023175648
123645087
841723065
146832750
820413765
023175486
140837625
630421875
783145062
283674015
163804752
046128753
153726840
812764035
015762843
283105746
172463085
813405762
348165072
084172653
612703485
130624875
172305648
813405627
548123760
813245760
047863251
246835710
412735086
814302765
283164750
123864750
163842750
841603275
713402865
468105732
283145760
152783460
253184760
230857164
027136485
872135460
753216840
814253076
285637410
025138746
123804765
523467180
230184765
014852736
830214765
234678150
120675843
834612750
216734058
812603547
245136780
248105736
836514027
013728654
725406183
147823650
248713065
810462753
812403765
814305726
381204765
142708653
283156074
682153740
834215076
830214765
682435710
234781056
162853074
428507163
283164075
186204735
810432765
123604875
058243176
613784250
123804765
738214650
278635041
130624875
634105287
782103456
123847650
134672085
283406157
124805763
813756042
482103765
152803674
081465273
430265178
283714065
217843065
014732685
451203876
832701654
248156073
023514876
123804765
813725046
213847560
134708652
234106758
258436170
412308765
023164758
146283075
681325047
142783065
083716524
631784052
137624850
350428716
813742560
164803725
173804625
084621573
054126387
713605428
254103876
023186754
613802754
142308675
142305768
230184657
085314276
214305876
360287154
026143875
710524638
281673045
016832754
640812573
123678540
530816472
127603458
134602875
036284175
034125876
612503784
153862740
142863750
430158726
123407658
354107682
076215843
813206754
810564723
612435870
724638015
134802765
012647853
123708654
812463075
258436017
123674085
235486170
340725618
130784652
312507684
782104365
125803476
812743065
163807254
248156073
836714520
182703654
814753062
637801524
123405876
130728654
012873456
841203765
841203765
213874065
034218765
540132876
034782615
123804765
863207154
162805743
123845076
312805746
234856170
123704685
132708456
026143875
134275086
271603845
013824765
160732458
180643725
017862543
134205876
031274856
142603875
572108463
830764215
078612534
123864750
324781650
314702658
830671524
263104875
130274865
816732054
873154620
135768420
213506847
824163075
123708654
163504872
123864750
714308652
154832760
813407265
140536872
230154786
024138765
134206857
814205763
013426857
142803765
463201875
120673485
083216547
841725036
173604285
870412653
723106548
380241765
142603875
145306287
123604875
425167083
783204165
836107254
263157084
814725630
812734056
386102754
254108736
234751680
123864075
132647850
182753640
120873645
123786540
812674053
150483276
142307658
083245176
730284165
182345760
364801275
730624518
630274185
681204753
083645127
682134750
014238675
146703582
364871250
142703685
425186730
230156748
146803752
160732584
123704685
180735426
135874260
234106587
180735642
071283654
234105786
834506127
123804576
730214685
134805726
716823054
043821756
170542386
512806743
013248765
480562173
840631275
672804135
316824570
062183754
432815076
230875146
174825630
035816274
756234180
024738615
234678015
135204867
013427865
081253746
328164750
430861725
682713054
012835764
726403185
283405617
723415680
314785062
120785643
683724015
081743625
813204765
082173654
613758024
263805741
142603875
234168075
152843076
582103674
814306275
185403627
283701654
034268175
012873564
734186025
748613025
123657084
736201584
613207854
840312765
134802765
613204875
234105786
263104758
412783560
021873465
284153760
810632475
324105876
123678540
263814075
082713645
584201763
028354716
182503764
812706543
123785046
578403261
812306574
130486752
431502876
230475816
456203817
120783654
740318265
182563740
813607254
460183752
012643875
028741653
380265174
214306857
