283140765
103625847
704821635
812643507
137450268
182034765
608325417
107463825
681734205
203186547
182354607
802416753
107542863
104683527
812760543
681453702
802415736
803715426
203145768
407315268
736510824
268710543
851240763
154620837
123785406
204138765
173082654
126038754
452037186
263180745
156830724
205738416
345786201
617328504
612075384
731542608
123540867
412560837
102835476
827460531
764085312
508137642
813024765
205136847
105836724
102653847
372084615
167320845
427380165
813047652
243687105
162387405
834160572
438150726
617254803
614870532
841075632
285346107
243786501
152064873
345012687
651074283
853017264
412683705
478130652
402675831
213067845
456023178
153026847
205164378
763241508
371048625
723510864
384067215
845360271
584026173
483625701
734021685
512043786
152467803
561340287
804312765
452718603
217843605
605128743
634210875
372680541
435260178
208435167
735821604
285460173
401572863
134657802
714350286
834015762
642713805
285731406
814367502
208436517
142758603
812735604
146832705
137420865
326814705
517346208
103862574
815720643
835460217
612074583
183746502
785032614
207415368
183520674
753012486
803765241
784536201
235786401
314026875
601824735
518720634
203674158
314276805
805326174
123587604
108234765
682015743
152470638
713860542
714025683
175830624
413025876
863574201
364710582
314780625
328164705
135826704
803651427
104832765
287034165
813075426
851043762
674053821
853210476
824017563
713840265
735140862
503742816
608214735
236871504
651430287
728135406
123056874
273150648
601853274
263058147
735420618
102365847
365014872
704381625
142083765
871640352
721380654
305267184
246081375
134065827
402185367
713564802
125874603
123058476
286374501
634728105
174365208
231046785
371425806
781430625
703682451
618735204
463028715
187560234
273410865
802745613
842310765
243750618
812530674
128064735
123086754
863015742
801762543
302854167
273458106
523071846
746052381
208753416
821035746
304781265
175480236
364025187
307142658
813072546
804326715
802473615
835216704
103854726
431785602
601523874
713260584
453026187
703564182
487120653
302845176
642180753
214085367
834672501
813026754
134820657
283145706
817320564
162840735
142670853
138674205
285041763
413862705
201534786
164230875
603218457
368721504
207163458
213048657
123057846
405367218
738642501
856013742
408251376
604182375
304186752
138076524
476083215
271083654
351240786
408136752
236785104
783510624
175026843
158420763
261053847
182057463
723016854
782164305
142830576
126035748
263180457
803516274
325164807
801245736
581037264
123845706
741650832
813256704
281740365
607321845
801243765
804763512
248735601
234678105
302784165
162743805
716084532
142075638
173685402
183052674
768043251
608472513
248360715
123780546
403127856
134082765
102645837
371084526
163820574
462813705
324670851
621087534
123856704
714325608
875042613
712840635
742650381
876520341
238460517
247038156
425036871
416273805
613274805
603571482
813470265
627134805
845031726
203684175
134865207
741023568
713840265
235780416
163480725
205731468
216530874
543180762
708436152
527483106
134265708
128750346
813062457
236051847
142758603
714385206
134056287
163850724
783541206
841673205
103825746
624130758
365172408
821540736
145723608
342180765
701253648
802731654
273846501
864253107
145623807
402183765
403157286
405231687
304285617
283760451
142736805
264713805
103264785
813064527
236058174
125638704
124850376
103862574
345210786
523740186
703625814
348760152
345067182
103856274
673045218
586210734
835240176
182430675
621075483
586731402
382516704
832746105
786150243
305781462
123085746
105643827
806153742
147680325
861245703
804216735
425137608
406152837
582143706
813072465
814230756
803546721
384120765
245036817
107452836
403128657
614372805
612430875
162748503
834261705
102856734
408231756
234810756
651083427
572483601
142863705
623015487
481072635
651240873
371526804
154062837
803527164
513487206
183260745
384125706
123856704
521647308
853076214
302148765
253046781
173450862
108753624
103724685
281036745
527063148
812735604
103827564
812064573
712385604
853016472
134075628
701862345
264718503
608124537
304821765
638120754
703815462
673140825
485027316
102378654
708361542
136057284
306275184
104862375
528167403
106347852
703628541
263057184
273061548
285740631
304125876
837610425
206143587
384015726
307684251
125836407
861073524
105437286
425317806
783610542
582147603
825610437
425780316
512867403
306184725
608251473
248013765
203841765
718530246
127563804
152780463
105842763
786041532
374015286
263174805
805632741
387250416
283715406
536427108
614320875
162573804
328075416
205317468
412670835
823061475
126840753
134072685
134820765
426350178
812065437
102453876
503421867
784015362
218743506
812750463
548123706
174085236
342081756
641782503
763158204
865341702
478613502
306258174
157634802
701284635
638140725
102573846
802641375
245078136
801723654
105328746
125780643
364017852
243017865
104263875
703824561
823160745
106748235
506873412
421053786
845032617
275163408
602314857
283071654
123475806
104783562
347180625
823067514
604123875
712843506
613784205
306275418
683021475
163274508
301784256
601432875
832140765
835712604
612035874
712083654
104523687
106354872
203458716
863241705
706321548
213046875
387014652
107852463
802763154
607531428
516832704
483017265
634780251
236580174
163270845
108342765
512760834
486713502
415236708
103827564
782650143
168072345
102643875
328560741
153620874
183645702
508617423
801253746
127083654
187625304
712086534
107843625
806721543
874631502
548170362
635124807
253014786
703256148
263140875
712063584
102348675
164273805
758613402
427063185
245031876
426130857
613027485
812630754
301276584
265780314
154082673
703456821
153468702
781062435
375821406
152746803
837265401
136274805
136820547
364128705
628731504
376150482
712680354
312074856
201463758
106358274
123867504
652430178
134058627
723680415
831720645
814723506
102783654
427063185
814730652
154073682
308125746
124075368
475018326
871620453
801632475
142780536
614375208
164852703
384760512
108732654
813256704
624035871
703245168
425016378
367051482
801346725
502143687
801453276
136840725
364057182
586120437
304278156
207134865
162483705
684130572
102485763
107328456
203465187
825071463
204753186
561247803
103724685
846527301
801754623
345761208
528340176
436120875
142650837
314280765
801452736
734816502
306415827
834215706
103658247
851023746
834651702
604731285
341285607
816243705
245361708
724150638
812647305
781456302
678430215
401862735
203561874
314860257
172630854
852074163
128536704
123750648
123065847
184065237
832740561
384750621
123784605
287510463
823061754
801743625
207836514
871043265
246018735
107632854
376842501
862170354
532071864
784630512
235471608
703421856
205173846
205136784
234750816
286135704
246710835
821630745
612734805
173254608
813025746
658230174
738560241
248065137
103875426
831650742
805326174
731842506
283745601
128054763
814675203
108472653
832741506
103527846
146035782
523071684
107432865
813740625
813065724
782045136
271053864
834670251
571028643
235046187
607142385
738250164
174062538
234168705
174623805
203784615
785132406
263480175
612830574
143052876
103745826
103254687
283140765
305248176
803724165
625014873
806741325
431085762
103675824
263710458
603724815
365280714
671834502
501826473
235140876
346120857
278134506
123860547
802415736
285340761
128063547
152043876
276145803
467135208
851042736
263540178
452836107
678154302
804612753
312648705
351082674
203418576
708561324
346018752
405218637
753642801
804615327
263184507
152380476
162570438
135827406
514273806
143728605
254176308
784520136
601843725
823064715
154730682
602814537
261537804
801743625
853012746
146370285
145830726
218573406
614278305
714062583
463015728
354027186
152063478
123054786
638071542
804153672
586124307
714032685
134820657
803517246
142830765
365140872
123748506
806234715
852073614
741036528
302678541
127640853
308567241
713452608
183027654
413850726
682034175
134056728
206481357
842315706
841035276
168734205
142835706
852410763
723045186
135720648
813670254
172580643
384712605
348260175
423015786
701423658
358710264
134856702
182347605
152470863
134672805
486251703
267835401
215078463
471083625
207134865
206143875
863270154
325167408
703428165
246758103
128630754
283451706
304785216
132754608
783064215
152430876
183564702
142083765
425817603
803724165
382475601
475320186
203174685
123478605
203174856
123560874
853120746
784510632
134067285
812764305
526130487
234057186
345018726
246370581
258073641
123784605
135064872
821670354
103784526
405368127
613274805
713564802
206157834
745820361
801754236
213846705
627130485
734068521
231746805
623045817
487023165
702184653
201834765
301275648
136547802
728643105
302784651
135742608
546270138
421650378
203451876
273045168
486510732
135420876
524618307
381640275
165238407
153240768
384715206
341085672
124350786
263840157
408712653
601378254
804235167
743821605
815423706
852370164
531062487
142580763
137456802
841723605
302156847
761283504
123078654
851234607
824367105
831572604
634081725
734250861
613874502
136427805
532710486
684270531
485023617
613024875
238460751
124560378
142783605
462380175
671320584
136870524
143062857
816352704
806731524
207138564
132654807
724830165
134276508
501376428
856270341
835710426
642130857
234560817
405386217
458130762
804721653
425086731
678034251
853027146
502317486
285014736
406725183
483165702
672018543
234158607
813024765
206137845
813275604
713280654
381576204
152480736
438015726
432715608
841230765
428036175
512873406
105437862
748153206
802513746
236714805
642730158
125734608
857361204
306271485
826071543
861730524
301857642
405832761
574081632
607814352
718052364
123576804
723814605
734820615
536810724
768310542
427360158
204135678
203175648
236084175
237140865
823760415
256143807
143860725
348621507
243760158
125674308
501284736
602437815
134657802
103864752
804675312
371025486
123845706
354012678
851637204
283710654
123845706
123074685
465310872
254716803
502186734
263851704
207153648
