341582076
620384175
134706825
617204385
413805267
316208754
640312875
023164587
314875026
034762851
174305682
023518746
054321768
152703486
568302741
781435062
246513087
013728654
421783065
612873054
264783051
412385076
564203817
672854310
281503746
028163475
618407352
025174863
013826754
280741653
314285760
162438057
123805746
370825461
130856274
365824017
750631284
148503762
748103562
240136758
713864250
130475862
340571826
146752830
683214750
013748256
517603428
140853627
048156723
047615832
621803475
423156078
136207485
814362075
672105348
123745680
035624718
134725680
613705482
130824765
645102837
124608375
280573614
823705614
432186075
328145076
251863074
184705263
172408563
230417685
381762045
341726850
240176853
148302657
856301472
280713654
534206187
714325680
754813062
130648527
240835176
086512374
124637085
027468531
734801265
536872014
063254178
417235680
831204675
640238715
812736450
271405638
018764235
683157024
840276531
034518267
710623485
145703286
526704138
123785046
413806275
632405871
530487261
827531046
670513482
671842530
684215730
152704836
180245637
281463075
638501724
840731625
782613045
023174685
783561042
853106724
143208765
043276815
420763185
123864750
230781654
374562810
051283476
820346175
754316820
125708643
076413258
485702361
841756032
238106457
518702346
281504763
068213754
846735021
125837640
134602875
478235061
130624875
512834760
123578046
842701635
145206837
452301876
683254170
125647083
253846170
014328765
162853074
813205746
248713065
470386125
071853246
780431625
423801567
137425860
843605712
140738652
641823075
076385142
810753426
813506274
175402638
716234850
240718536
462817530
017536824
630172548
081432765
183206574
064182753
143705268
176405823
062514873
418753026
128763054
137824056
436102875
471602358
248307516
238465017
875306214
045173862
610582743
281403765
124865073
162804735
034572186
713528046
034165278
123805746
613274085
180524376
814205376
082763415
680742531
763805142
831257640
483175026
260517384
063784125
780534162
270834615
310284765
130845762
160837524
143265087
231406857
123804765
874236510
730215486
135872640
821306754
230514876
273614085
072413856
162304875
870453261
814723056
036218754
182703465
234185760
084567312
314785062
023846517
348106725
023146857
847162053
573201648
635741280
123657840
083256174
813204657
612504873
247103685
183205476
683105724
012783465
174506382
140652837
246813750
248105367
058273164
068273514
471802653
670132458
082741635
435701286
670821543
013524867
672304158
243618075
063817245
340182765
235706148
186532740
428706315
120854763
810632475
130254876
347205861
123704685
760125834
160583742
712304658
348265170
025138746
026735184
120743685
152837046
384672015
123406785
246835710
082613547
780153642
123754860
058376241
852741063
710384265
073218654
123845760
510842367
243875061
071846253
813657024
784301625
384516270
420871635
234601785
835207164
384726015
214367085
523816470
814306752
063427185
012854763
761308245
234786015
263758140
063214875
713856024
358742016
245813670
731548026
148673052
318745260
416207538
835601247
236158074
426103785
816542073
812435760
210437586
123475860
413285067
417268350
184705632
873105462
051346827
283467150
214506387
615234870
153806274
152704683
054386271
064812735
035126487
067381542
513806247
374215086
748125036
120758346
348615027
283164750
136485270
682401375
320851476
642718053
612708534
120358764
634201875
814602753
123704685
146853072
182306754
142803765
143608275
071634852
510672843
240738615
768412350
183756024
516702843
312564087
271648053
036871452
815306247
012367485
210374865
845107326
236184075
031856472
430752186
425103876
273148056
071426853
476381250
813604752
835246170
014723865
142675038
834205716
180534672
431805276
120683457
284105376
235706481
245736810
213604785
810253746
456302187
128703645
213547680
510768432
164872350
024365817
283704615
280147635
763581024
283715046
425178630
123856740
862301547
162874530
026184753
015634287
738621054
163708524
462108573
582306741
023817465
450328761
815436072
548102376
461782350
435108762
143206758
250138746
145736280
430718652
783102546
378204165
281475063
816302754
872603451
281573064
628403175
813506274
374251680
860245137
834657210
460712583
130856427
723485160
812506734
013786542
640125837
423105786
381405276
134607852
360145728
751428630
123604875
820617453
124356780
025631487
513264870
054861723
018475326
235148076
254307816
354218760
314285076
013784652
534278160
420853761
034786251
054217863
385201476
143582670
081527346
478615023
823716045
283104765
243106785
143807526
081435267
230165847
612375084
158407362
410785623
463781025
284356071
184356027
423187065
135624780
045172683
025137864
173402685
453106827
360185427
123864075
265307814
134825076
813745062
165804372
758613042
412768053
628104375
510642837
513602847
123705648
014325786
516837420
723861045
384672150
520863417
283715046
210863457
251846730
342875160
680132754
250486731
430857261
283701654
630452187
154863072
830267154
584702316
840251736
037846251
186523047
436107285
184203576
012745638
215873064
814632057
165304827
834705612
826704315
268713540
154683027
841205736
872436150
810573624
265841730
324801765
182573460
234105786
283645170
810672345
081632754
260183745
527183640
345826071
280641573
023174685
634502871
824571360
215407863
830215746
260485137
783426150
643102758
082147365
235418067
340165827
173456028
841703625
812457036
483705126
713246850
126703854
018643725
846102753
437285061
412608753
715804623
820413765
158703462
147628035
348705612
480156723
276801543
125604837
362508741
073246851
082413765
813502764
178604532
240815736
837406125
027183465
243817065
384267015
430812765
017863524
012846753
450236178
045283176
234867015
064281735
410582673
234106758
786103254
123784650
012345876
283106754
326548170
042617835
580713264
360485172
471632085
042186375
283401756
632147058
283104765
021385476
516304827
123784065
154863720
314802756
418203765
426573810
318425076
043625871
134862075
150832746
345617028
861453027
350782416
074231685
814502736
623714085
143852760
812603475
810243765
134782065
270635148
826107345
418657230
270384165
182754036
123845076
825714630
342165087
061823754
450712863
482163750
360721845
563804217
812735640
740215836
128705463
756248130
415308726
671403825
813674025
162504783
715206483
816753240
763804125
130482765
265407183
051643872
130782456
364201857
483126750
032547186
354206817
518203746
670542183
273185046
412786035
138574620
835712640
023561748
283614570
462385170
482163075
487103625
281763054
154602837
081634725
628143075
435872016
584173260
134782065
671305248
013856274
420186753
462805317
328176450
156704238
670438215
360285147
834715062
278641350
654802137
156703284
163405278
864302175
150746238
673402815
613705248
163205487
810726453
123607854
281764035
451207863
268503174
123845076
786302541
130624875
235186740
012563874
123806754
783654012
082134657
863502417
610473825
870325164
820163574
234816075
851764320
731804256
650172843
280653147
028463715
714302856
234701586
026871543
024185637
326781054
351206748
134708652
123504867
130246875
812305476
234175068
012853746
347528160
412673058
830742561
813245076
270643815
831205476
243705186
812734056
341825076
134605827
014765238
420715683
143805627
420713865
527318640
870265134
715326480
612403875
320617485
135802746
130526874
420178653
512863740
018423765
513402687
846305217
082143756
781345026
581627340
328164750
524107368
165402837
472508163
430168752
843501762
086142537
751823064
260843715
037168524
562817034
810452736
463718520
120853746
063278154
712804635
364105827
016345827
026783541
032147856
063815742
350742186
258106347
850761432
250164837
234106875
630875241
830724651
340256178
620185437
518634072
145802763
514802763
437215086
152637084
132865074
632104587
124706853
256713084
784156230
267408531
423701658
712508463
056487213
130824765
170638452
183425076
510432867
360817254
630715248
346205781
425817630
326704185
458103627
358472610
124675830
386257014
163705284
310628754
712453086
723604185
230178546
418203765
684701532
317485026
234105786
078425631
761803425
316728054
342701586
240173865
583201746
143607825
813204765
142803765
016754382
025834671
243186075
246301578
430168752
627813540
037412685
154732680
034865217
516807243
812604735
825301647
248103765
028635174
042635817
831726450
813504267
280436751
842301765
130628745
876134520
140785632
710862453
216873045
063817524
674105238
135426870
284607135
273805461
364107285
780362145
814305726
812453670
840312765
260173854
735281460
153748620
081246753
573816240
013782456
748632015
043672185
150824736
230687154
014832765
613408275
135276084
841723065
512306784
356412087
153764082
014832765
125478036
280745316
814725063
243187056
084135276
712306548
842735016
167835240
351724086
320148765
125487630
783524160
123604587
140637285
163258074
351207846
760514823
142705638
347816052
120654873
620513478
643805217
250436187
081736254
243105687
240753186
721504386
153806742
034671285
624108735
581723640
583207641
812504763
316842750
158302746
871406253
823165740
743856120
517624083
130864752
713804265
043215687
236754180
043825176
672514038
078342156
034157682
023485176
251304876
013452786
630248175
182673054
835201746
013856274
041765832
038765142
421375086
513802746
041325876
640275831
140782653
012857436
123604875
812407563
120563874
356147082
162734058
273508416
083162754
124308657
714308526
146702853
534108726
784325016
248607153
376418250
230861754
170263548
845316072
243801657
023816574
140632875
086235741
831502746
083614275
142735068
836701524
016824753
430785261
238401765
345106827
421837650
073164285
712803654
064815723
043261875
062418735
043215687
243105876
873604125
085743261
328406157
541836270
374218650
134702685
632145870
057286413
476208153
681372045
263574180
172603854
145703286
140672853
138574620
781254360
381642075
831507426
653104872
842365017
278143065
136824750
836204157
681523740
248716530
612804753
076812543
074368125
180752643
682415037
812645730
210458763
135702648
374865210
134507826
