128340756
815726403
172063854
781340526
765043821
254036871
506728143
608725431
402785316
785412306
528713604
702156834
413280756
687450132
503467218
643587102
542018736
402153867
416780325
102865437
186073524
635472108
748230651
574130268
135084762
357614208
425713608
327184605
821670435
508712463
403217865
231047865
802716354
102675843
123465708
504163287
438517602
845670231
108462735
127830546
402137658
734860125
734286501
206547183
463278501
145038276
521083674
684175203
631840275
156034728
412573806
762831405
813640275
125470368
384520167
621387405
106748352
135742608
785036412
714052863
576013428
458120367
475316802
547610832
183075246
605317824
568720431
243086517
563140827
485723601
241750683
601587423
735240816
237051648
745013268
318420765
201763854
807524316
873540621
503624817
153074862
218035746
124763805
817425306
348721605
173625804
134782605
503641278
582076314
268173405
863271504
367412805
103856742
283017645
802614573
452831706
458320176
425013876
654081273
305476182
512630874
865370241
805421673
365820417
124680537
207863154
301682457
782014653
458026173
702465318
108257463
864053721
607821543
827164305
718653204
235180467
702648531
216453807
823415706
627085413
406317582
713846502
841073625
324758601
423580671
728016453
354268107
482160537
638470125
104563827
134875602
103854726
308761524
203564817
148732605
402865317
247013685
321480765
203654871
241570386
281734506
781423605
682175304
364875102
103876524
762514803
425031867
765018432
172853406
374560281
713428605
702546183
813760524
106875324
723150468
275163408
265130748
645370128
584260317
304721568
547630821
236480571
476251308
712063458
816073542
405138762
728061543
284631507
816240375
514273806
854210673
864172503
416057328
758430621
314258607
872640315
245683107
317046825
425013876
621034587
507248613
465230871
708564123
614057823
687023541
782653104
625078413
706421835
546310287
401873562
842173605
401572863
853246701
453071826
342180576
871360524
843215607
238540617
651034278
631280547
308164752
347210568
403587162
801427536
803246715
568043172
517084263
125630487
341027658
175068324
857026431
638041752
467035812
431758206
671452803
783510246
546083217
634271805
135074268
103824657
401837652
463870152
215634708
437062158
735086142
132875406
748563201
204675813
248071536
148057326
136584702
608132475
658234107
174368502
742830615
526183407
863210574
143678205
375140268
876240351
205648173
236014578
401375286
503178426
723158406
162085743
457130682
831072456
248670153
376825401
275186403
106824753
347826105
165270483
862413507
831042765
715683402
724068513
372865104
345762801
461053287
812053674
425178603
306152487
374086152
106427853
623180754
813056274
108642537
207164538
287014563
708164532
834710562
816054732
376180254
705823461
318026574
864327501
531064278
406271835
435278601
186472305
156720348
372014658
762815403
517836204
538270146
805617432
745168302
705132846
432016857
803125764
182073546
234057618
804132756
205834716
826314507
871520643
378210456
546217803
107243865
307568214
103572486
648173205
683021475
634570281
621370854
802513746
302768451
813650247
703854216
783541206
508362741
634015287
412735806
503618742
817035462
705318624
125840736
301642875
871560234
305417826
706185324
825416703
153062748
536270841
502347681
572016438
742658103
503674218
527134608
135048726
207854631
604127853
645837102
346027518
856721403
807625314
157046382
153082647
867230514
403861257
832617405
704682153
831624705
124537608
246150837
354180762
814053627
452736801
163780524
105342786
682714305
356014278
506432718
857230641
102637458
406132875
425130876
863052417
806251743
682153704
672034581
758320416
205134876
135074682
741023856
704352861
401857623
683245701
304281567
407183562
825036417
603214587
418230765
561340872
523610874
421630587
107645382
702186543
102364875
324870156
804172365
451680372
687425301
458261703
237154608
613825407
513760428
416032785
367041285
273150486
647581302
713260584
817435602
317850426
401682375
715043862
325716408
814562307
723065814
204831675
432017658
675380124
537012648
526147803
478532106
143250786
423867105
508163274
102835764
502641738
607432185
714280635
801273456
152836704
825014637
536214807
602451387
471260853
852043671
504871632
405728631
157038462
516038472
107684352
402715683
608712543
407283516
507213648
213647805
712843506
432756108
682543701
784023561
306541827
513624708
501382674
746820153
108742356
472513608
452130678
532870416
148036527
206487153
806537412
238670514
134780526
756321408
657130284
326415708
208456713
752014638
602148537
701238456
825046371
238165704
843710265
362015487
785610243
172046853
182743506
834256701
423160875
352160784
783260154
863570214
164853207
125043867
853742601
367158402
203168574
251078364
308147652
403768512
637450281
426058731
154026738
401532687
432017586
526041387
354760821
215083467
165382407
704351268
765013428
568130742
503184267
237014658
283465701
641058237
307851246
528136407
672540831
731560284
501637428
862540317
208716534
602375841
564810237
158342706
301476852
813256704
436150827
702863145
851042736
503481762
823057416
603217548
287410365
287361504
257043168
603824175
382061475
641028573
514023876
546820371
865713204
716052483
608137452
204875316
184270563
658341702
681720534
134062587
742063518
502178463
203856714
421367805
105784362
163720485
327510684
834257106
216048753
408176532
764183502
548273106
376015482
105724863
706352148
712046835
812053674
813240765
861034275
782045136
128735604
847153602
478163205
634810725
751086342
725168403
843025761
316750428
783012465
146572308
361450728
853640172
857360241
472360851
274018563
532061847
148270536
325168704
402135768
267845103
728450631
438160752
104732685
347160852
468015732
518274306
801462753
305421687
451728306
106852743
428015763
108735426
602745831
625013847
863052174
152086734
641823705
157042683
512730468
548721306
763452801
165230847
108237645
761530824
806135724
805176324
528670431
721034856
408275631
364850172
602435871
103625847
816230745
345021786
675428301
438057126
587210643
867350214
847012563
108236754
325470861
523680147
286310754
805716234
865214703
263170548
605842731
782314605
184537206
402631587
201784536
642350817
501723648
207814653
647120853
354276108
814620375
736850412
801562473
706481253
645280371
314027568
574162803
134078652
783065412
713045268
267380451
872564301
724183605
483167205
605148273
208153746
782145306
508746231
786014352
305278164
106327845
523716804
174380256
362045817
608425371
402165837
658012743
203154786
154860237
102846753
865073214
708451263
423081675
371280654
134620587
541380726
182736504
682143507
328745601
325140786
623540718
514870623
125478306
483052617
436128705
836452701
527486301
602843175
165470823
607154823
704851236
865074231
204168753
412357806
621783504
178023546
342850617
832750641
418367205
523170486
361475802
283054671
302847651
143720586
572840163
701352846
687013245
428370561
508214376
654123807
738062154
452710386
506127438
183024675
861452703
536082174
835021746
274350186
251043786
168743502
472358106
352748601
524170683
801754623
135762804
653728104
438260715
105762384
184720365
763281405
105462783
672813405
813062745
812057643
124837506
724685103
736024851
461830275
126458307
462735108
734210685
416058723
182563704
837062145
326510874
704635128
467031825
425378106
608134725
208715643
261053847
341085726
143850627
365147208
307214586
571460823
124830756
215867304
735628104
203618475
582046713
462310857
741350268
603428571
821740635
803614275
135820467
813056274
253160487
872056431
478360215
826047513
257184603
307251486
301478256
573480216
507638142
245671308
148072635
573410826
203716485
256078341
213846705
354620718
156084273
854126307
135027468
671034285
513047628
628043517
236751804
271483605
308521764
347215608
387425106
215063478
167428503
516034278
317048265
812056473
536041278
106834725
135046827
742381605
678241503
802457136
856340127
864570123
321857604
752163408
372581406
845271306
356042178
702158643
374062815
108725634
271645308
415360827
718043526
806143257
302458761
801327564
501863472
857230641
371680245
417360285
526438107
106853724
135867204
412085376
401763258
387041256
172045836
843021567
356481207
718260543
712086345
743658201
204178356
325076184
234560178
627583104
103826754
316852407
637052481
354160287
873042165
504278163
348065721
502813764
614530287
106375842
324065817
105427368
845762103
523470681
814627503
621073845
673014825
603754182
205736148
542068371
315042867
834510672
472150638
482013765
607481235
641058372
178420653
461032758
806247531
832145706
174063582
524716308
627310584
408123675
147320856
325741608
512740863
631480572
302546817
703214685
126835704
527416803
602374158
516743208
804215763
841632705
613027854
542783106
723865104
235017648
682713504
714350628
726810534
357148602
285760341
865240713
801327564
237410856
728145603
123785406
361042857
102874365
423618507
428610753
483710562
638045217
726580134
567210348
406132875
506234817
268043157
562738104
534861702
812573604
364120587
712435608
608743251
438021567
734280165
536120784
203814756
806435271
684035217
702481635
467835102
501234687
102453768
846053271
381056274
723810546
218365407
162043785
506371824
304685271
174658302
123540867
103426785
253867104
805462317
307582461
234150786
215630847
801432657
647520318
632415708
514628703
854210736
407261853
413860527
812045673
738014652
761084523
678520431
536014287
253170684
405326187
548012763
805342176
305627148
463870215
812073456
426078351
206813754
456231708
208651437
628570134
803126745
751346208
347018625
108623475
576382104
143062857
203865417
235470168
102876435
432570168
546812703
748613205
684350217
674320851
138754206
478062531
831250476
402631875
857063214
652143708
724861503
624851703
105867324
368420175
301674825
236710485
562418307
842061375
187423506
501268347
103456728
873061245
301625487
364215708
375281604
265041873
125360784
156820374
146083275
863250714
462150783
681024537
784620153
718230645
863015274
128743605
638750241
316042875
238140756
105834762
314867205
