134072685
703845126
243815706
813762405
107832564
283670415
531072468
123840765
423085617
306124875
403765182
708243165
103874625
126837405
234156708
305142876
236180754
813245706
815270463
834065172
138026754
802315476
203164875
253160748
134620875
283074615
106843275
813045276
802716543
465023187
283014765
761854302
803712654
175820643
823760154
712034865
146275803
506321784
172530846
608324715
208143765
482076513
134086752
873450261
408163725
103684725
813240765
162073584
836720154
104637852
278016543
105726483
135860724
783120654
714032685
367240185
358246107
817026453
304618275
408613527
134756208
203684175
146023785
304185726
817032645
763820541
714638502
728045163
405876132
604235817
103864275
203764185
402173685
836251704
234657108
612047853
273450168
713025486
123076584
245083617
405328761
708365124
713820564
753082614
316574802
602173584
145072683
658024137
723860514
586031427
602173584
283056174
263740185
613275408
132075846
836072541
712640853
801356742
526347108
423067158
503216874
513270846
413025876
128036574
152830746
873420651
805416273
512730846
723850416
813760452
136850742
805712436
613057842
723064185
708643215
134280675
415027683
236871504
208743615
203854176
152873604
703618524
357021648
104235876
741560823
283576104
238046175
234081675
623810745
127584603
104532867
658210473
426180753
624081753
175820436
237140865
871053462
405267138
482160753
263075814
728061543
721340685
681025347
148035726
135784602
681042357
305162847
106257384
803216754
213780645
108542367
801762543
368140752
675140328
134850726
452670138
304218765
742613508
126045837
803465217
684213507
152830746
306258174
813725406
614372805
103654827
871063254
283547106
103826754
372450618
325187604
264183705
123674805
123048675
206843715
374012856
106345278
125073846
508316742
468170352
634215807
608174235
326570184
802173654
345210867
823046175
786530412
412053687
642075183
846123705
502143768
806413527
863274105
123764508
108672543
137062485
813045276
126038754
732180654
871634205
604328175
726180543
136270548
803214765
162578403
548073216
803415276
137240685
103627854
406183275
845132706
405873261
846230751
253064187
823176504
801264735
401253876
601243875
706324581
625014873
402168735
203781654
782043165
603214587
617082453
823614705
538021764
103524786
615730284
253074168
234780615
813027645
152687403
768042315
432081765
102843765
245068731
814560372
682740531
814073526
813260754
451730286
213740865
153840726
142673805
102683745
835472601
163285407
846072135
104836752
813740625
537012864
107432865
734021685
816572304
735480162
603125874
501832764
153720684
784265103
641085327
831720645
473520816
103724568
302758416
258143706
213650874
401283675
451830267
237054816
435187602
102735468
608217534
276034518
142673805
406813725
618243507
283071546
205874613
243150876
738125604
425760138
802415736
607423815
734061825
412650873
603824751
826035147
813256704
263714508
102537486
263180745
204673851
703521648
812043765
123640875
238160457
173082654
142750638
842750361
618723504
126473805
346852701
563180247
812573604
873215406
145836702
801632754
134672805
401382765
615782403
134620875
304172685
256837401
142867503
387140265
203875614
162083754
812730456
124360875
103724685
305647182
152473806
164852703
268573104
143870265
406732185
184063275
103728546
251430867
123740685
145826307
234170568
806125437
234681705
813560742
208134756
813245706
401823765
162034875
124053876
275840136
456023178
813724605
504716823
123674805
283076514
721058643
102756384
102783546
471823605
137524608
834170265
137820564
103724685
234617805
201653874
602175483
378562104
823045716
745310286
714032685
576048312
735421806
103825746
561082743
126038754
132740865
135627804
704812365
105467823
508473261
261470853
376280145
728130465
354680172
261745803
123845706
841250736
867013542
258013746
206173854
832750641
205743816
123740856
813026754
823764105
381024765
158730462
182745603
142375806
152784603
678034512
628153407
872034165
501472683
467285103
263810754
132857604
731045862
708264351
304862157
305871426
378150642
136052874
816530724
708641253
102563874
674012835
652810743
813025746
853476201
123870564
134825706
154870326
801263754
273158604
872410653
732540186
123570468
603725418
401762853
142035876
872150643
205436187
385120467
381520764
243160857
135026874
283145706
684027531
125034768
804753621
801753264
134786502
784150236
603184275
182065734
613074852
712840563
803542716
706284531
452017368
803714625
846023751
123058476
102673854
568420137
623570148
641037258
145083726
287051463
812435706
356287401
703524681
253176804
514326708
523016478
734620185
123758604
174235608
104635827
134025768
783125406
217630548
805713624
147653802
426075318
703214685
813026754
341685702
754068231
706812543
582164703
702683154
863120754
712358406
142083657
132064785
106347852
241570863
683021754
728034516
401782635
504871632
846315207
207145638
701483625
142075638
801523764
283140765
402385761
103845762
812537406
608273514
782615304
137862504
813264705
235076481
258716304
205318647
713620548
102845736
346715208
604325187
831742605
106732584
103872654
283164705
813052764
136520874
712684305
206173854
103624758
143086257
134072685
682470135
258176403
235740618
104832765
204738615
613084725
831640572
207145638
685470231
834061275
514380762
728430615
803256174
123756408
283075416
305128764
702415638
135642807
304218576
124786305
805173264
784153602
483150762
651480273
365047128
134072568
672180435
136582407
862473105
381056427
436021857
468273105
716023548
206738451
148732605
325140867
642730815
836245701
103827456
604325871
804236175
602814375
524813607
751063428
601243875
516037284
847610235
842750136
314086725
102863754
814325706
864720315
132680754
638014725
234715806
731450862
162853704
371854602
503172846
103475862
283756401
123840657
135726408
213054768
614372805
104782365
781623504
284310765
284670513
103485726
683014752
216480753
142760583
162043857
234160758
802671435
104852736
456013872
134782605
134670852
201875643
274015683
403276581
852163704
123074685
102846753
538710624
815326704
612047853
104728635
258430176
802641537
138562704
814035726
106783524
248163705
572310684
142067385
385270461
183620754
714623508
413067285
385064217
831764205
304165827
812564703
812340756
621580473
123845706
126083457
608451723
851470632
256031487
248570361
461257308
283761405
412065873
864512703
462130875
604315782
627153804
824015736
302154876
137842605
503281674
362071854
273518406
843275106
813047265
306258174
103864752
602418573
843120657
164820753
742150368
861023754
258143706
731645208
803615724
834052176
362015874
401253876
124085763
812530674
312456807
732064581
842036751
123845706
836451207
784352601
385624701
854632701
106523784
513268704
851043276
835741602
423015678
105826437
761035842
814325706
268573104
783516204
315276408
125740863
134026857
287041365
135860724
103682754
506183724
105326847
608273514
742381605
136075482
124830756
781230654
273160458
137652804
802416753
781462305
712068435
403628175
245083176
508312764
802735164
721350864
235140687
641357208
306185427
728043156
638270154
563140782
708641253
813620574
147260853
701432685
106842735
806435712
152473806
302154768
641025837
308172654
703842651
862715304
803215746
163827405
132860745
304162875
526831407
107825643
834650217
216485307
673240185
751460832
625180743
302745816
384216705
472380615
204138657
128045736
106324785
483025671
816032754
147630852
148063725
603274518
861520473
265710348
218743506
718635402
104352768
342015867
604532187
726380145
216074385
643780215
275046813
814073652
748023165
714620835
701463528
723145806
136047825
354160287
708416253
506281473
103628574
412853706
801473652
123045768
103427586
203416587
371045682
123785406
364570821
105283746
421530786
813064275
814260735
851023746
734025186
182540736
834762105
308241765
716084532
173264805
826371504
134860752
873025164
514670832
184235706
182360475
821036754
142783605
305127468
106752483
273816405
812740653
302178645
573024816
728130654
385012746
245810673
135062478
401826753
836054172
123086547
623074815
415038726
804316752
812450736
104632875
425081763
534120768
602583174
134270865
802314675
345062178
143068527
302784165
106832754
172356408
137245608
203178654
823014567
602754138
135784602
201783564
462783105
346210758
103726458
213084756
502416873
842530176
108365742
716032845
324560187
852046173
245183706
713526804
304768215
801753642
345280617
205143678
345086217
123576804
386014725
183062547
612530784
463150872
283541607
324610875
273160584
132860745
465370821
628450713
134750628
804712563
603285417
134026857
408213765
173084625
243786501
213486507
106832754
103745268
384120765
471026853
104623578
851042736
304821576
638124705
325640187
156740238
702845631
712680543
248735601
452380716
203186754
804231765
482075316
682134705
813245706
472018653
308247615
123850746
123470865
145026783
416238705
814520736
812740653
487135602
803256174
823045716
218673504
238140675
578130246
153820764
274386501
103846725
801274653
273180654
874615302
134078652
813475206
705613482
136540827
675142803
108732654
453172806
103475286
846073215
823647105
523146807
142073685
703624851
105432876
125780643
417520683
142863705
327580641
738621504
563170284
704215683
286073154
104236785
821074635
718024365
267143805
123085746
234157806
124056378
205734186
283740615
243657801
601732548
207348615
136450287
408256317
413876205
823715604
328170564
836710524
204387615
123085746
861530274
841256703
106845723
103524786
741623805
807542613
801763245
658027431
513786204
813256704
523140768
801753264
281743605
284350716
253176804
157062438
746180325
804231765
854067213
812076435
136024875
135042876
281063754
402615873
384015726
256140738
275413608
283164705
815023764
304261857
283156704
712048653
183674502
285031746
821074563
815043726
371540286
134720685
613527408
504273186
123084765
152473806
782350164
762310845
134620875
847653201
405318726
156047328
103845762
204813765
104352768
241038765
283714605
603218574
813752604
806347251
237460158
804326715
345120768
134867502
