125478036
135862470
283751064
325408671
273648150
612387054
520476183
521348067
712403685
530126784
013645287
063745128
238176054
230486715
786243150
174302658
186245073
718302546
273145068
067832154
750621348
145608723
381206547
231604875
523601874
671504382
065327184
673824051
032871546
152648730
160834572
234178056
170453628
652301784
874102536
134852067
621473580
345726180
037546182
740538612
830516274
354102867
268503174
143608275
567302481
178402365
013748625
245106873
540312678
816752043
123785046
430856217
412307856
865431027
380172654
146358027
043175682
734625180
143605287
140632875
824735610
625403187
132705684
528731046
831745260
281354760
520364817
687201345
254806173
758136420
462758013
816254073
453167082
312504786
743806215
813204765
235708641
450736218
085731642
341807562
135728064
046832157
463108275
014263875
713582640
582306741
413206857
240873156
053867124
183724560
482156730
485107362
541607238
825604317
375246018
048723651
450826173
853407621
826104735
728436015
376428051
458703612
624705813
671403582
035267184
532706418
215368074
356107428
860317524
184673025
460521783
345172086
127506384
245678013
783601542
263705814
031572846
135786024
358702614
316745820
386475120
420163758
087346215
461357082
264815730
725463018
023615874
871402563
762413085
270153486
813245076
124786350
526873410
215873640
048713256
235147068
268403715
280173564
013872546
460317825
460215837
560178243
521803674
530418267
128703564
071648523
471203586
517624083
134506287
023416875
815246730
236405817
450316827
473216085
480713256
182476530
842306751
845302761
842571063
713652084
312584760
182753064
875306142
035814672
826413750
568712034
186205437
084136725
120348756
738625041
035826714
185632047
021846735
671834520
275801463
714835620
120453876
483721065
785204613
274583610
385126740
032745168
183205647
012435867
318205764
028653714
235401867
138402756
478502361
045672813
617302485
245678013
136407825
460258713
628304571
712483065
835402167
163208475
283561074
170358462
217386540
138765240
425783016
068213475
361274850
184376052
045371682
810642735
610372845
064358127
035126487
863275041
768432051
052184376
028143765
246305187
025341876
750364812
230781654
712803546
582601743
284351670
713826045
532806147
324108756
124385760
310286475
045823716
748205613
537106842
240851763
083124756
016435872
862301475
421803765
342867150
213607845
135462780
024785136
628103574
078134652
470218653
586702413
541603872
160248375
063871425
516234078
268534017
716342850
560427183
863124075
015736284
082634175
235478016
365128470
425701836
062183754
236107584
283106475
140785326
031642758
160728345
034275168
583206714
183705462
372405861
365407281
240681375
452678013
130824765
630215478
176483025
012453876
512687340
258306741
134802765
841673250
851403762
623587041
263801475
021764358
234608517
064873512
245683017
758204631
637804125
452831760
361728045
051246738
472605318
381462057
720841365
815403726
482603175
356204718
267403518
812657043
647108523
128746530
045837621
230481675
015247638
574283016
517283046
721403865
251708643
375208164
814765032
481237056
716523048
158423076
645312780
517302684
120853746
273105864
015826437
361458720
356218047
751203486
028136745
781402653
046385127
087235614
345807261
476138025
152734860
183276054
534167082
472301865
482635170
174283065
748261530
175634028
146782035
284506371
850647312
610354782
256108437
563218047
318704652
682704315
847312056
823704651
840137265
673125048
314708562
023416587
613205478
240837165
562387014
260874531
120638475
743801625
428507163
735126840
712485036
547286130
713526840
172563480
620541837
681702534
067123485
023164758
435872016
062473518
724801635
583146720
423805617
475861032
461785023
876504123
248765013
052167348
614508327
316825074
813407265
540367128
874563210
731524086
736104825
140385276
423801567
124875036
431526870
015824736
342708615
048217635
024176538
372845061
740831265
348706215
863405721
048721635
245863071
360714825
085124763
573684012
041835276
012345876
286301547
523817064
824573610
051438627
124573086
641705382
672583410
021483765
263105784
085624317
824713650
258637140
163872054
254176038
462107385
380164752
048153276
432815076
612835740
275408316
841306725
480713256
120853674
047832651
120746583
064135287
320618745
826371054
824701653
487321560
032861745
180563724
134726085
780514263
273108654
130624875
715283064
320648175
217603854
186742053
123406857
658703421
256471380
023156874
674125083
245736081
012874653
563724018
280473516
043278651
627401538
873125064
283145760
248103765
385604217
358204176
650831274
645187032
671824035
165843720
740182563
286351740
342608175
580412673
630187254
481726035
827406531
528306714
081426735
840715623
718304256
713205648
842631057
056784123
731802465
087135642
064312587
123465078
031468527
163258740
812305764
263458710
325846170
318274650
564102378
243105768
086741253
842105763
354786120
826571430
652103748
431205786
560432187
734518620
645201873
230647185
125608347
160237854
045631782
023861475
247183650
021465378
258104376
628745013
541687032
082761453
120743685
328704156
813207645
054238176
268351470
073215648
612853047
843705216
340826175
381405762
012783654
810735462
026143875
180263745
241365870
487136250
283671054
057438126
184207563
856203714
421507683
084615732
427683150
275413068
067128534
174608235
825604731
245103786
123704685
743205168
164325078
213805764
340865172
142803765
135826740
718534062
621704385
836512074
820475163
063871254
846201357
861205437
126473850
673158420
072648531
516238047
816527430
326704185
370415862
065387421
062158734
281503746
860437152
824731056
357604218
687103452
614837520
683214750
153426078
378602451
136405287
183576420
478103652
210574683
541802736
418703625
271483065
152308764
067138542
283741056
634207518
345178620
126438750
715304682
064521873
132405867
460532817
725106384
820673514
461803275
862703154
065213748
512804367
785304621
572168043
630827154
370845621
583702614
350741682
142835760
274306581
640183572
283607154
620371854
623714085
278614530
056812734
821305467
627813540
138452760
062375418
154836270
076832145
283145076
180752643
634501782
574326081
370216485
013876452
786253041
160832754
178435620
031847625
528701643
862403517
163257048
813502647
687542310
783205614
142657830
561834072
387514260
712605483
236718540
613802547
417208536
085132476
156807234
685301724
152804376
632758140
415702638
326485017
420615387
246105837
013248765
284705361
321584670
270843165
285601734
487136025
712345086
837541260
420158376
354706821
142367085
841576230
120385746
064783215
481532760
281456730
125608734
638451072
873162540
057348621
230456781
036412875
083471256
246103587
728403156
518207364
283105746
415283076
542316078
251647830
845201376
781624035
852374016
753264810
527183640
758104362
172468530
724685013
130528764
134708265
231876045
821605734
265304187
364815027
043851762
024185763
526731840
186207534
213407856
274301856
036854172
241783560
762508143
215487360
421386075
510237486
635284017
750231864
184372650
068154732
834605721
236748015
254186073
164782053
538601274
745601382
140756283
041753862
670218543
186203475
367105842
684702351
054217638
076524831
268713540
351472086
172438065
451278630
142608573
081245736
186234075
354601782
531874062
142375086
864713520
043871265
684502317
263187450
538642017
186703452
180624735
765812034
530284176
627805134
013584627
345178620
874521630
340718625
163524078
380154726
138507246
120764385
740153628
734582061
380246751
326817054
874205136
835206471
413527086
315604827
085647231
164208357
024685317
715263048
172608453
821536470
810632754
821706534
472183650
425706138
617852430
042857316
034256817
120834675
015723684
713402586
068257314
853264170
064183725
530781642
123804765
410826375
728504613
867203514
751804632
163407852
134268057
065728413
274805163
148762053
465823710
018365742
837641052
714306582
468513720
250136784
148207653
073542861
534806721
472318065
740283561
213605874
382704651
781204635
823605174
345706128
283105746
015842763
041685732
265184730
017243658
032146758
163702548
326804157
742603518
143805276
681427350
435206178
240651387
084236517
283501764
264731058
238104675
268457031
072183564
276851340
260378415
853142076
846127530
350876124
573184026
120863754
160587432
482106537
360852147
268503174
523816047
135604728
015742368
630754821
213468750
823705146
750162483
760135284
431708625
362874150
417508263
431562780
182504736
420758136
142365780
613572840
124368750
851407326
871203456
540718263
056437281
025761483
560378142
831204567
360175482
516478230
813724065
651438072
653208714
378104625
234807516
674382150
815234076
623847510
172506834
183745026
813204765
721304685
034182765
056284137
861304752
053264718
426503871
314806572
560827413
263708415
123804657
413805726
674108325
370526481
673801254
358672140
083715642
681325470
320615784
642173580
867521043
251703846
627405831
516208743
186274530
246105783
623781045
165402783
270618345
281476035
047658132
163745820
137205864
834705126
870642153
864123570
182306754
120783546
670245813
231875640
785412360
560247138
835721046
532807416
563208174
780251643
342856017
025413768
230864715
045178326
230678514
832761045
321568047
814325760
478103265
014682573
372814065
265134870
842706531
310625487
146803527
136782054
061872543
724508316
268417053
043528716
084632715
326508471
150782463
135406827
354172068
528306147
370864152
247815630
813407265
130825674
876304521
034125768
530476281
712805643
283456170
726108543
627148350
683721540
780162543
123605784
832561074
216573084
217504863
651803742
760128543
267143850
831725064
435167280
671423085
631725048
147503826
460271358
738406152
013758264
780354612
164758230
648207513
123605847
813264750
756384120
150843726
671208453
874602351
745382610
743582016
038164275
214867530
486132075
073148652
571403862
386502741
564203817
782563410
342615780
130284756
823547061
620713485
120648357
248167053
146205387
265103487
436127058
837652041
462803715
325401876
256804713
038261475
178253640
012863754
461802573
078523164
263107485
