123045876
834210765
102853746
304182765
283140765
103826754
203156874
813074625
102743685
813720546
102863754
683214705
123864705
203784615
106832754
135720648
813024765
162083754
123674805
813024765
103826754
123840765
134850726
134860752
234160875
102783654
123784605
123078654
123864705
123864705
813024765
234160875
162083754
123840765
123045876
813740625
123064875
103854726
142830765
812463705
304125876
263174805
134825706
812043765
123084765
123750648
123840765
813724605
123860754
123064875
153240876
273014685
103624875
123864705
123640875
123740685
102863754
234168705
234180765
834250716
123845706
123064875
123840765
263045187
105832746
123640875
123784605
123786504
234180765
162083754
614032875
123074685
235180746
812743605
182730465
203184765
263057184
123864705
123045768
812043765
134820765
813264705
123784605
123084765
812576403
802713645
134825706
813024765
813024765
142856703
682013754
102843765
283714605
103724685
102743685
813250746
813074625
125340876
123840765
123840765
123086754
123860754
203186754
243016857
203184765
123840765
582013746
123640875
103824765
123078654
713240685
208143765
123845706
813026754
134025876
123640875
103824765
134082765
134862705
123864705
123840765
123674805
123576804
102643875
134620875
234168705
153840726
102843765
235140876
123084765
123784605
134850726
123084765
123856704
103824765
813724605
814320765
123840765
123085746
123840765
204136875
834261705
841260753
812463705
834710625
103824765
123860754
123784605
813724605
104832765
123856704
803214765
234168705
283014765
123864705
134850726
142673805
103824765
123078654
123840765
813240765
142863705
263170854
234180765
134025876
803264175
103854726
123840765
123864705
103824765
103824765
123784605
203186754
134082765
103824765
123840765
123845706
123475806
123840765
234016875
203184765
123845706
104832765
203184765
146530872
123840765
123075648
204138765
162083754
123780654
123845706
123840765
234168705
123045687
234180765
123084765
123054786
813240765
134725608
172063854
813264705
123064875
203184765
263174805
135820746
283710654
812063475
123864705
123864705
812750463
123840765
123084765
813674205
234180765
142780536
134720685
123840765
134820765
123670854
142830765
123864705
813024765
162853704
803214765
134620875
804312765
123780654
123064875
123045876
234185706
123840765
123860754
135820746
203184765
234168705
123064875
103724685
123045876
123840765
103724685
812740653
812063754
123840765
123045876
801723654
134025876
234168705
134860752
203184765
123084765
123864705
813724605
263174805
123450876
134782605
304185726
123084765
813674205
812043765
123864705
123674805
123860754
283045176
134825706
172630854
103425876
123086754
812043765
803415276
134820765
134820765
413025876
123084765
203164875
123864705
203164875
123085746
123078654
781620543
123840765
812043765
283140765
834215706
123084765
123674805
813264705
813724605
813074625
123840765
203781654
123850746
812043765
203186754
283145706
103728654
123850746
102863754
283674105
134820765
812063754
812043765
283064175
123840765
103824765
134082765
123840765
142830765
123784605
712043685
803214765
813725406
861230754
134862705
203145687
342180765
812063754
123864705
304182765
123845706
123085746
813024765
102863754
283164705
134825706
142830765
813674205
203184765
123056874
123045876
103825746
142035876
234015786
123850746
283164705
234185706
203174685
123780654
123064875
162830754
328140765
234160758
234180765
712830654
123840765
801432765
803216754
813724605
123850746
142830765
834210765
384162705
123840765
208163754
134256807
123758604
203184765
203186754
123845706
813024765
103824765
813264705
123045876
123840765
123864705
834721605
203174685
813560742
142830765
364172805
123864705
123745608
813024765
263140875
103624875
103824765
812063754
103725648
123074685
102863754
123085746
812063754
104632875
613024875
802413765
142835706
152843706
123845706
283140765
813256704
123864705
123045876
283160754
123678504
123864705
123845706
142863705
103824765
102743685
812730645
283160754
123856704
304185726
812730645
123064875
123845706
104832765
123864705
123864705
801243765
123084765
102863754
812764305
234018765
103824765
613028574
102853746
813045762
812743605
123740685
203184765
102843765
134062875
123860754
234180765
603215847
206143875
142083765
123086754
283160754
123084765
834210765
813072654
134862705
812430765
123085746
123064875
813726504
123640875
263814705
102845736
234180765
103724685
813724605
103824765
134085726
103824765
123840765
123560874
134782605
134082765
142083765
812430765
235180746
283014765
234180765
128043765
203145876
134820765
123674805
182753604
813264705
123840765
103824765
123745608
102843765
123840765
813024765
812740653
135826704
814320765
712083654
123840765
123086754
123864705
812430765
603214875
134672805
812043765
142863705
813724605
123045876
103724685
103824765
103425768
103624875
123450876
123856704
203781654
123674805
123674805
813264705
134825706
234185706
142863705
203184765
123075648
123085746
134620875
812063754
104832765
123864705
123784605
813026754
103824765
208143765
123784605
123864705
123740685
123784605
123674805
136024875
834210765
123786504
123845706
123640875
123780654
134862705
283164705
203186754
123640875
123084765
812063754
273014685
123840765
402173685
803214765
841263705
123450876
134620875
234170685
813245706
135042876
123674805
841230765
123758604
134782605
123670854
123870645
134072685
142830765
203164875
103824765
134820765
123674805
134820765
123084765
135820746
813024765
123064875
103825746
813752604
123785406
803714625
304182765
812463705
142863705
103726584
123856704
123860754
812753406
208163754
283056174
123784605
803214765
234180765
163784502
102843765
234085176
134672805
304175286
142063875
123085746
812043765
104832765
813240765
123064875
234018765
812463705
268013754
384125706
123845706
104832765
283140765
103826754
134820765
123064875
234180765
102853746
162850743
813264705
134825706
834610275
123084765
136082754
134820765
273610854
103425876
134025876
123674805
123840765
134072685
283714605
123085746
123084765
123860754
123674805
276013854
123840765
813072654
102843765
253160874
103824765
384120765
123860754
102743685
103864275
234160758
142863705
134250876
273140685
134785206
813264705
123850746
123674805
812743605
103826754
184072653
703814265
123845706
152043876
803214765
283016754
134062875
813250746
103824765
205138746
134860752
123780654
208713654
123085746
123670854
134650827
812063754
413025876
103824765
102843765
123784605
304218765
813045276
783012654
104832765
142083765
203164875
123845706
123064875
123085746
813745602
103784652
812063754
123084765
123864705
123860754
234015786
123840765
813026754
813024765
813024765
263157804
813024765
234018765
203164875
123047865
813024765
103824765
123074685
123840765
206143875
135826704
236084175
283150746
123670854
102643875
134025876
102843765
324175806
123078654
813724605
813024765
134782605
123064875
136850742
813725406
102843765
123840765
123856704
813024765
802613754
283160754
283016754
283145706
134820765
142830765
812763504
123840765
123084765
123864705
104835726
123856704
102743685
812460753
283156704
123450876
104832765
102673854
103826754
813725406
134782605
283164705
123084765
103824765
283140765
103854726
134785206
123845706
142730685
208163754
134720685
123085746
123758604
813724605
123084765
234018765
123840765
123784605
123845706
134820765
123840765
803245176
283064175
134782605
134250876
703218654
803214765
123784605
123074685
102643875
123784605
142830765
813264705
812630754
203164875
203164875
283710654
134820765
102863754
283640175
104835726
103874625
102863754
283140765
831420765
812043765
482150736
813724605
182053764
813240765
104635827
123576804
123856704
813024765
134820765
123860754
123840765
142083765
263170854
123840765
103824765
234015786
834260751
203164875
134820765
712643805
713284605
134825706
136520874
123784605
813026754
613024875
812043765
123840765
123840765
203185746
283714605
123758604
123084765
102863754
123860754
103826754
123086754
234180765
103724685
142863705
812650743
103824765
813026754
134025876
134850726
123084765
841260753
812430765
123845706
123845706
123845706
123064875
123845706
268013754
123860754
106832754
134625807
203185746
841263705
812063754
134862705
402183765
123856704
813024765
234718605
234085176
813024765
134825706
283164705
103624875
283140765
234160875
134078652
812670453
123750648
162083754
123064875
123864705
123864705
134825706
102563874
142783605
814032765
123084765
134085726
813720654
123840765
142785306
134825706
103826754
123845706
123084765
123780654
813074625
234180765
142863705
123086754
123840765
812743605
384120765
283064175
263174805
138072654
123758604
123864705
123084765
123084765
236180754
142083765
104832765
123640875
142863705
203145876
123075486
134825706
713024685
482063175
104832765
123084765
814062753
123840765
123864705
134782605
123840765
123064875
123840765
812043765
103724685
142863705
283014765
123840765
102753648
814035726
123740685
814730652
813024765
142863705
804231765
801723546
613024875
134862705
162853704
123856704
123045876
813074625
283640175
283014765
813026754
103824765
103825746
247130685
104832765
103826754
134062875
103725486
208143765
123845706
123084765
134082765
283470165
123475806
123064875
234068175
103825746
204135786
123640875
813264705
123785406
134862705
123845706
134820765
123084765
102643875
813260754
123850746
162830754
803714625
123864705
123074685
123845706
162834705
123860754
283145706
813260754
123740685
103824765
103627854
203184765
123780654
142083765
613820754
142835706
102843765
243015876
208143765
134820765
482135706
208143765
103425687
142035876
813724605
812043765
813264705
245183706
783014625
103864752
102783654
613024875
123670854
713024685
123078465
123086754
123086754
801243765
123856704
123845706
236150874
283014765
142863705
283074615
814732605
123860754
813724605
813752604
813024765
103624875
813264705
103824765
203186754
123084765
123780546
813240765
803214765
123650847
123864705
823041765
123084765
134085726
