145802763
374612085
123864075
136502874
035182746
243615087
170853426
283104765
142803765
120783654
782403651
238741065
630845217
124705683
120673854
210783456
134805726
123856074
712803465
123568740
150832746
123864075
013826754
140835726
248163750
286143750
810563274
123645870
240718653
470183625
812703645
123864750
142856073
134802765
283104765
123475086
120453768
162853074
135782460
123804765
120843765
123856740
014836752
134825076
283156740
164802375
170852634
024168375
134672085
135806247
160832754
345102687
123804765
850132764
123678054
183674052
813267054
042173685
120843765
123657084
813204765
152783046
123506874
234708615
142708653
810673254
013728654
123704685
710432685
123786540
130864752
123784065
123805746
283506174
861203754
123845760
130726584
813245076
081243765
123405876
234168075
123604875
123806754
130864752
120743685
682713054
023175648
130624875
821304765
123784650
248156730
230186754
273604815
142603875
123864075
234106758
068152743
280143765
235178064
034162875
841235760
234671058
830712654
130824765
013678254
835712640
134862075
834215760
134862750
612803574
023164875
123805746
120843765
012843765
014832765
842315760
234185076
817602543
043728615
042183765
234108765
086731524
134657820
280143765
123864075
230185746
013824765
813724065
083714625
134782065
134625870
123674085
153206784
618502473
418203765
340182765
734801265
813206754
123864075
023184765
851203746
253104867
230164875
270143685
362405178
812653074
234718065
263845710
043215876
813602574
234165870
134625870
162834750
830215746
134785026
142803765
142705638
623708514
160873254
072143865
134802765
123845076
384205176
423175680
081243765
235186740
012673854
783204165
123645870
283104765
083254716
012768543
120763584
081243765
134205876
123604875
034162875
013425876
073152864
830214765
712803654
712803654
283576014
243815076
813702654
123804765
812743065
164502873
120643875
813264075
134672085
123708654
123705486
142703685
173824650
132485076
123804765
248163075
812504763
470812635
413825076
038714652
841263075
123845760
128435760
182703654
861203754
480153762
142703685
481602753
830154276
142703685
123806754
813724065
716503284
263145087
263104875
082173654
120753648
123704568
134602875
213854076
120473865
240168753
813245076
783641052
120863754
071852643
120863754
023671854
081234675
834205716
134602875
134825076
612843075
132485760
813604275
130724685
682105743
073184625
134602875
273145680
123745068
123845760
120673854
714302685
156802743
137685024
142658370
152403687
813206754
813704625
123604875
072153846
123708654
013627854
631502784
012863475
230165784
180532764
136852740
023174685
120843765
813702654
172653840
014732685
046281753
134825760
813576240
831402765
134602875
142783065
314205786
123604875
861234750
243105876
315846072
234176085
014835726
123674085
013845276
843715026
234168750
423185076
714302685
482716053
130784652
123674850
063214875
150832746
234107685
320814765
815204367
246783015
160853724
034218765
134785260
814302765
813264750
123805746
135276840
273804165
283104765
140782653
123864075
841206753
162803754
156842073
280153746
123407865
082713645
386204751
235106847
234708615
264305817
123604875
123864075
152473086
814762053
837612054
234785610
814305726
283106754
281435760
230145687
216304875
123845760
013425876
034275816
823601754
123708654
013625478
230185746
723645180
136824750
137654028
834215760
234718065
813704625
831674052
123674850
234506178
142856730
724316580
014832765
162803754
134602875
140632875
730184625
123758640
816243075
782613045
613204875
780341652
013852764
034185726
283164075
240135867
134805726
634825170
820714653
063214875
623845170
384702615
180732654
832501764
123405768
248163075
123864750
243175086
813604275
083215746
851473026
263405187
014832765
134827650
681502743
813204765
032748615
123705486
048162753
625107834
123784065
082173654
234608175
123805746
123804765
283106754
263145870
013826754
013874625
023156487
836204157
620183754
813504726
084362175
841603275
810243765
834215076
024178635
720614538
123807564
213485760
172803564
234805761
120853746
142603875
043275186
142803765
718635042
581704632
623108754
123674850
013874625
123745680
834215760
023145768
283106754
834215076
123568074
348215076
472103685
018623754
283604175
473205186
314208765
720613845
123675480
841205736
253106487
130825746
234715086
120753648
136802754
083214765
130624875
381245076
234185076
123864750
123645870
714863052
062134875
813702654
235104876
813204765
283716540
213654087
834261075
810743625
134725680
142783650
150843726
234805176
315274086
042317685
085423176
237684150
150243687
812463750
813564270
023184765
142703685
283704615
026153847
456103872
834205671
283156740
135426870
710243685
142835760
416358072
013824765
028163754
138724650
234176085
243105876
123845760
716823054
234108765
610853742
235168470
134708265
123804765
135402687
813467025
841702653
834261750
142835760
230714865
135842760
134286750
810432765
023176584
042173685
234816075
083714625
152843076
283105746
234185760
123864075
234165870
120843765
834601275
235401786
823701564
012753648
123845076
085274316
013824765
834201765
432105876
413205876
023186754
234176850
234108765
173845620
420163875
631284750
273105648
034186275
243105876
120763584
235186740
014352768
412308765
523106478
430281765
724508316
267408153
123784065
042173685
283704615
123705486
142758630
064231875
123805746
641273085
340172685
123805746
142603875
023685471
012835647
056142873
283105746
273184650
120846753
328104765
012673485
813704625
137805624
240137685
135642087
124306758
813527064
142705386
036152874
123456087
123784065
235718460
082413765
730218654
810263754
320146587
123804765
830215746
682134750
142805736
780614235
813264750
283164075
420185736
423685170
130826754
135842760
142856730
841206753
820413765
234185760
023158764
083216754
120783654
834175260
812435760
248103765
834201765
235408176
123674850
812673450
123604875
840712635
123804765
720438615
012853746
815302746
341827065
135608427
415372086
082713645
230164875
123645870
123856074
832561740
182703654
230874651
134275086
013875642
841235760
234176850
230164875
268134750
512863740
072153684
134672085
123804765
152436087
234785610
123705486
460135827
283714650
861234750
028143765
841723650
160782435
257103486
263104875
142803765
120473865
134825760
082413765
270143685
263104875
013824765
130875642
028563174
140832765
384125076
123864075
135826074
253607148
123705648
023164875
136502874
136802754
830654217
142835760
134805726
013824765
130425876
134825076
813206754
684201735
130425876
123864750
314802756
013865472
136572084
084231765
283106754
134825760
283701654
123804765
152403876
814732650
082653174
135782046
840312765
834105276
140732685
135872064
123804765
234106875
820713645
142305876
043215876
872605413
324167850
613245870
512403867
263145087
134782065
580213746
230174685
134625870
813724065
136802754
243165078
180452763
462135870
623804175
610253847
283164075
273105648
830214765
234106758
123745680
120673854
268105743
136802754
073214685
234718650
812406753
182703654
861743025
120743568
273108654
023841765
142785036
014328765
813245760
120783546
413256870
730184625
123748056
013764825
583104726
374625081
126703548
423806715
263145870
172603854
013824765
812763540
023451687
147803625
034861275
123704685
851403762
048275631
314208765
240138765
134856720
142835760
034186752
812763540
014832765
863257140
613257840
123804765
614832750
142305876
038714265
083721645
130864752
051623847
052143876
681523740
162803754
123748560
120643875
813607254
260418753
152803746
123804765
723145086
632108574
385102746
123805746
360152874
273145068
123704685
612504873
123804765
134208756
273805461
120853746
140832765
123856740
142703685
245183760
712683540
630214875
123708654
160358742
384125760
013725648
283156740
613804257
613204875
810743625
134785260
034162875
123805746
810726534
430215876
234107856
013825746
234785610
134206857
164782053
016842735
834215760
082153764
014832765
263814075
182503764
714305286
123864075
462103875
023158764
841203765
130824765
081432765
142603875
126874350
243105876
283704615
134875620
123806754
130825746
123475086
810652743
123704685
812705634
612584370
024135786
134825076
013824765
384726150
324105876
130624875
513826074
123704685
136502874
123856740
182703654
083214765
283704615
142803765
130724685
130865724
123708654
123806754
823415076
143807265
813456270
253106874
123645087
263104875
682145730
613804572
140835726
120843765
125306847
034182765
213508746
283104765
142783065
157432860
810532746
123805746
134782065
813204765
283674015
250438176
812305476
624138750
041682375
651203847
610243875
137824560
123856074
163875042
283145760
083214765
013425876
283714065
283164075
083214765
120345876
123847650
413205876
263518074
861402753
134862750
061823754
830612574
260718543
083264175
813724650
263104875
283671054
162504837
814602753
083216754
810243765
810263754
123604875
014835726
123845076
123864750
283405176
182563074
782143065
812743065
142803765
283164750
123864750
123758064
120763584
246105837
123784065
123607854
243105687
014852673
128754063
380124765
146807532
123704685
134862075
813704625
142708653
863204175
123405876
123486750
830215746
863124750
023174685
013826754
340162875
123607854
120647853
234701658
152768430
123856740
120863754
123806754
123784065
023684175
120843765
834701625
812435760
825416730
015647832
386124750
123604875
236184750
013856742
814732650
530184726
084325176
283145076
134702685
438102765
027143685
123674085
813204765
642375180
120643875
872103654
814256370
270183654
013624875
012784635
230681745
270143685
123708654
012843765
182304765
713245680
283105746
480132765
063214875
023184765
130724685
134862750
130824765
812765430
248135760
263104875
013824765
142703685
183402765
172403865
230184765
472613850
123845760
123785460
841372650
781562043
123806754
584102736
123475086
123856740
134702685
023165847
812403765
812403765
182743560
123706584
162834750
034821765
136852074
140328765
136572840
230156874
234175680
013845276
462703185
123674085
234718065
