123805746
023185746
813204765
123758640
123856074
134856072
810263754
123405768
120783654
123806754
384102765
810243765
263104875
614872530
123806754
342185760
123704685
142803765
012843765
081743625
120743685
782103645
130854726
834702651
823601754
613804725
364805217
325176840
134825760
364107528
126403875
163804275
142803765
034182765
813726054
134802765
482713065
034285176
830215746
162803754
012783654
134275860
135426870
854306721
821503764
013824765
123804765
283105746
123804765
134862750
813726540
283405761
364208175
273604815
123806754
013426857
012647853
140235876
813764052
236718540
248576013
714632085
283145760
861253074
321504876
023184765
134805726
140832765
280163754
134725680
013425876
134802765
123568074
123804765
153804726
123756480
135702648
834201765
123604875
740328615
823401765
432156087
815204736
182743056
283104765
234168750
425317086
273106845
123784650
023164875
283104765
710832654
834215076
123804765
162803754
134702685
012743685
713624085
130728654
235814076
123806754
152803746
462103875
430185762
783604215
140832765
123806754
034218765
014782653
135402876
813204765
123864750
135206874
384162075
283714065
283704615
813204765
134862750
841235760
485371026
134827650
816302754
462173085
062185743
283164750
813705426
130824765
162834750
130824765
276153840
134758062
342107685
123708654
123804765
142785360
162783054
834752061
263507184
123465078
034182765
830216754
152843076
123756480
042863715
123604875
871653240
120843765
120743685
120643875
613802754
012783654
813502764
134825076
235806741
234185076
135826740
130425687
813264750
413826057
830615472
834702651
142806753
142807356
713204685
230186754
134602875
123405876
123804765
061823754
123845076
125304876
063184275
083264175
230184765
873104265
123607854
134782065
012846753
812403765
283164750
153804726
712403685
081432765
342185076
230186754
812743065
142783065
013856274
253786014
120673854
482713065
276103854
145823760
123705486
123804765
812743650
130725648
083264175
283714650
810324765
840312765
142803765
462103875
123708654
134702685
283164750
340125876
340182765
120743685
012853746
713625048
120843765
283105746
013824765
072813654
714302685
682304175
162734580
812746053
120453876
013724685
134825760
162803754
123745680
063214875
812604735
814705236
123805746
140835726
134725680
234107685
134602875
812703645
834215076
123845760
120843765
263104875
285401376
021873654
081263754
013624875
012743685
123705486
812743065
482715036
134806752
340152786
814362075
130854726
280153746
723805641
813264075
162834750
813264075
123856740
063274851
840231765
230186754
036172584
413205768
012843765
682153074
016832754
123845760
812603754
083216754
813724650
273108654
283701654
084235167
342105786
134806275
270613854
812735640
120863754
243105876
123806754
263814075
142673850
034162875
318574260
813567420
613274850
123805746
013826754
123806547
150832746
280143765
813702654
263157840
720413685
134865270
364705812
142835760
350172648
028143765
385142076
130824765
123845076
283607154
234187065
128435076
023174685
482305176
812703645
234185076
023147865
034172685
123864075
120843765
013825746
283104765
142863750
182753640
123845076
134256870
123864750
123708465
682103754
814302765
354268170
810743625
014873652
613204875
234815670
120753486
634802751
123758640
142703685
134678052
135826074
134256870
123607854
241608375
023764185
813745620
064172583
813724065
023186754
043256187
120863754
813206754
047283165
713205648
268105743
160824753
254103876
123674085
145236870
123745680
218703654
812573064
130725486
263105784
248673150
120863754
234708615
123784065
230164875
123856074
142835760
312475860
823415076
123806754
280143765
012843765
130724685
713284650
123806547
861253740
280163754
273184065
710832654
083214765
123864750
041382765
281403765
130826754
052813764
123805746
830614275
123845076
142603875
815403726
812603754
813206754
234185076
014836752
234105786
340182765
283714065
814506372
120683574
123845760
142803765
283104765
861723054
012753648
184723650
016832754
123708546
013824765
145803726
380714652
283156740
230154786
120753648
423185076
834215760
823174650
813704625
013826754
863145720
123804765
142803765
241385760
348201765
013824765
813206754
134802765
283451076
012843765
042173685
812703645
813264750
356782140
135802746
812753046
813742560
280143765
253106487
134602875
024138765
134275860
841263750
123804765
813704625
123674085
364102875
083216754
384105726
142835076
234875160
813726054
134802765
234718065
810324765
863204751
682713054
134782065
813745620
682103754
034182765
134625870
182753064
263107854
673204185
134806752
034821765
134702685
861253740
235167840
712608543
682104735
163504872
283701654
123405876
013728654
812703564
712643085
134825076
123804765
840631275
230187564
123705648
340218765
024315876
234168750
123406857
123805746
123804765
430216857
123845760
813205746
134275860
840231765
123804765
671203854
813406257
034216758
381264750
813704625
120748653
413205876
234785610
810432765
253184076
123804765
024136875
234108765
613204875
082713645
123678054
834215760
130674852
641507283
163845270
042183765
271683540
712403685
273614085
123705486
120783654
012843765
810263754
134602875
812435076
034218765
150832746
830256741
123805746
482135760
810762435
135426087
783104625
650347812
123806754
130724685
810243765
024835176
028153746
813264750
081742653
713628054
032148765
083512764
613204875
814732065
810742653
841702653
134825076
813264750
123784065
734516280
023186754
813204765
812435760
613824750
782104653
273104685
812506473
825613740
134756280
034265187
134876250
235718460
123804765
023164875
123764580
142673085
834205716
123704685
120843765
012843765
162783054
120743685
134862750
283104765
123604875
162845730
243156087
638714250
153846720
348201765
082153764
340162875
134806752
043128765
142835760
273405168
813724650
134702685
123806754
834701625
013784652
134862075
814736052
083216754
134802765
134702685
134625087
123704685
134275086
813264075
042183765
152643870
142856730
513426087
034285176
813264075
136802754
527183064
812403765
134625870
123806754
123856740
283714650
173645280
280743615
851236074
013624875
483265170
140836752
120643875
240135786
713208654
028143765
482703615
873214650
712503648
182703654
142803765
234105867
123864075
230184765
230164875
283145760
618402753
214375086
123786054
324805716
283645170
563208174
841203765
134806752
142603875
048213765
123845076
123785460
834275610
813204765
014832765
123804765
713804265
013824765
140862753
830614275
123845760
235146870
120843765
378102654
120845736
023184765
134602875
813752064
140832765
340618275
810352476
613824075
142783065
713204685
672403185
013862574
123845760
128743065
085312746
813607254
234108765
840735612
650172843
634215870
152803746
814302765
342175680
815326740
872103654
851762043
146803752
123805746
283714650
136704285
273804651
123584760
120743685
130864275
813245760
160873254
130425876
123678054
138702465
140832765
813725046
640372185
263145087
123657084
812435760
130865724
123864750
023184765
134862075
142783650
263104875
130825746
013824765
135406827
023184765
123784650
182734650
164572830
013824765
243167850
640152873
023145687
472103685
234108765
871634025
142603875
810742653
810673254
613827054
134782650
810753642
134785260
123865047
362471085
023176584
814305726
142863750
812406753
123804765
283714650
482713065
123607854
013874625
085431276
142783650
432615870
120453687
236184750
142605837
172603854
283104765
812406753
713806254
810632754
028143765
134802765
123745680
283106754
253106874
041273865
142703685
120563748
014635827
125867430
034276185
012743685
135628470
123507684
062185743
123708654
425361087
813204765
481302765
014835726
023186754
062843175
135627840
610432875
013724685
421806753
142708653
083216754
285701436
120863754
142805736
042173685
136802754
812435760
073618524
813245076
123864075
123845760
423165087
123804765
134702685
083216754
134605278
130825746
123784065
130826754
123864075
130624875
374206185
123607485
123864750
140862753
813245760
140235876
123845760
123805746
142805736
035867214
273108654
310856472
063125874
124805637
034267815
813752640
123704685
345208176
123475860
162803754
783615042
462817053
812603754
821753064
120783546
152703486
283405176
813674250
130825746
123845760
142605837
682103754
142835760
712863045
142803765
283714650
082614573
172603854
023176584
283104765
713624085
123867540
123804765
013724685
836251074
287134650
314208765
013824765
012843765
130824765
083216754
613257840
023184765
482103765
128763540
142783065
253104867
120743685
142673850
342185760
023164875
234165870
136852074
123784065
123604875
823501674
138705642
023156487
364125870
340182765
813764052
826713540
120783654
816732054
083216754
123845076
830614275
123605847
134802765
164852730
142803765
812703645
142603875
714302685
683204715
130725486
782135064
012863754
123804765
234185760
851703426
234708615
170632854
813405276
623108754
364105827
345286170
810243765
235106847
813204765
283165470
013824765
123804765
230784615
283104765
130425876
234108765
134856720
861253074
134607852
812406753
023178654
123784065
120753648
014235876
130425876
012483675
630824175
123674085
134862750
230178654
123764058
230785641
142803765
123806754
135406827
813206754
123607854
710253648
123784650
142806753
630184275
841752630
123845076
123645870
123604875
134805726
134802765
281743065
034125876
814302765
234708615
123856074
134782650
023164875
236105874
170832564
120753648
136245870
120683574
134802765
813724065
235106847
245316087
034125876
130852764
140835726
412608753
123784065
234708615
042135876
782614053
123804765
013824765
240736185
123784065
023184765
034216875
012873645
013872654
123864075
034216758
043128765
283714650
142703685
134865027
514306872
120473586
135802746
812743065
013825746
130824765
123604875
123604875
270843165
123604875
230164875
782145360
240635871
236108754
841203765
142835760
012843765
130854267
713284065
283715046
283164750
123475086
723586140
283764051
123576084
150832746
813724065
130754628
230784615
023167854
152703486
