713284065
123604875
042183765
126804753
314205786
420316587
860143725
230684175
038172465
123784065
135826740
263587014
420813756
063845217
130624875
123784650
043216857
682103754
810243765
830217645
364702185
830264175
283104765
723156084
728643015
813204765
123405876
234187650
123706584
173684025
042163875
013724685
813645270
123806754
250834716
148325760
142703685
023184765
240136758
012643875
314208765
283164075
123806754
240138765
812603754
830571642
123604875
283104765
243105768
162803754
135627840
134725680
168302754
142863750
071623854
284731065
012843765
134672085
831462075
283704615
123604875
130728465
234106875
813562740
123507846
813704625
134862750
140832765
482103765
260538174
023185746
712403685
240137685
364172850
364708215
238174650
120863754
123845760
123408675
841723650
430815726
013824765
013425768
813702654
013874625
130824765
324156870
014785326
123604875
034185726
185236074
413825076
063274185
012643875
023714658
830264175
120843765
120843765
153806742
123856074
013425876
172634850
234708615
123405876
812703564
120783654
123587640
248163075
236578140
135842076
130826754
123856074
234168075
013864752
634271085
834615270
123576840
123804765
235814076
123784065
123785046
612843750
023781465
130824765
123806754
614372085
813645270
012563874
813604275
451236870
621803754
073145862
314208765
374125680
710283654
142803765
268153740
234105867
823701645
123864750
423165870
127803654
283714065
013426857
620713854
123845076
134708652
013874625
248103765
130627854
134602875
413605827
028173645
123475086
123605847
234106875
783104625
260138754
142705386
123864075
820413765
136824750
841263075
123865047
268451730
462103875
130624875
123806754
140862753
860243175
341702685
023164875
125806743
013845762
384205617
834705612
324105876
810624375
023184765
283714065
483215760
624718035
830254716
814732065
182703654
123708546
230164758
812706543
728403615
123475086
135826740
423107685
123805746
248713065
418203765
012853746
230687154
123784650
150832746
814672035
123864750
830215746
042135876
468102753
248603175
123784065
384751620
123864075
013824765
281763540
841726053
134672850
083214765
830216754
812403765
150632847
063214875
123745680
023145768
014732685
134275086
813205746
840231765
712648053
130726584
348156270
283164075
134856720
834215760
812703645
276103854
173805642
142706358
083216754
123506874
136704528
123804765
851602743
123604875
368204715
123784065
123605847
063214875
263714058
243106857
482735610
813726054
813264075
130854726
142806753
820413765
640815237
240136875
813245760
013724685
142703685
162803754
142863075
283104765
142805736
230145876
681732054
130826754
283701654
358104726
013824765
123608574
123806754
610824735
023184765
345102768
283104765
123674085
083214765
123508764
120846753
160832754
016832754
810324765
243105687
810364752
123856074
273108546
152843760
283704615
324105687
812673450
812743650
613245870
160832754
072463815
283704615
023184765
710482653
023167854
130624875
012853746
281673045
123704685
283156740
140862753
472613085
083245176
283105746
123845076
023145687
134527860
184703625
273104685
263107854
813204765
016832754
610273854
813206754
812763540
120863754
182753640
023145876
837601254
236105874
173205846
812743065
240638175
120763584
135284760
823671045
721583064
123805746
140832765
812763054
273104685
841203765
142673850
710283654
083274615
013724685
123805746
123674085
134602875
214835760
123507468
012846753
142806753
527106483
240137856
120643875
123784065
834725016
013874625
681703425
834156027
426173058
841602735
063214875
123845760
123856740
374208156
123856074
012834675
431268075
834201765
123845076
024138765
614802735
374182065
123674085
120843765
163284075
123804765
023145876
142678530
120835764
023164875
123805746
340152786
153786042
123804765
123604875
283145076
136804725
841235760
123856740
283106754
418703625
283164750
613825470
023186754
152783460
812763054
134205768
283745061
283105746
123806475
124836075
516843072
283164750
723806451
123864075
421783065
283145076
718603542
123805746
013826754
432506187
134802765
134702685
013427865
813724065
243165078
135842760
283701654
385702416
013728654
045136872
713624085
162834750
281603754
083214765
073214685
812703645
137602548
130725486
123845076
123405876
834206751
243506187
235106784
073218654
740831652
234718065
123786054
712354680
314207685
234105867
123604875
023156874
423108765
234617085
014873265
123804765
263104875
283645170
130825746
386152740
612803745
712603584
145832670
045326187
263107854
283104765
634275180
810672453
482163750
713604825
283164750
120743685
384105726
243105876
123705486
142603875
140852736
081453276
023164875
123804765
238107654
123607854
023685147
073284165
120843765
283756410
123804765
023185746
123804765
230684175
813672054
013725486
123845760
812406753
234871650
064213785
123804765
012783654
034185726
812375460
034162875
235718046
614205387
812743065
268103754
230186754
124368750
123845076
634201875
123604875
034172685
123845760
230581764
123784065
084312765
263507184
142805736
324105876
024736185
234816750
724305681
138724650
123465780
210783645
123806754
831624750
813675042
072613584
813245760
072163854
182753640
714682053
123856740
134625870
034162875
813204765
023156874
014825376
823741065
234187650
234705681
814506372
813604752
710384652
140852736
234108765
013845276
812635470
283164750
813725046
420186753
234175680
235107648
230176458
123784650
134825076
082413765
784612035
123864075
634201875
120843765
834725160
812603475
385102746
812463750
234175068
134725068
234105786
812754630
124368750
014235876
610243875
283104765
130425876
035214876
027136854
234106875
712683054
123804765
031845726
230184765
813465720
026138754
810326754
142708653
280143765
123804765
123604875
812653740
123806754
246135870
026158743
145307826
813705426
482135760
081246753
134825076
123604875
810743625
081243765
683174025
013624758
413205876
324815760
073814265
135802746
472106583
812405736
023164875
472103685
713206584
134825760
813204765
142863075
123804765
180732654
236154870
713284650
135842076
123708654
123645870
123674850
123864750
816732054
026143875
013874625
123804765
123864750
813724065
134602875
630214875
130826754
123705648
834601275
712603584
073245168
135802746
261807543
123745680
718523064
123405876
123864750
612835740
283751640
713204685
083216754
340172685
123784065
123506487
812403576
240358176
123704685
134705286
123845760
713502846
840312765
260843715
123645087
134605278
123804765
813725046
850436172
123864075
230781465
142805736
813245760
812703645
243156870
034826751
123845760
014832765
728403615
142735680
813724065
123604875
134875062
152843760
120843765
120853746
023186754
135826740
813476520
123864750
160532874
273105486
134862075
120643875
274108635
134258760
142856073
134825760
812435760
123804765
123784065
130826754
813705642
813645270
023184765
147803625
142803765
014832765
236147850
368254170
230184765
480213765
142803765
023178654
240853716
013824765
082614735
482713065
142607853
415302876
083264175
813607542
723814650
142803765
813704625
162573084
634802175
123567480
138742560
138604752
260743185
081743625
123784650
014835726
023674815
813726054
136702584
713624085
724601853
182753640
083214765
123845760
023174685
120453876
134862750
250138746
273145680
120453876
134702685
081253746
281743065
153806274
831402765
123705486
134865270
136502874
135802746
130526874
236108754
812305476
123804765
253176840
013826754
123607854
023184765
681542730
183604725
817643025
612703485
012843765
082413765
813206754
712843056
834256710
813245760
813206754
652173084
123467850
248156730
123786540
380246175
120438765
834261075
130864752
153804726
045236178
134625087
230184765
810732645
283164075
127483650
813706524
142783065
284105637
134825760
123704685
034182765
814732650
012843765
130824765
234185760
013824765
813724065
283145760
162803475
023164875
283106754
084231765
042156873
084631275
345812076
023174685
123864750
034871625
082514763
084315726
813267054
425136870
821674035
042163875
023178654
136802754
235174860
014837625
142863075
832714650
120643875
813205746
172835640
130824765
713206584
738201654
834201765
841203765
142803765
123784065
236154870
120843765
210354876
023185746
230186754
035142876
280753416
123804765
123604875
810324765
240836715
432105876
134705628
120673854
162834750
123704685
673815042
023145687
034182765
120853746
423765180
023175648
042173685
283704615
025146873
034125768
273184650
120743685
380124765
014632875
812403765
230184765
230184765
136204875
135864072
812403765
713284650
816302754
134702685
210743865
820751643
142863750
813574062
123865047
130425876
134802765
142657830
236718054
014672853
240135786
123704685
634701285
135874026
134825760
173604285
230184765
138702654
731562840
135802746
123804765
283145760
130624875
812634750
134267850
134207658
023164875
135472086
034182765
263801754
314207856
834126075
083215746
283645170
283716054
813724065
814706532
123856074
283106754
813724065
482603175
820413765
814732065
123784650
134862750
023164875
230184765
013624875
042163875
834702651
480213765
123786054
023145687
230154786
713608524
482103765
823465170
230784615
123784650
162853740
013426857
034175628
342705681
123784065
682713054
034175286
123604875
814325760
243175860
123806475
342108765
123506874
142863750
613824075
461803752
823704516
012863754
138752064
162803754
781302645
472103685
123705648
234108765
342106875
124836750
810462753
012843765
135426870
014732685
234701658
023784615
012843765
018752643
014832765
123704685
142703685
134578260
214305876
164783025
613784025
123604875
120473865
083264175
128403765
142863075
283104765
278634150
134827650
384205176
281753046
253107684
081243765
253184076
283714065
014632875
123845076
835216740
023185746
134785026
120783654
083214765
124836075
230684175
034162875
042183765
120853746
130824765
236104857
072418653
123758640
083214765
263104875
024835176
180723645
184752630
813724650
835401276
083245176
460132875
250143867
364702185
340182765
123745068
136845720
130824765
230164758
146803752
012783654
