451826037
460182573
742385160
712846035
580426731
263805174
376124058
263574018
316502478
810243765
085147632
074812365
375106842
260143758
826703514
263805417
681703425
821457063
421703856
520371846
071463528
273501684
423756081
162705348
865402173
324105687
860254317
035264817
123704685
014563827
476301528
345127680
052374186
072186543
651832740
150826437
067251438
076342518
186453027
586103247
052436178
538206174
350217864
062435718
132408765
421863075
286417035
210485673
364801275
620374158
017826453
786234051
130245867
016874352
213465087
326751048
045123768
182765034
350486712
348156270
365472810
150238476
460321758
043817625
285301746
178263045
713602854
270638415
462803715
268475130
137658042
183247560
185647032
782601453
163275084
145826370
425801763
724815063
281375460
258713460
251803764
287463510
635287041
851406237
340851726
650827143
187563042
872364015
264357081
630175428
261834570
167325840
032618457
745386120
146205873
270315648
023678514
162708543
236154087
452103678
046721385
824301675
534216078
650874312
428106573
680251347
076341825
027135846
074318265
680527413
327158640
463102857
857142063
560327148
738415620
736148025
851264730
415823670
753481260
213406875
360825174
023187645
431826750
743801256
156234087
651302748
436801527
140725836
581402637
742803615
673854012
521673048
615203874
856241073
084123657
145632780
782603154
723604185
753106842
234675081
430617285
034871625
862347150
523801764
268105743
378421560
716502834
214358076
146732580
134205876
637452081
150764832
240318675
152483067
841205673
156407328
026734158
120476853
078621435
382175460
851742036
765148230
046812753
156308274
712634058
241876530
430561827
082547163
275608134
542108736
834257016
361208574
782135640
053748612
310462785
541687320
345128760
512803647
813402567
684301275
738601452
086245713
473201685
461327580
651372084
412706853
380264571
683251740
812603547
234718065
831742065
863712540
416372058
072154386
420671385
086231547
871243650
137546028
617832540
085476312
213408576
628437051
783645021
125807463
810235764
062874135
321574860
014732568
712836054
213658074
872613054
420763185
728305146
035784126
873251640
015627843
152738640
267145380
186374025
523861740
813564027
720154638
016543728
472135680
536872140
258641730
287341065
482301756
734218056
216435078
580347612
584702631
643501287
021543768
236701548
231645087
826301745
427106853
012638754
456107382
061324875
371205864
768542031
840763251
234105867
764821350
578203641
542813760
723406815
785401623
075162348
167403825
813405276
053671284
182367540
350728146
782645013
140873265
523174860
174835026
248507136
147602835
078634125
437806521
638257140
643127058
746238015
241703658
847106532
274105836
147802536
184276350
842701563
485301627
345708162
716852034
031824756
430576218
160327584
356802147
083215467
456738021
420715683
281764035
467823015
563748012
823165074
381452076
813604275
132705846
483705612
143725086
126384075
730415826
284157063
347605128
315827064
710562843
538207461
756124380
612805473
380641752
750128634
837126540
176543028
237601584
720615834
261403875
653278041
512784360
152703864
580671324
187605324
548763120
014762358
216705483
723564018
150348762
258436170
475301682
021734568
862431075
023865741
157384620
356407218
031784625
751462830
786532041
270346185
623785140
653204781
082634175
037285164
375401286
627403815
370258461
128306574
146325870
384612570
783204516
713826045
023178654
236108475
027158463
724815630
652703184
861573024
465203187
672103845
740318652
840273651
140863257
840712356
128406753
830426751
243768015
380675124
028473165
328741056
061872435
123465780
261305874
270368145
087243561
081476253
876351240
764501382
375416028
873154062
270865314
367251048
054132687
723501864
724863015
360841572
086123475
834106725
478316025
185402736
351807264
781432056
687351024
412863057
784305612
235861074
360521874
758601342
460185237
561802374
817642053
461508327
372401856
268104735
645138720
576341280
145302786
350182674
162704853
813705642
723814065
621407835
780216543
130547286
513826740
013852476
134602758
127368540
261804537
146803752
673102854
365401278
364825071
240836157
630814725
743201586
123605847
345826710
387105624
082437165
317542068
261854073
718502643
435208716
163204785
374258016
483507162
167428530
568241073
384725061
130568274
247183650
750832416
056174382
730645218
758106324
123407586
481356720
163702548
365207841
384126057
760518432
283706451
570632418
648325170
251674038
283104657
684103572
140658732
836412570
370145268
784152036
734805621
265701483
075168243
017635284
370465821
126408735
384701652
147526380
813204765
350641728
310452876
045372186
360174285
815207346
867504321
138206547
834105762
738415062
716805423
182476530
781426053
372804561
748203651
641753082
017348652
174506238
253104867
123604587
536708124
371506248
836542017
071432568
860431725
048165327
123568074
623857140
486502371
024863175
875204316
786403521
035182746
267184035
586301274
217605843
064273158
530187624
054178362
257804163
024358176
128703645
245103786
067824153
712485036
571403628
486172530
086754132
815267043
230154786
360287154
180247536
082345716
671853420
012786534
247185360
175683024
374851260
045831726
173658024
527641830
462781530
871243065
620574831
374865021
286304715
834276150
346152870
863245170
128754063
710623854
174502683
571403286
018647235
534608127
827641035
187504263
012356874
560413287
586307241
386407125
012437856
826703145
824173056
148732065
284731650
084726351
318406275
148725063
230685714
320647581
715608342
378614250
371246850
852713640
142635870
713805462
132768054
280651374
321587046
478316250
736805124
657201384
837142560
034268751
840315267
231804657
721463085
748201563
540781623
253708461
820634175
375684021
380254617
872603451
042165783
123478650
721308465
312856074
825341067
368724015
685413270
820613475
720845163
846701532
720418653
673814025
642503871
042815376
045268173
165728043
837261054
864703125
873601524
730154826
814502673
017634258
780354126
713586420
126834570
476308125
724301865
612305874
123758640
124703658
012387456
081452673
240517683
718654032
130745682
038671425
614325870
325407861
713264580
648305712
120876543
450831726
650231847
318254760
341502678
123805746
438605271
015438267
785306412
425783016
082345716
514328670
510482763
048163725
851406723
017483265
028435167
350814726
230715684
317452860
840612375
715364028
653184027
280763514
016583274
071835426
583741620
034278615
345721086
426718053
740281365
064138752
126305748
642187053
473206581
421807563
043165287
150723846
621807453
137604258
534208761
013826547
184673025
673401285
532607481
356708142
750641238
416703285
028714356
384102765
580421637
860231475
048135672
723581046
435218760
572861034
542306871
210364857
123805467
613408527
130725648
017846235
850637421
284106735
845601732
374618052
784163250
461308572
480362715
012843765
081534762
053271486
871205346
851274036
386507214
046235718
074612358
038654712
047351862
064375812
264107583
038576214
846203175
630748215
368704251
036154278
152706438
183702645
732185460
186703524
713402658
830524176
482536710
830175246
840756312
643815027
236857014
081465732
815326074
613802475
346702158
780462153
184765230
048165732
154603872
425603817
234706185
453801762
062475138
853402617
846105732
413562870
573126084
041286573
863204175
368701524
832615740
280546731
357201486
530186427
768203541
162803754
081642357
834201765
851306427
130826754
517462083
815203476
183402576
538106724
026143587
470825163
871652430
025187634
238745160
572348061
123604875
652843017
862574013
431867025
625874031
861347052
172863054
231864075
274306815
253671480
086172543
284536017
723506841
253467810
635741028
830267154
260583147
136402857
142503678
412853760
076243815
130768452
583671420
812406375
084251367
425107386
143206875
718425630
874632015
827456130
016843527
718236045
412705836
187563042
814502673
254367180
167805342
081346725
468712053
714352086
276581043
416273850
813507462
071425836
781325640
056371824
834107265
135487026
213485760
470265183
065412387
012468753
143702658
375208416
457813260
047638251
683415720
634801725
348705261
458127360
670548132
135602478
317458062
135426087
615704238
120478635
785162034
347825610
615702348
458231670
470235168
756241380
142835760
035287614
856134270
861203475
042873165
265701483
245367081
654871023
621873450
016253487
326704185
470235168
012845736
756401823
485107236
310572468
421835760
163507824
136524087
873402516
682507314
862401357
357201486
712563840
173624580
712458063
015823476
413756028
821703654
138247650
254673180
038745612
130826754
610283745
830267154
058241673
234705168
781642053
658713024
610347582
734501628
041832756
186425370
638451720
582103746
231708546
713245680
523147680
421705386
360841725
781206534
623105874
150834627
763401825
840762531
230864157
165703824
726513084
521607834
043721865
712803654
418205736
825713046
571203846
871403652
120845367
143567082
623108547
043281765
826134075
850621743
345206871
627103854
871623045
054271368
287513460
728104635
236701548
081427653
364517280
234176085
750632148
324501678
472305681
318754620
564802317
018675342
281753460
631287540
564731820
712365480
712435068
754213086
487301652
872534016
857621034
381604275
716803524
628501743
174302658
854132067
046352187
630872451
475186032
057816342
630817245
648503217
276384150
736501482
486723015
653704218
821364750
031742685
274185063
510683274
028146753
385672041
280163754
350674812
456713028
574103268
614523780
047328516
843621750
710435862
635784210
732106584
612548073
324706815
830216547
140357286
187563420
872534016
386124750
285134076
825301647
852617340
642318750
827506134
043157862
051632748
620184735
258643170
284613075
860312547
234785610
142538067
028734651
160572843
324807615
362154087
034125876
024738156
635128740
243157680
361205784
513284760
856403172
581704326
562413078
163508742
126583740
053714268
047328516
428301576
287145063
425176038
061537482
514823760
180465372
143852760
520317486
038261754
627805413
512403867
618705423
850267314
723804615
