325607148
630245187
385106724
683207514
134205876
625478013
410835276
482503716
182703654
710628534
340162875
853614270
812403765
135802746
386504127
123784065
346752180
123875640
348205167
370285164
123786054
123405876
153806742
273601485
623807415
517302846
132804675
123456870
820716543
123845760
512603874
610472853
283645170
012854763
812746053
721843065
683715240
346708512
034265187
013826754
713804265
435216870
147623580
853601274
324815076
028143765
061283745
423168075
234106758
015732486
182345760
028643175
740216538
052318674
780516342
624813075
162803754
415863072
071826543
432105876
215864730
130678425
083267154
043571628
463108752
026184375
716804325
142603875
214583760
823614750
134802765
083724651
120384765
134802765
452803761
138502764
023486715
012835476
780451632
034182765
614235780
845103762
310846275
280673154
851204763
813256074
230684175
182567430
283164075
810762543
132468750
135267480
746802315
013725486
810253746
176504832
156374820
023185746
013728546
810743625
824673015
780123546
814703265
340178652
386104572
834175026
645372810
023586174
840351762
861253740
281305476
023861754
024186573
324705186
713204685
172653084
812743065
421657830
142708653
174208653
810543267
013625847
187653240
023561748
270634185
831745026
023156874
142865370
384712065
140728356
140832765
152436870
530816724
623417580
478163025
145806732
268105743
715308624
613245870
173204586
160853724
134672850
134825076
468203175
723401685
813604275
410532876
415283760
260783154
381205746
234608175
028714635
360124587
731624580
073284165
230674815
160832547
132647085
213785640
182503764
872134650
182405763
720354816
250843176
152463078
618703524
812543760
820173654
123845076
365142087
846203175
672301854
654317028
865243710
613802475
183402576
130275846
285106374
820731654
023865417
057128643
718623450
183462750
413258760
174835026
124836075
137864250
861253740
153802764
034815276
087651243
246735018
013864752
236784510
162387045
025143786
152843076
123804765
036175482
527104863
135782460
713465280
012658743
613205847
263804715
172843065
425186730
376104285
635487120
238104675
173625084
036825741
856201374
213867045
123604875
340175862
014536287
234107685
712803654
283706514
763285014
064128735
345126870
130824765
283145760
123805746
812506473
153862074
681705432
482103765
120534876
840315726
735216480
124865730
123864750
061273854
743825160
830517462
720681534
016283754
015834762
015328746
843712650
240163857
345802167
136745028
172503684
013754628
083274615
123745680
124375680
023657148
814372056
482163075
410263857
150462378
053486172
825763014
814305726
024356187
123705648
642105873
627834051
813204765
821704635
510382746
043521876
210638745
432175860
782103645
283704561
543602187
283614057
712643085
824705631
136748052
413805726
123706584
814567023
142603875
126804753
374681250
840231765
426157380
365201487
671823054
742163085
823761540
043165287
241308765
453206187
140325786
283705416
142735068
423108765
814703265
283546710
023785641
813647052
610253847
082173546
840231765
384275160
386145720
243105876
580342716
813704256
163874025
013456287
184762035
873204615
142508376
814302765
042678513
814305267
273645810
153246870
357814062
840516372
074312685
318602754
136204875
356284170
035216784
134785026
340186752
380145762
243705618
028713546
134267085
834605172
123864075
072146385
230184765
812456730
140768325
253801746
248703615
314285076
845716023
374182650
386412075
142503678
782501364
248135076
810452736
375208416
128673045
423107685
134825760
345812076
036457821
123486075
140328765
783102654
028643175
735401268
642371850
385604172
021387654
346105872
480235761
824713650
826401753
835416270
237164850
243165780
821304765
814306752
275804613
712683054
712634580
152703486
123805746
142703685
437201865
682304175
843162750
671803524
142635870
830741652
023854176
430815726
123645870
210653874
628374510
230816574
413802765
163785240
072134685
245168073
642701538
861702543
123856740
130624875
283105746
623415870
128754063
614372085
034185726
032145678
428703651
061278534
237108645
142657830
340871625
485367210
260184753
082613475
513208764
830264175
250843176
170642583
234601785
813502764
813264750
725604138
236104785
023187645
013684257
120364758
081742653
843752160
082173654
730614825
382401765
142863750
248305176
034182765
120863754
340125687
013624875
380125746
234807165
062431578
041762853
178403625
017842536
423605871
825416073
371502846
012863475
832407165
731405286
130824765
123804765
813564270
810432765
423805176
013624875
057234186
174652083
130724685
162803754
283704615
310864725
124738650
610258743
283105746
783264150
184623057
523104687
283164075
364812075
423708615
850674321
142508763
026743185
423706185
140782653
081432765
082746531
815203764
123467850
264108375
683204715
263507184
130425768
728145063
270153486
246103875
273105648
063274851
746803125
518206734
346825017
253764180
083264175
032146875
134275860
438205176
083574216
423108765
126348570
034156872
130528764
134672850
731854260
360754128
482106753
134208675
135276840
245137860
682713054
136782540
135768042
374261850
038715246
271304865
750123864
123804765
081752463
236584017
184602735
236105874
120548376
520714638
342165870
812704653
718602534
625407813
046172538
084712635
683702541
852713064
482756310
583762041
023516784
128403765
268503174
032718654
024186735
481503276
640325718
038145762
236107584
541863072
540631287
612835740
234168075
713608524
023145687
840721653
812704365
013876524
481372056
516304827
460132875
620471583
345278160
123804765
630824175
063485127
238104756
062413875
283604751
813562740
063284157
720861543
781503264
783105426
135826740
283106754
283164075
037186542
213548760
812753460
423581067
730824615
142863075
134607852
248103765
812435076
781423065
023184765
348701625
713204685
013845627
073218654
741236085
152683740
152803746
573108426
340185726
483721065
120578364
851203746
012754683
285107634
023175486
374612085
714802536
123805746
023681745
810453762
150248736
265143780
510476823
142305876
028653147
485106327
345267018
138762450
123764058
713286054
013725486
173204865
710485263
083741265
254607831
482106753
162837054
140782653
712405386
814306752
841736250
135742068
813702546
356402817
783204165
614357820
623507814
142703685
815326074
760132548
123864075
168302754
710264385
063218745
024178635
134805726
248751063
162853740
126805734
142608735
140832765
630874215
847105236
185403276
437801625
615408372
134702856
134607528
840631275
273104685
123754086
013645728
850263741
826413750
712684035
024168375
183462075
586371024
435701628
257406831
025136847
836571024
526304187
813604275
123604758
326851074
136572084
743205816
582103746
823541076
152803746
081436275
213604785
162804735
283405761
623714850
013864752
160532874
043128765
258603714
162304875
810432576
143287065
285731046
813507624
841603275
173584062
034781265
082613475
123584760
810324765
082613547
482671530
154802367
140836752
238675140
652841073
045167283
035178624
841723065
317586240
143867025
016837245
235186074
243105687
042156873
235876014
142506873
052183746
120843765
013826754
073185642
246173085
236471850
160547823
172843065
012738645
851642730
673804215
723501864
012438657
385204716
637254018
250867413
427506183
281346750
482135760
328104765
163804275
142673085
130824765
083514726
283107564
713864025
360124875
813456270
053816724
835106427
618203754
162547083
324175086
530814276
234718650
182403756
610437285
560184327
028513764
081752463
812703645
710432685
812403765
874603521
124876053
128603475
874231065
018453726
870253416
263817054
041823765
034876215
023178654
812673045
123856074
283615074
215638047
134802765
840253176
451208736
260158743
630481257
830214765
142863075
230768154
120843765
713408562
270538614
023184765
351204786
781603524
084713652
650831427
041352786
273108546
043168752
035216847
130624875
025784163
374102685
013825746
326804715
842701635
165842370
014632875
483605721
813604752
023675841
842703165
138702654
134802765
472103685
813724065
482301756
514702368
123845076
034167852
813256074
845372160
123784065
085743612
123804765
871204653
458136027
612843075
782403165
082743651
384756021
713258064
650842317
083214765
135842076
862741035
013824765
234706185
637501284
418205367
015428376
162503874
583104726
142635870
316504872
410367852
061284375
016832754
243108675
873201654
123605847
283705641
642315087
134865270
420376185
013625847
023184765
237801465
824617350
083174652
034182765
023184765
813724650
123658470
123867054
283106754
135826740
781302564
056384217
640281735
014632875
728364015
081743625
712608543
638102475
186532074
682413075
123784065
486102735
620517834
182703654
873215460
135864720
236104857
718203645
410872536
120748653
814265730
814702635
284517036
274358610
812605743
123645870
147205683
812673045
023185746
015326784
061824735
358412076
174385062
834701625
024783651
420613785
123865470
074631825
276103548
026153847
125403786
084716532
025816473
243785016
710836245
036145872
245806137
813245760
086412735
230184765
085617432
236504187
014365287
056412783
245387160
823571064
024635187
152736480
124706853
625341078
412368075
326154078
167235048
081253746
280461753
742801365
184263750
182607543
841203765
835106742
813724065
613274850
013764582
283607154
136852740
312754860
812603754
012863754
812305476
813205746
473506182
123845076
835102764
142806753
834702165
123785046
123567480
813206547
482135760
173845620
840326715
713526840
348256710
134782650
128736450
673204185
172863054
813564270
023845716
146832750
734601258
015472386
850241763
348275610
125846730
023185746
130674852
273185460
348125670
042178653
275103684
135842760
412753068
123864750
385104762
083614752
023186547
014785326
482163075
140582763
135806247
413687025
612704835
034875126
263805417
812734560
163842750
013427865
134702685
123804765
732108654
123506487
821734065
613245087
153807624
347128065
234718650
013748625
034826751
150432876
265301847
683704512
715306284
134825760
631402875
187603254
384206157
824703615
150842763
384702615
263807514
821305746
458376210
