346785012
240637815
180354762
124637850
164308275
084327516
186725430
173602845
781352046
510726438
483721065
314857062
152364087
564271083
127603845
173406825
120573846
863145072
521603478
237801465
083521674
641823075
738601245
362104785
043718652
075261384
876213450
072518463
385602471
572841630
085742163
384275016
134205768
813704562
824617035
652108473
038254761
412508673
458703261
870231645
453602781
283104576
843256017
138605472
230415678
634502187
532416087
345126870
726358041
215468370
072513864
813625740
458703126
286701345
658413072
352601874
034658172
743506812
712638045
013275684
380615274
723801654
027643158
062843175
718302654
154207836
841706352
847103265
874502163
342801675
056487321
016374825
687305412
123786054
032765184
123506487
184567032
035672184
482701536
148375062
378201645
465871230
173582460
148302765
238401657
084731562
320465178
086124573
086741532
716305824
834106725
364581027
041287536
714653820
064731285
364781052
245817036
657804132
271803654
268574031
760238541
354107682
174635082
145672083
510782643
328504167
013865247
417208536
516702384
236408715
712405638
768204135
857406213
836705421
841273560
562408173
142863075
513204678
471823065
862571034
632517048
671403258
076312584
481756023
643278015
538201764
045726138
713258064
128476350
384265071
360851274
130746852
324685710
250673148
025873416
680471532
184206753
752408316
813205746
156427380
042315678
250731684
073284516
438102765
864527013
167852034
073624851
086315742
054768123
435106728
130246587
037164825
725163840
457168320
142583760
715306284
762814350
153847260
671253084
264153870
536418027
753806412
237806145
178623540
083647521
610328745
871543026
438502671
834206175
832705416
410672583
064138752
154607238
150742683
125307648
034675821
578312064
726801453
415238067
172605843
215684037
374618520
647203185
167234085
152367048
038246751
768143025
842536017
130524786
621504837
168402735
025473186
021785634
410253687
823507416
148705236
812704653
320548716
123506748
130854726
530126478
345286170
234685170
061752843
213708456
812673045
634701528
825436017
418703625
178405263
152308476
840152637
810623745
341702685
640813527
318502746
021673845
813264075
823471056
134768025
283467015
520847613
857123064
164708532
130628574
823706154
356102874
210583746
548102763
761302854
324861750
143672058
460321875
650428173
084123576
870246135
143705682
573428061
042816573
350721648
350172648
648305127
164723058
042573186
172506834
086417532
243516780
340285761
071283654
124306758
740385261
832104765
270134865
038674215
836204715
681703425
867501342
012648735
071354286
125803647
281765430
270138564
216804735
375102648
012764538
087364251
463107582
084172365
183402765
831205764
318706254
812605743
356128074
047215638
834615027
210548673
271845063
728103654
187235640
032764581
780513246
026538174
736158042
124705836
160352478
367801254
032846715
132804675
147652380
785612430
048216753
538607124
276451830
253678140
165407823
083214765
380627154
356781420
248137065
064583271
678301452
013487625
136408527
328601574
162403857
463201587
521763084
583201674
614753028
672184035
163754280
251803764
874513062
586103472
854237610
215846037
361805274
834176520
068124753
482135760
630257418
283476510
054871326
023841657
341602587
843206157
720861354
320876451
715826340
156803472
658304172
280735461
134502678
341605278
051843276
140853276
125476083
180764352
620371485
023768415
074631258
678413025
762804153
420315867
423867015
523604178
620875143
582164730
120675384
568402137
162834750
634102785
413206785
064185327
715832640
861203475
234716580
276805134
873425016
628304715
352708416
285413760
812507643
152746083
785301642
173204865
267304815
526708314
835714260
130426857
364257180
387502614
513874260
814265730
321805647
671304852
534168027
421875630
186504372
413625087
712645380
562704318
485627310
054136827
714386520
734618250
537801642
316245780
067518423
235186074
842356071
835104726
173642085
263708415
064572813
345281076
521837460
142805736
082346175
283716054
715208436
082751436
368102745
142703856
431576028
523108674
573248160
032481765
241756083
074815632
628704351
180623475
628407315
650734281
261547380
183564072
482673015
852314067
274615083
083214765
364508127
678413025
821745630
830254716
452631087
430518627
130752684
178503642
035278416
751602483
130742865
342876051
840256713
017623584
176254830
031548762
148307625
254806173
230574186
162705834
683125740
068435721
045283176
468532710
162307485
768312540
746128350
647258130
364801527
210385476
840731625
123805746
381205674
520143687
081742653
523148076
817604325
423107856
368205741
810432765
217843065
487165230
243168057
625403187
410752368
534608712
342705816
820764135
836452710
648251730
234516087
384267015
065421378
215437068
035274186
521706843
516237084
058234716
823671045
016527834
612874350
312546078
625184370
185627043
540871632
864503217
614253870
046285731
423756810
326784150
135284076
813764520
036412875
712684035
213608754
084361572
762405831
053614287
120357846
061273548
641803725
520687134
124736580
723651480
531402678
748103625
840671253
083257614
470362185
320685741
431625078
460831527
235184067
723485016
856412073
713642058
351702648
560384172
241758036
470651382
813475260
845301726
038415726
378504126
048162375
156203487
381572046
241605873
061732854
273184650
162704385
360478521
238674051
310672854
671503284
085761243
143705682
071432685
823407615
385706421
186752340
678304125
051823746
647253081
152607483
345801276
130824765
058247163
812304675
364208517
157642830
670821543
374126085
027543618
825761430
458326170
561304287
861405273
518304672
016735248
350147628
734625018
482706135
623801745
385712046
617285430
245781036
567108423
036741528
721608453
763825410
368507241
461307852
130256847
342105867
316204578
031825476
132574086
736508142
734815260
420163875
874651023
485371260
081725436
073214856
782613045
810643752
483756012
173246580
184673025
830571642
815324670
036127854
835462170
415837062
825601437
480521736
043815267
624381075
084351762
610742358
846237510
410576832
810653247
061528473
015276438
327845160
037815642
752801463
013674285
015326784
834126750
860724153
730541268
485702136
634287015
015486723
736218450
472103685
421708653
036281745
843207651
834276150
356804217
580721643
054126738
647128053
723641085
460538271
064312758
752163480
280761435
536804271
547308162
052874163
327851046
740635281
271604853
314678250
634105287
372405618
810352647
162703845
823764015
257106384
270483615
256483017
210745368
671453028
740835216
138705642
035142876
810463725
780651234
473625018
612405378
840231765
842307615
521704836
134782065
240758316
542307681
026738514
658103724
534168270
147235086
132764085
123867054
467802315
753806412
012583764
584706321
175843026
314725086
347102865
812746530
243701685
134806752
063428157
162854037
576123480
234768051
431206875
874265310
273864015
265137048
172603854
436581270
675301842
013275468
152864730
247508163
163287540
235604781
614208375
230156748
674105382
358476012
314507628
183254760
162735840
124305867
143806572
360217584
283706514
823461750
637405128
385746012
562781034
147506328
580647321
425816370
612784053
832416075
261584370
170458263
234705168
712503648
057413826
864521370
872634510
163207845
280716534
284175036
147503268
654108237
310842765
714506283
034285761
180523746
023745186
785204136
780561243
580367142
216453870
728135046
430216857
837265410
730245681
185347026
683104752
478602153
310452876
831274065
276301584
723105468
236508174
340167285
614537028
127538064
283105746
430768512
350614278
758623014
183245067
823701564
086135472
014827536
263105784
183764025
368201475
268571043
456307128
657304812
073148265
120673548
013786542
672803154
348257160
814723560
583267014
437102856
042513768
632417850
312856074
680523714
350246187
123684570
843205176
064185273
273104568
365207418
286503714
320861745
370286514
051764238
850376142
812305764
468253710
128374065
837162045
082156743
318206745
160873254
140382756
815603274
186372540
780152463
532701486
162307485
630748152
246518073
123804765
740632185
584273610
745301862
721653840
875601234
241357086
078215463
824305176
013748562
581437026
028613745
342508167
342651870
548701632
264803175
821764530
786305214
123608574
367102485
850264137
864703251
732816045
327458016
318406527
246371058
761432085
187402356
536872140
238516740
326708154
273158640
653287140
536408172
532106748
158326740
024137856
120876543
451273860
126805734
834612750
157306284
178502346
634715280
624801375
531247068
018462573
814706325
218364750
231406785
084231765
382175046
347281650
321746580
814256370
810736254
154276830
723408651
057186432
642183075
810342567
248713650
140328576
673245018
510627834
057324168
815706342
081736542
245306817
236715048
320781456
782453061
510384276
386405172
036218754
634715280
786325041
572814036
172345068
134862075
132608547
035167482
325106874
183426570
814732065
274138065
364801275
014873526
058364127
752403618
815602473
421783065
837564021
518273640
258103674
720536148
874216035
725306814
530267814
520637148
537204186
461208375
340865172
524637018
152804763
713258064
275104386
043865271
418705632
025381746
287145063
173804625
875401263
710382645
356201478
068541732
423607158
082617534
014753268
628703154
124357860
253706418
152786034
031478256
067243185
463271085
147305862
437208156
835406172
823107546
064835712
385176042
273864150
426805371
325708146
418507362
843205176
012863475
271803546
465301728
085324716
013862745
453601287
810752634
721863054
016358274
135706284
671403825
278641035
142735068
425786031
536408217
527104638
018356724
142703568
023846751
037215846
410372685
743586021
081564372
248731560
682741530
241708563
820415673
380714265
021534786
056314827
675412380
530146728
824365071
863257014
132806574
324715068
781342650
673408251
345201678
863104725
023684175
174602853
240736185
732804516
738654021
275401683
721503468
578401362
250638147
761842035
682105374
513806724
468731052
342801675
173245860
012876543
630825471
431562078
450726138
425678310
613807245
