583104726
427865013
784206513
346257081
028145736
541702638
724513680
128407563
240138576
741306852
784615023
415702638
583704216
240653817
347581260
475603182
135867024
453816270
215843076
035278164
184203765
268754130
753408612
628104375
041625783
028153746
137602548
851706432
185634072
183257640
627103854
587204631
184326750
481705623
078123465
061723845
453601872
870213546
641803257
123684570
168703254
681705432
857106423
264503718
168423570
582703416
124806735
245803617
628507413
453601287
816302754
418675320
326401857
245703168
725318046
276581430
235741860
486537021
810652437
536104287
750246381
324817065
483716025
243816057
361827540
634718520
823145670
584102736
813504726
450162387
640718523
624105783
128573640
024816375
740623581
748302561
817653042
170425386
470381652
612403875
142603758
074381625
821405637
061823547
473805216
487312065
365421870
234507186
580674231
783145620
431862570
036724518
083246157
852741630
185702346
132578640
260418753
620135784
850716342
031672854
861574032
026718543
582407631
437802516
246701583
271385640
023614857
067835142
657102348
184326750
813674025
680741523
342105867
640573218
376854021
640572138
150273648
150423678
028714563
356482710
360148527
168503724
853271046
318502746
486237150
350241786
712346058
035428716
173805264
561702834
542637810
671328450
052637481
856217043
218576340
137624850
710632584
580213746
014762358
214576083
142837065
023156748
782614053
861403725
561204837
267135084
768425310
728165034
570423618
864175320
083647521
340518726
476158032
468702513
835712064
362184750
784651032
012584673
136702458
075826341
052831674
017683254
671403825
074512386
128367450
256714380
715824630
531702684
376401825
340187256
172506348
723608541
016472358
581207634
351802746
013872654
210835467
740216538
820176453
348526170
130827645
027463185
285316740
026458317
824301756
127605834
245683017
256478130
326571084
235106478
653408172
423701865
431607258
032745816
420856137
538401672
160835742
628301754
317862450
075438162
130254768
450826173
123746085
043581267
342501876
723156084
184706235
783152064
437801625
415703268
816435027
123407865
346208157
518203467
530871624
217406853
026843571
361704852
750431826
172486035
620341587
130526874
037561248
841375026
831405726
520167834
423168075
075143682
521704368
462135870
215864073
765308421
213764085
160235847
063247158
012864573
864502713
160472583
346701852
045367218
814602537
684715032
682543071
412603785
153708264
638172450
280651374
135608274
815364072
014867523
043618725
061723845
618342750
180362754
573641082
734861250
045186732
082437165
173286045
645137028
482156073
482105367
638512470
573614280
583602174
573106248
182406357
650314287
053184267
261405837
716483520
152378046
831705624
230165847
143285076
523106784
685103742
450713682
024538671
170826453
452801673
273106584
845631072
281703564
743201658
365721480
614275083
481365270
120865743
314276085
850413267
453708216
027153486
137206584
253784610
784603251
630784125
765213840
623871540
053417286
087461253
135287640
632745018
042186375
286741350
137425860
238704165
265408371
147602835
510463827
216783540
743185026
248135076
754382160
648751032
082534167
024175836
058623174
025418673
610243587
482761350
825704361
164302785
182605734
732106845
067815324
248703615
078123465
056423178
742863051
084561273
315487620
452671380
127803546
745306821
128534670
021783645
317208564
075346218
128643570
057231684
426508731
350248617
684507321
021567834
625143870
641207538
850246317
710862453
152803674
017842365
214685073
145603827
028356174
843201675
412735860
152386470
230165784
368174250
130825746
035821746
387516042
530718624
023786514
734205186
142807356
056137824
620185743
016234758
810374625
783104256
614827035
672103845
261805347
086517423
326785041
871634025
016247583
613705248
648371052
074258136
054263817
762541038
146732580
210784536
386257140
510832764
854103726
184562730
261853470
023784615
743601285
134782650
573108264
810643275
234765180
564327018
082461573
043287156
546708132
830126745
320184675
857612430
420153786
864507312
176234580
358624170
120538467
143706528
142657830
370546821
083712654
135276084
246105837
236104857
286407531
820314567
152807643
718653240
835412076
621453870
780423615
640523178
240365817
043768125
134506287
870624513
748105263
250473618
283156074
283401675
127863045
718526430
564702138
083516742
067345182
651423078
013586472
012854376
078523164
870152643
024563718
130827564
765104382
571284360
831602475
576203814
386104725
726108354
125437860
087615234
245601837
032514786
423681075
230751864
514826370
025384176
043768251
578126430
640517823
160723485
324108567
263147580
518406723
081352647
761342058
736104582
674208135
860324175
152847630
360178542
460137852
572384016
420163875
145273086
570482361
473108625
845607123
126734850
845203671
264703815
375806412
056143827
134675028
386147250
354268017
168302475
126704835
810263475
560728431
423708561
438502716
180762345
436105278
410873256
854167032
065214837
415873026
873245610
148325760
345276810
824735061
063281547
352416780
650817342
384176025
635814027
530248167
678521043
138652470
785201463
781206534
271563840
874635021
784325016
053627841
018576432
830571426
074283156
568403721
375246018
516243870
530678412
821305746
321586740
158207463
356402781
371452068
723854016
163845270
148573026
510326748
623748015
351602478
051468237
235174860
872305146
217805463
462538170
782543160
713402865
827641035
147385260
863207154
813205674
641273850
370842156
841735620
173206854
074135268
067184532
386214570
713842650
427561083
712685430
260451837
042173685
784612350
213875460
630517284
361502748
068341725
058473612
486372150
034712865
425807613
146302587
073816425
632104875
063452871
154703268
618427053
024631785
234106758
150247863
482751063
451876230
287365041
420817653
734856021
617208435
345167820
265148037
351408267
182475360
861354720
082713564
487103625
372408516
073248615
342708156
420813756
412608753
128754630
126743058
087426153
481765032
613827054
183506472
750132468
375108624
354162087
756308412
271654830
350187264
610327548
064158372
836207451
834201765
814753620
420375681
570132864
728305461
461207835
482135760
821735460
026173548
264701385
152603784
012563487
038416527
638254071
283714650
172504863
351476028
130527846
257346018
230748165
536804127
854302167
673504128
026578314
230485761
517243680
860743521
065837241
138706245
263518740
210873654
871504263
482307516
056173842
574813260
275803164
718203645
637185042
753821046
810675432
024156837
152674083
846231075
035164287
123856740
057486231
258137460
514782063
750436812
415826730
258371460
726415083
142863075
026517843
253876410
812436570
785364120
354817260
617203845
684102375
374568012
357621048
218673054
210357864
872643015
065148327
732405681
128635470
160748523
426387015
068712354
520176438
135702648
715803642
138406725
180327465
018672435
012635748
380145762
853164720
750182643
386704152
426805137
385104762
452367810
245601837
257403681
475603821
458702631
430281765
124607358
284167035
840365271
561307824
041782563
283704615
760412853
527406138
784621053
034215867
682105743
612803574
357261840
860143572
046273185
621437850
523187460
423605187
350824176
215307468
450183672
053862147
873246150
721843065
482137065
620378451
561842730
752136840
176385240
145603278
780234615
310642875
214705638
640831725
160548273
460512873
123708654
283104765
365802417
283704561
148356720
736854012
461753280
138265047
437265018
460528173
716823054
281604735
736102548
082613754
312458760
230154786
635804217
740621853
014873265
540867213
425103876
250761483
862504173
682754013
145708632
874205361
485306217
026457813
614738250
180263574
126807543
436217850
023816574
821704635
318745260
814503762
625387140
241683750
346152870
410685327
872635140
016427853
081546732
083215746
035164728
041573682
683721054
258304716
816754320
714203865
158403267
376815240
238146075
075681243
142783650
241735086
142783065
812406753
130784526
284356071
340172685
213605487
432807615
254813760
361804257
376102845
725103648
154782036
560143278
160523478
526801374
752416083
834726510
826107453
786123450
543701862
865734210
472603815
354102678
081764325
031526847
347851062
260453718
216705483
023768541
815423076
140536872
754608312
821506374
024368157
081432765
754301268
072413856
724351068
140563827
415326087
120478563
351208476
681725034
836705214
243105768
428761053
730426581
287401365
746315082
075436812
512803476
512403786
514268370
071643258
021785463
537814026
380476512
473802615
027651483
862514370
384105726
364781052
170284365
128567340
283615740
036182754
254708631
271305468
740568213
427683150
837501246
243857160
623108547
841523076
715406382
721684053
385416072
485712063
861207534
380652174
726403518
648203715
264173580
380421567
153627048
410825736
582473160
720631548
425103768
870145362
782163540
138604752
051287634
420781653
173652048
438715260
036518742
063785142
016283754
130785624
712635840
082463751
041738562
120854376
210584637
543208671
142805673
283107456
178325640
735412068
154768032
581234076
032451786
170842365
184507362
870123645
753401862
620431785
037146852
357108642
780216354
876502341
057426813
170865423
068513742
368102574
150382647
230861754
385246710
341762058
783106452
210354876
736215840
621837054
384207516
027653841
864502713
042186375
123785046
082517643
865231740
063145278
061538274
726413058
013746852
076432815
341507682
813275064
316752840
123805674
637502814
385406127
261385047
341275860
514206837
263475810
160843527
034126785
134802765
132476085
386407512
014836527
478156230
160374825
865103247
046251873
017856324
023165478
813406257
273684510
428307156
367801254
063154287
052143876
456238017
160253748
375416028
784603251
257406183
761285043
045876132
012756384
243107658
816457023
642307851
352684071
213687540
573104628
620713854
873541062
524801367
124806735
170563284
076485312
184756320
623804175
412356078
613708425
240683157
715643028
127408365
542387610
458361270
230846517
758206134
245708613
431728650
784305612
430275186
237485160
