712643085
123674085
214305876
023184765
813726054
123864750
123845760
013724685
142803765
120853746
230184765
340125876
123708654
014832765
042183765
230184765
123758064
134805726
123864750
134802765
134802765
123786054
083264175
123845076
028163754
123806754
123804765
134825760
841203765
384105726
123864750
123804765
813724065
283104765
283714065
023145876
130824765
123758064
130824765
120783654
682103754
142803765
123704685
123786540
014832765
123864075
152803746
182703654
230184765
120673854
172603854
861203754
130724685
813204765
023145876
123864075
130824765
243156870
123564870
023164875
123784650
813704625
123845076
812743065
134856720
230164875
063184752
023184765
023164875
130824765
023184765
123784065
234105786
840731625
023186754
120843765
123864075
023164875
123604875
162803754
013724685
123806754
023184765
123745680
123804765
123804765
123475860
134862075
123804765
123804765
123864750
123645087
384102765
123704685
713208654
813264750
123867540
036218754
023684175
082413765
012843765
123804765
123864075
123704685
012853746
712683054
812603754
123804765
120743685
083214765
813206754
134805726
263104875
142803765
123708654
276103854
123806754
230184765
263814075
023184765
013824765
130826754
263145870
120453876
134602875
134785026
123804765
810243765
120763584
013824765
013824765
123864750
120863754
130824765
134862075
123804765
120863754
123804765
123784065
142803765
123864750
123845760
012843765
123674850
123864750
162834750
283105746
123784065
263104875
142803765
283145760
230154786
013824765
142603875
123784650
024138765
123804765
123704685
120643875
138752640
034182765
123845760
283104765
234176850
136852074
123604875
142803765
142803765
283104765
813264750
123845760
162853740
142863750
123405768
014832765
012843765
134725680
134802765
123856740
234108765
034162875
123405876
263145870
134825760
042163875
263104875
283145076
023184765
283604175
134825760
140832765
134602875
260143875
123704685
142835760
140832765
234108765
142803765
123845076
023184765
123745068
234185076
134802765
123804765
123864750
234185760
813264750
123806754
123674850
813204765
123804765
234185760
280163754
123864075
123856740
013824765
123704685
042183765
123784065
123784065
813726054
041823765
023186754
813724065
283104765
013825746
813206754
123864750
123804765
813724065
134802765
123864750
162803754
123704685
134782650
123708654
120743685
083214765
813724065
120453876
134805726
263174085
813205746
123805746
013825746
123864750
123856740
123805746
130824765
012846753
023184765
013824765
813204765
083214765
813264075
123864750
123806754
142863750
123645870
123804765
243105876
281603754
134782065
142803765
283145760
613204875
034125876
130624875
123806754
134802765
123784065
013824765
123864750
283104765
834201765
813724065
713284650
123864750
023184765
234108765
123804765
123745680
123806754
130824765
123674085
230156874
134205876
123805746
283104765
137402865
263814075
023174685
123845760
813204765
130826754
063814725
123864750
123805746
023185746
120863754
123674085
028143765
234106758
142835076
013824765
142803765
384125760
123805746
230145876
613804725
123864750
283164750
123604875
130825746
123845076
134806752
120843765
042183765
082613754
230184765
142803765
142783065
162803754
283104765
123704685
042183765
283714065
123784065
123704685
123704685
142703685
152803746
134705286
081263754
120843765
123674085
134782650
012843765
123864750
123784065
263174085
813204765
123845076
813724065
123804765
813725046
281703645
023184765
130824765
123784650
134802765
135426870
123804765
023781654
283104765
345186720
345108726
281435760
123784065
142835076
123784650
384102765
023184765
812743065
283104765
023184765
123804765
621783054
248103765
120783654
123674085
813752064
123408756
812403765
123804765
162803754
140832765
083214765
123784650
034125876
123805746
123845760
134805726
150832746
283104765
123804765
013826754
073214685
123845760
813204765
283104765
130726584
123804765
134862750
123806754
230184765
123804765
813204765
230186754
814356720
123804765
135826740
234185760
120743685
234168075
134805726
123806754
013724685
123864075
230184765
142783065
123864750
023184765
123745680
234106875
123845760
123784065
134805726
012843765
123864075
134825076
023164875
134702685
123804765
813204765
123786054
812743065
123804765
013825746
014835726
263174085
023184765
813704625
234185760
130826754
013826754
123805746
013824765
130826754
124306875
123804765
263104875
283704615
123864750
013824765
123784065
123856074
142806753
023184765
123604875
730214685
052143876
120853746
812463750
142783065
230184765
234185760
123806754
123864075
120843765
812743065
283164075
123856740
482103765
123804765
142835076
123864075
123864750
042183765
023145876
140832765
123845076
123845760
342105786
130784652
813245760
123864750
120863754
013825746
123804765
120853746
123784065
023164875
023184765
123786054
081243765
123864750
023164875
013824765
140852736
162783054
035142876
283104765
812503746
134782065
134802765
812704653
831402765
012843765
042163875
123784065
162803754
120743685
134825076
813725046
123784065
123845076
123864750
130824765
123845760
283714065
123845760
230186754
123704685
123864750
123804765
123804765
120843765
134672085
123704685
081432765
034125876
123784650
134785026
123704685
120863754
134802765
123806754
813724065
134782065
813206754
123864075
123708654
283104765
134856072
130824765
123806754
123604875
234718065
813704625
123804765
812743065
123604875
123804765
123804765
283164075
134725680
123784650
123856074
123804765
123864075
142803765
283715046
230784615
130825746
123864075
123806754
140832765
230154786
283104765
023184765
130724685
230184765
813204765
834201765
123856740
123804765
123806754
283104765
263104875
123405876
134802765
712643085
123784065
130425876
123804765
234105786
123804765
120843765
813204765
123784065
012783654
135806724
013826754
283164075
162803754
263104875
134625870
283714065
123784065
280143765
120843765
013826754
263804715
023184765
280163754
123708654
173804625
123845760
123805746
283164075
123674085
283714065
123674085
023164875
814302765
234185076
162803754
123804765
710243685
012843765
123864075
023174685
234185760
123804765
136802754
062183754
130824765
142803765
123786054
123784065
142785036
123804765
812435760
142708653
162834075
123804765
034172685
813704625
281403765
134862075
123784065
123704685
123864750
120843765
023187564
152843076
120863754
130825746
810253746
130825746
263174085
123845076
023184765
812463750
130824765
034125876
123704685
142803765
123845760
013825746
123784065
230164875
123784065
134825760
830712654
142863750
713604825
123804765
013425876
123604875
812604735
812403765
123845076
123804765
120843765
123405876
813204765
123864075
123784065
123845760
123785046
134862075
120843765
123475860
283104765
123845760
013624875
123845076
123864075
813724650
023184765
023184765
140835726
123806754
013824765
324815076
023174685
130824765
123704685
123804765
123804765
283145076
123804765
123784650
013826754
263104875
283145760
123784065
810263754
023184765
813704625
813245760
273108654
123864075
142835760
023164875
123758640
120853746
134825076
123804765
130864752
120863754
142785036
123804765
123804765
130825746
123806754
013824765
263104875
034186752
123704685
023184765
123805746
023174685
134725680
182703654
123674850
283164750
140832765
123785046
283604175
123856740
012843765
123784650
834201765
014832765
123864075
268103754
123405768
263104875
123708654
123805746
813724650
813725046
123804765
013824765
283164075
123804765
012743685
013824765
123845760
120843765
613824075
123785046
283156740
140832765
123845760
042186753
234108765
813725460
134802765
123804765
810462753
123845760
134802765
082173654
513206874
142803765
142803765
123784065
120843765
123864750
813264750
283645170
810723654
123845760
013824765
180732654
813204765
813724650
013824765
123845760
013724685
123705486
120843765
813702654
142803765
813204765
123856740
123804765
123806754
230174685
283145760
123784065
034182765
123804765
123704685
130824765
384105726
130824765
162803754
023184765
283145760
134825760
120863754
123804765
123805746
813725046
023184765
230156874
123805746
123704685
813745620
120863754
123856740
023184765
140832765
812703645
230784615
120863754
123864075
135826740
283105746
813264750
162783054
123845760
123645870
130824765
123784065
136804725
230184765
243815076
123845760
123804765
123785460
123864750
160832754
813204765
134825760
023174685
083714625
162853074
123784065
123708654
123706584
273614085
013724685
813724065
630214875
163842750
283106754
123804765
120843765
123804765
014732685
123674085
123784065
384102765
023164875
123805746
240138765
812743065
813724650
236105874
130826754
130724685
123784065
023184765
123805746
364102875
140832765
830514726
813204765
120743685
023164875
130824765
813245760
234608175
120753486
123804765
123604875
134205876
613204875
081742653
034182765
812603754
230185746
813204765
134256870
230184765
013724685
263104875
012853746
130728654
013824765
123784650
123804765
814735026
130826754
123704685
813204765
123784065
130824765
123708654
263104875
134802765
830214765
120863754
120863754
812403765
123864075
123784065
012843765
134825760
813724065
813704625
012783654
083214765
120473865
123784650
134825760
120843765
123804765
013624875
810632475
123645870
123845076
123708654
130824765
123784065
142835760
123804765
813724065
013825746
123804765
120783654
813204765
140862753
123604875
123864075
123456870
123785046
263104875
140832765
123864750
123708654
812743650
142803765
841203765
813204765
810243765
813724065
813724065
123845760
230185746
123864075
142783065
123864750
120853746
012843765
123804765
234185076
283164075
163804752
123784650
012863754
136802754
123704685
083264175
813204765
813264750
234605187
142803765
123804765
123804765
813245760
120843765
023164875
123856740
280143765
120843765
120843765
810742653
123805746
260143875
123845076
830214765
012643875
123856740
123784065
013724685
012783654
134605827
123804765
234168750
123706584
123604875
813204765
813204765
