281743605
123750648
243075186
123864705
384150726
801723654
208153746
203184765
813046572
263840715
123840765
713640825
123670854
164820753
841263705
841256703
801243765
128675304
103824765
104835726
143875206
813026754
103864752
813054726
123840765
103826754
283160754
123750486
803425716
813724605
623074815
136852704
145023876
104635827
203158764
123840765
134025687
123086754
123086754
342185706
203856147
246013875
203164875
813064275
812043765
236145708
103724685
134075286
123470658
103824765
834210765
103824765
273180654
814320765
813740625
236174508
803215746
124853706
283714605
702843615
142863705
142863705
142670853
312064758
106753842
162853704
812430765
712830654
803215746
134820765
123845706
142078653
812073645
283740615
283650147
263145807
123084765
103826754
102643875
612473805
384162705
203156874
274031685
102853746
234718605
134670852
123074685
834065217
834025716
123784605
123085746
841730625
873214605
813752604
304125876
813240765
135472806
203184765
123045876
561230874
814036752
123085746
813024765
123450876
142085736
283160754
142863705
173682504
134082765
241753608
812035476
103764582
103724685
281043765
123084765
604237185
801723546
152836704
134250876
801432765
138752604
123856704
304182765
103724685
108732654
263074185
603214875
243015876
104725683
814320765
126830745
248715306
802416753
123780654
813240765
712063845
123840765
201483765
103526748
714632805
863245107
123864705
714852603
148032765
123864705
203186754
123670854
813024765
136820754
812063754
145023768
246813705
142835706
208143765
815034762
162748503
802716543
812430765
236180754
283140765
314028765
234160875
304875612
142083765
813240765
162730584
613274805
138560742
734610825
852013764
123856704
812746503
126730854
102853746
812043765
134267805
123840765
281630754
613245807
134078652
123864705
835216704
235180746
105342786
123845706
102846753
142085736
123784605
123645807
802734615
102843765
134056872
123864705
102453876
384162705
813760524
861230754
203156874
712083465
304725186
123840765
582143706
134862705
123084765
812046753
834061275
234018765
236180754
134725608
806243175
582013746
123657804
124368705
126473805
203164875
273015648
831672405
145830726
234087165
203164875
281435706
104632875
134082765
603215847
374081256
703214685
248350176
103425876
142763508
123864705
123074685
814320765
134620875
134856702
814032765
823610754
102853746
813245706
836245701
248130765
123084765
162083754
142835706
123850746
783014625
128743605
134820765
234160758
283140765
234176805
234075681
123750648
873260514
813024765
134820765
203174685
861053274
103824765
207134865
103824765
134820765
803712654
831042765
243015876
283156704
123576804
832071654
103724685
831460752
374265108
123864705
123780654
273145608
821630574
162834705
123860754
103826754
204135867
813720546
376120584
304125876
208153746
135820746
123740685
813026754
123674805
713248506
235840716
102853746
142083765
108632574
102864735
814325706
728643105
683154702
203164875
812463705
801243765
812043765
803216754
123078654
102743685
583067142
841023765
103425768
624035187
103826754
104832765
123064875
103825746
801243765
364175208
482130765
134672805
142078653
123085746
802713564
304285176
136720584
203174685
102783654
813024765
248713605
301845726
142830765
134620875
102653847
402183765
364125807
134860752
263014875
376154802
204136758
621834705
813240765
803215746
123056874
204135786
136820754
402183765
652034187
342180765
123640875
102743685
123780654
134672805
804312765
203167854
128463705
123640875
123640875
123074685
123045876
432815706
683014275
142063875
283740615
124360758
841023765
803716524
123780654
203784615
103824765
613027854
204375186
123470865
612873504
162850743
102843765
813260754
234678105
103564728
801432765
182753604
841260753
384120765
103824765
123856704
135842706
802615743
183450726
482150736
813762405
172653804
734850162
283657104
208431765
402163875
813260754
653021874
123784605
134625807
123864705
123075648
384162705
145836702
804712635
813645207
123640875
603245187
203164875
814062375
263410785
782013645
263014875
123475806
304172685
123840765
126043758
134820765
142083765
382041765
123085746
263017854
234750816
304162875
472013685
134025876
123074685
812456703
236015874
283716504
781342605
145830726
283015746
203865174
104732685
203184765
813245706
103624875
308241765
123475806
235180746
813264705
253170846
136082754
203184765
813045627
281043765
237015846
152830746
123860754
283045176
402183765
256130478
142063875
123758604
308164752
813264705
123074685
803625417
413025876
142350876
248013765
401238765
134860275
684231705
123860754
134275806
215436807
623410875
123085746
263014875
134825706
123740685
802617453
123074685
103824765
123740685
783520164
803274615
123675408
103824765
134862705
208643175
513082746
103874625
803216754
123850746
304182765
182074635
712640853
102743685
813720654
283014765
134862705
125038746
804231765
123670854
624180735
134860275
108732654
652013874
104735628
614032875
803214765
851260734
614320875
423180765
123450876
123074685
304876215
342850176
418263705
102673854
812374605
123456807
283745601
123860754
134720685
813024765
273845106
823741605
703824615
135086724
803216754
723164805
253180764
142083765
283150746
142073685
123860754
162084735
164082753
135840762
123864705
123084765
634021875
134082765
613840725
134825706
803714625
812073564
713024685
106532874
823450716
813074625
234180765
304216758
813250746
283164705
134267805
134075862
236175804
283014765
283064175
123470865
123084765
248163705
402163875
103825746
102843765
304185726
123864705
803614275
314720658
153274806
812470563
263170854
134825706
814360752
138024765
761083254
813674205
234185706
102843765
123086754
123076584
123860754
208153746
712036854
163084275
263145807
283140765
234085176
123780654
723641805
106832754
123740685
612730485
418230765
304821765
142850736
305218746
841072653
723140865
137520684
123640875
104862753
183740652
142673805
102783654
125860743
123084765
712483605
123674805
134082765
123056874
713628504
203184765
123840765
603254817
206173854
103824765
273184605
401823765
813240765
402135876
123864705
713025648
134670528
123678504
283164705
831072645
236058174
104836752
812367405
142863705
283640175
142673805
234816705
103824765
102763845
304125876
803214765
103628574
123784605
203164758
182734605
712043685
152860734
834250716
714062835
253160874
248710653
103824765
724638105
104836752
142056873
142835706
283064175
208143765
243580176
123064875
814036752
123864705
123784605
134620875
812043765
142863705
813724605
803214765
102643875
204138765
103824765
102843765
103824765
134025876
102843765
602154837
123674805
413820765
173024865
842315706
123864705
802713645
703214685
143028765
134820765
203684175
834615207
123740685
107823654
123740685
304175628
821364705
103854726
153024876
102843765
812743605
103824765
123780546
712043685
283714605
204381765
314028765
613024875
234150786
801723654
801643275
203186754
602183754
723840615
138720654
268713504
123784605
123860754
123850746
102863754
124035786
204138765
801243765
804612375
203184765
104632875
142083765
103826754
163840275
128745306
204138765
263014758
138742506
134072685
301842765
123064875
103526874
123864705
801263754
258130746
812035476
312450876
643257108
142083765
304285176
831072645
123740685
263084715
813760524
386120754
283740615
456017238
123085746
102453876
103825746
103628574
813075642
234180765
136052874
123860754
812430765
108632574
812073645
803214765
123864705
123074685
135082746
135840762
123640875
142860753
814320765
236045817
123064875
123740685
182057463
813240765
152083746
284736501
423180765
102873645
142863705
783014625
283140765
812043765
104832765
236180754
712083654
234168705
283714605
712048653
103824765
134056872
813264705
671842503
324015876
203164875
203184765
142635807
813074625
102864735
203684175
134620875
823157604
462130875
416830572
234180765
384162705
283017564
712053864
134062875
134725608
203184765
103684725
713028654
283156704
208163754
102846753
813720654
134086752
123045876
123640875
713084652
152430876
703214685
234187605
235786401
135820746
146723805
813756402
203186754
813025746
134250876
134860752
123745608
142730685
314276805
124037685
804235716
283140765
413025876
204835176
283710546
801643275
713024685
813240765
283710654
612043875
134720685
234075168
814725603
103624875
263145807
304125876
248713605
134820765
103624875
813750642
123784605
814032765
123865407
103425876
125086743
123780654
103624875
234180765
142086753
273614805
123064875
124380765
123674805
124830756
482013765
271830654
102384765
123074685
812430765
813264705
103824765
804637251
102643875
248130765
123085746
123074685
253016487
142630875
813076524
134820765
123780654
203785416
305164872
104835726
836042751
613270854
134082765
153860742
801743625
803714625
283164705
203185746
123840765
142375806
834260751
103826754
423176805
128063475
234180765
103824765
813024765
812043765
123065847
103824765
702513864
103725486
123840765
123784605
872134605
134820765
813762405
708142653
103874625
602413875
263784105
103824765
103728654
123074685
107632548
304156872
246130875
102853746
273145608
134072685
834021765
813640275
234157806
813072654
813670542
263174805
123860754
103826754
142863705
134862705
123068574
123840765
103825746
403215876
134062875
283640175
103826754
234168705
203186754
103724685
613824705
813045276
804731625
123674805
268713504
714320685
812073645
123784605
613025847
142035876
834261705
152830746
753260148
123856704
803214765
103724685
123084765
801432765
814732605
214850736
203186754
803712654
123750648
801253674
103724685
713024685
234150786
104836752
152086734
841673205
402185736
804731625
283145706
432816507
123785406
831742605
142780653
136840725
802413765
813756402
203184765
812043576
853026174
305248176
162853704
125840736
123860754
162730584
123084765
123074685
803714256
123580476
203684175
703185642
162073584
342180765
713526804
162830754
103825746
208741653
128043765
813245706
203145876
102843765
283160754
612053847
123560874
283014765
423165807
134072685
