153062874
762381504
342015678
103824576
708124635
814032657
205386714
645730821
765320184
254031786
458613207
728064531
124035867
234681705
201863745
248713605
238154706
704832156
103865247
142380675
521036487
135460827
624078531
106425837
704653218
205147836
814720635
583062174
172034856
324670185
562730814
304128756
621037854
103472685
426530871
137645802
516028374
703142568
804316752
432175806
637081452
846210357
835012647
412560837
308471265
706134825
203861754
802714365
761340825
384120765
251064837
867410532
183520746
624035871
364815207
103647258
485013726
385710624
123064875
841263705
851470263
382540617
152430876
642810573
203765814
218035746
503824167
413860527
172843605
618230754
804631275
872053164
467280135
271480653
123056874
105846327
275863104
605741832
421836507
481520673
153042786
823045671
618534207
162780435
523146807
275184306
763154802
801456372
283045176
601875342
104827365
851760324
461325807
231056874
482067153
285013764
743026185
243857106
307861254
714826503
352617408
815364702
372861405
428710563
284063715
137642508
824016753
673021458
127036485
734258601
143065287
804523671
648057312
871023564
204183567
134075286
318067245
102643587
506214873
815736204
581673204
714053682
634781205
831062754
102754683
178243506
843521607
143268705
176083425
103675824
602143785
165370842
672384501
856720431
743025816
378526401
845012736
604328175
251073684
651082347
172084653
325180647
458270613
405328617
134750286
102567843
456083712
146570823
304586172
263810475
832740156
308714652
806351247
104683275
631072485
136257804
621430578
261037584
807314265
673021584
761082453
613025847
425163708
243158706
234078615
602341758
804327165
138072654
457213608
412075683
872510463
162730458
715432806
704683512
578460321
758613402
172580436
703152864
142386705
107845326
356780421
406251873
205134876
641325708
307624815
384725601
268035714
786124503
836017542
435186207
254760138
406358217
413062875
823415706
152630847
275038461
472035168
726038514
612840753
438027165
486370215
516328704
587036214
714083625
216043785
482013765
837265401
125834706
184762305
106382745
208537164
784130265
235870614
712053864
278410635
728150643
685723104
714320685
537624108
106243785
603542817
563240871
178063524
806735214
837012654
276140358
126078534
103428567
734021685
368051274
687543102
241385706
618250743
235016478
157460382
107546328
502631784
418235706
813670425
236580174
302485167
613074285
735480162
104375268
421360785
203164875
803745162
284750136
314027856
542180367
138764502
205374816
705648321
753140268
806713542
134285607
584710623
123758604
843250176
162830754
706518432
104536872
103854726
257846301
283740156
562130478
304815762
453016827
253180764
578413602
438017562
128743605
562370184
573086421
387046152
317640852
604237518
146053872
285310746
235740618
524068173
105432768
415830276
125630874
703615284
364275801
348217605
164375802
305126748
483025167
528310746
706385421
507128643
206783154
651042378
302814765
803714562
706382541
302847165
132768504
463185207
307845162
364850217
258730416
604213857
182374506
406138725
738452601
604512378
715342608
502167834
258370146
601537824
234081675
304865721
186435702
641852703
234076518
204635718
704183265
825017436
754012368
602743815
704615238
613250784
623780514
123750486
102387645
258073416
483012756
417062853
126850347
621745308
125034687
632817504
861743205
283714605
405231876
163287504
514380276
821745603
732815604
238510467
368570124
736840215
603214875
425160783
601485723
783052416
427810365
146035278
402853761
147250683
641052873
243780516
458710362
508174632
312074568
134820765
506147832
638520174
408632751
134850267
672840513
716083245
201563478
364720851
346058721
736180524
127435608
812743605
523016478
612548703
325840761
235710684
378251406
145037268
126083574
283145706
358241706
237064518
256413708
173650824
234856107
234815607
751260438
471235806
248763501
672043851
827530614
513076284
158463207
156340872
345170628
603512487
374021658
134720685
401876235
702153846
206784513
264157308
853260174
672431805
718352604
783124605
413862705
708435261
238470615
674130528
814270365
706435821
204173586
214853607
607312485
783620514
164723508
435016872
381264705
783021564
852014367
713042586
418725306
418075263
346150872
173084256
704312685
371025864
732510684
785013246
712043685
807614253
506417238
782640513
412580736
742083561
853721604
403187526
136820754
308741625
183264507
465028173
285071436
267054318
108425673
823745106
281570364
104728635
863021745
346210875
652073184
164230875
158320467
527410683
716420853
106542837
105837426
206583147
521076843
231780654
743810256
705142638
805713624
408162537
346058217
183257604
238175406
107423856
172058436
614375208
105274836
734012658
513072486
451063782
573182604
268073145
203158764
234870165
541270683
582761403
148753602
501723486
218340657
521860473
315680724
204751683
741062853
253470861
235148706
671853402
423018765
413286705
408162753
425180673
241085763
834752601
247580163
123674805
402681573
537280164
136057842
683274501
408275631
641820753
426150738
421863705
458760132
145083726
278463105
832064751
328467105
284071635
125470368
351042876
643810275
254870136
315280746
431826705
812360745
621374805
374860152
123075486
143850762
603274185
316024785
108765324
105834276
831045672
706485312
246075138
127584603
612084375
103546827
728514603
532016874
704581263
354210876
671430825
628071453
826475103
165827304
573062814
158046732
348076215
602537184
124876503
407238615
168053724
635470182
753284106
456120837
805142736
814063725
173620584
176420835
153287406
613082754
104286537
124370856
632015847
842017653
638072145
204581673
318672405
402163875
628071534
648130527
167530842
283065471
501734862
784126305
672310485
701538462
108236754
402176358
173084625
763280514
635812704
405732816
135780462
206813475
102653847
364021785
127645308
418725306
487021635
641378205
326480175
123674805
843026715
463510827
283056417
348210765
743651802
648572301
143058726
873241506
416032785
234175608
472056138
861573204
673084215
384120765
701238645
604325187
475013286
351287604
174520683
316045278
234786105
784610235
816320754
413267805
257046183
345081276
172064583
354710286
145270863
786213504
784530162
783014625
821074635
104236578
378410652
203147658
632075814
637254108
286145307
601845273
623487105
534026718
601527384
205136847
465830217
823046175
573824106
478035261
436210785
426370518
834172605
817024356
135782406
803214765
276180534
831472506
348617502
502837164
365018274
643710825
201387465
826450317
357864201
206734815
742063185
275634801
437062815
128735604
173564208
481072356
861230754
236785104
671340852
203745186
842157603
182473605
875342601
862130574
605834172
834671205
456027318
103274586
402175638
204386751
812045736
516278304
467012835
213075846
305742618
238014675
365714208
573168204
758620431
723465801
174532806
403125786
374128506
805263741
261840753
152063847
703185642
243085167
428036751
517643802
821075643
135724806
601273485
143876502
843570261
201453678
271650483
315046872
175062834
462173805
104735286
804715362
763251804
608173254
102463578
302718546
283740156
246130758
624815307
328456107
701534682
836021754
157034268
104526837
835016742
782150634
815740263
462831507
835276401
841356207
142036857
203815764
482560317
102567384
136820754
713286504
465872301
603154728
816024375
612874305
138074256
154723806
704268315
451283607
386012754
836017542
468031752
723810465
452730816
812064573
502163847
318740526
216374805
463870152
613870245
743520186
702615834
173280564
712630584
534860172
156840732
105473826
781023654
127463508
263570841
367081542
408631725
523840671
306821475
257130864
305841276
173658204
362810574
365140728
572631804
416032857
147850632
134085267
143650287
483260175
602371854
671382504
125360847
238471506
527641803
245310876
387620541
453016827
305812476
375014268
208753641
423018657
435260178
248715306
208713465
518437602
651473802
372150846
724850361
203816574
853016472
724065318
148563702
471063285
514036872
807263145
362180754
142570836
864351207
835021746
216380745
104532867
675120438
345270681
623587401
251730468
807163254
641850273
481063725
243168507
207435186
128073645
823540176
356071824
751068432
125780643
153620874
534067182
471865203
402716538
837210564
748031265
364170852
472160583
423085176
863170524
186053274
127845603
582310764
234680751
103876524
608271543
328750641
106283475
783026154
207384516
142835706
307126845
253170684
123845706
817460523
327185406
723840615
358410276
285413706
716420385
148720635
235148706
364082715
504362187
132480765
123785406
401276853
408263175
804713526
214680357
463210587
742513806
512368407
401627853
106543872
176843502
275143806
607814523
106254378
102745386
145673208
407185632
256710843
801243765
135782406
873452601
651872403
671042853
213840675
134087256
401265387
278063541
453087261
784031562
132745806
264015873
104687532
307162854
765021384
138072654
765081423
203845716
501873264
203814675
203854617
281430765
301746582
734162805
587130642
108527436
605417832
354160728
306425187
205173468
835072461
526730418
261034785
164280735
851023467
704215683
672185403
135768402
461830752
253064187
142785306
503281674
281746503
237068541
823740165
238075146
506148723
815720643
625180743
142685703
174658302
243058176
742581306
401253687
306158724
482057613
802643157
105836724
816470532
283150746
732480615
237081546
763815204
608314752
872160453
875034126
154863702
234516807
823170654
804725316
152340786
283164705
285731406
356782104
268031574
621357804
841735602
487152603
134670852
253074168
138246507
468012375
103827456
175820643
612470853
203581764
104632875
802167435
364081752
483015627
421065378
153672804
721084653
804315726
813540267
451076382
357024168
372140658
345026718
827150463
203456817
801735462
234180765
806532714
154082736
105247638
162780543
462813705
102473658
381075642
142386705
605782431
683014752
138650472
234867105
542137608
724638105
317586204
485720613
153680472
804712635
617542803
857412306
453182607
843610572
602183754
472083165
806732415
