861730524
273184605
234176805
123064875
857613204
814036752
812073645
812376504
253160874
723481605
761530824
308254176
813270564
245731608
256174803
764312805
702385164
185760243
207163845
782640513
502148736
386120754
812065743
142830765
283710654
536014287
825716304
405231876
134075628
801652743
503416782
268130754
423610785
632047815
287053164
684035172
413820765
257014683
381250746
102647853
713062854
134862705
361450287
628173504
603124857
182630574
831460752
651230847
712543608
813075264
742035186
725038164
134862705
253078146
204678315
813056274
123084765
832056174
123074856
762153804
741320658
203175648
384710652
462380175
613758204
568234701
203764185
873210654
271430568
142670853
342180765
643210785
702413856
846510372
128750463
781024635
107835462
142085736
103724685
718534602
342087165
571820463
835210746
805632741
518720634
268013754
142630875
142083765
304125876
623140857
135782406
514380276
154627803
802453716
106874523
432716805
306854721
324160578
103625478
275640831
416750382
603245718
164370258
305246871
106834725
104825376
713860254
813250746
632518704
142035768
403521876
852760413
673024851
256134708
513048267
105473826
468720513
541082736
312876405
612840537
304216758
123074685
708243651
102763458
483160257
142673805
308172465
152083746
723610584
671580243
341520678
475162308
142375806
103846257
412730658
102754683
814032765
456738201
375120648
324160857
137542806
613024875
851420673
801453762
124670835
134862705
815246703
732064158
304852176
278146503
367150842
836021754
341872506
285140736
356170842
123786504
538071624
812074653
801237654
482056173
123078465
356142708
135082746
126084375
135067248
704132865
731562804
165048273
142863705
823710564
685210437
728650413
124738605
276015438
104283765
634027185
813064752
561472803
142860753
783260154
137624805
763284501
134275806
103864275
738061452
123864705
723814605
713045268
683721504
841023765
768053421
836571204
804617235
801653472
273580416
813026754
753018624
142830765
342170685
814325706
712540836
483170652
341086275
182754306
861730524
412680753
104865732
582473106
805231746
271068543
324861705
652384107
106843275
816740523
428760531
281760543
163820574
103845762
234087165
123056874
804237156
803126574
736850241
213740658
782643501
162783504
203185746
236180475
418023765
851740623
342675801
801273645
304218657
604231875
384056172
281463705
123075648
802614735
814325706
831052674
341870625
437085612
341825706
327064581
168320754
134057826
812463705
207361854
162083754
368071245
807632514
382175406
832150467
204738615
208135647
123065847
705413862
104635827
135287604
123840765
301285674
248163705
281053467
402163875
835026147
603257184
613820754
783160524
702163854
873614502
712648503
801253746
804631275
164870352
125780436
148720635
468012753
607143825
105823764
235186704
107352864
283714605
134025876
134025876
263145807
134680572
204315687
471026385
805623714
401582736
146830752
618752304
128046753
104852736
263814705
102753864
182634507
728130654
763210485
103724685
273410658
248036715
203614785
702453618
813720654
452160873
741023685
238065174
265730184
182470653
654082137
503216487
845130762
825763104
125368407
813056274
713024685
263810475
183765402
162730584
103726458
238170654
723481605
812743605
713285406
271063845
607253814
483015762
104732685
751830246
803615472
462130875
381250746
871340625
123084765
702513864
146582703
105832746
283015467
614830752
703125846
167420853
142670538
316740825
782015634
578420163
128075634
514283607
863014725
248013657
703216845
123075648
203485176
835217406
873540216
283064175
501872463
815740632
806341752
243015876
142073856
214860753
572180634
314760852
524016387
135780462
314028765
781062435
384125706
124637805
735240168
237851604
302651874
783024651
734810652
857243601
463015872
586031742
831250476
781230546
413025768
603421875
654280173
102835764
675814302
142860753
284150763
682145703
723018645
728015364
704231685
472150386
405261378
752683401
107823546
873016254
732086541
134827605
125680734
742083615
503271486
304182765
813752604
123850746
813520764
417652803
123475806
843025176
342165807
124738605
476210583
324150687
127586304
104765238
841720653
283150674
236014578
804156327
342168705
816250734
408213765
134860275
802513674
104852736
863021574
714035628
136480752
123864705
283014765
712568403
583026714
236840751
503624781
234017856
142057683
703184625
304825716
853124607
104852736
805234176
102643875
238154706
273016458
123674805
813260754
768134502
134820765
473160285
237160854
273084165
403816275
378041652
825731604
783145602
283164705
613274805
236750418
152473806
463257801
173024658
374258106
863140725
135620478
158763402
812653704
134657802
203164875
728310645
642187503
671520483
673041285
413825706
234718605
481723506
305482761
231650847
683214705
483721605
702813654
235418607
384150267
386274105
845732601
814325706
102748653
423180576
627013854
841765203
374120685
415830276
712360485
783614205
506284137
425138706
803215746
123067854
167340285
578230641
123056874
803721456
132684705
428150763
413820765
851362704
201874635
123760845
852673104
102785643
235074618
875063124
801342675
537014682
263017854
132058674
123087456
103425768
817354602
821047653
702581436
328745601
615823704
347015682
843275106
437528601
721630854
426731508
267180354
172653804
563028174
162783504
803674251
234018765
246780153
162083475
826450731
328064175
431870265
304715682
203174685
602871534
283546701
237684105
284073651
206143875
803645271
215870436
324085167
781056243
783614205
712543608
762014583
801763452
418672503
215870643
123840765
173820654
162073584
813026754
125863704
781062543
173850642
647082513
781062543
348026517
174085236
823410765
102657834
641725803
137042865
834752601
235081647
408561372
152730486
253168704
806547321
153840267
142780536
703214685
375042681
135264807
804356172
203764185
423018765
806327154
201738654
365021874
142053786
128073564
254780163
482150367
417086532
614830275
287163405
152836704
123867504
506427831
863024175
123674805
208153746
103254876
138256704
123840765
103826754
173085642
761240538
723085164
703562148
241085637
581732406
602415837
147583602
356084721
613824705
513284706
123845706
814360752
247650831
208641735
843176205
276150843
723148605
801423675
283650147
183064572
164852703
684310275
813240765
453781602
123860754
134267805
108724653
103764258
203674815
743018652
123064875
318460275
123650784
278043165
134267805
348017526
801752463
304167852
243075861
814362705
306145728
586014732
183742605
204138765
243175806
815027463
102856473
823741605
123864705
502148736
801674523
581630742
104635782
567012843
462817503
361027854
643058712
516032874
708415362
821053764
613542708
712460583
781640532
341056728
871032546
861054237
156842703
801462537
203456817
813740625
268130754
571864302
506418732
273840165
452170683
162053874
317264805
253610478
162587304
304125876
347026815
103674852
718620534
813240765
723460815
623184705
724318605
142850736
342075168
103826754
862510374
634078251
513247806
153867402
123075486
318750462
162347508
613257804
123865407
126073854
364872501
304182765
203174685
723184506
452718603
248670153
703185264
563027814
453126807
712483605
836210754
248761305
146280753
143625708
213745806
123784605
403672851
721460853
258416703
105437628
245036178
802413765
134086752
142063875
132758406
104832765
703164528
851732604
482710653
683024571
801236745
801463257
162053874
164830725
851073426
283164705
672043185
102846753
503124876
268573104
374015286
214035876
304281675
205734186
152730648
234180765
584012736
841026753
713625408
152074683
162837504
605432178
107548236
134076258
305147862
134860752
162784305
803415276
286143705
105826743
108523746
142057683
461082735
283751604
402853617
502183746
342068175
304712865
256147308
134780652
106854732
613025847
485273106
713028654
783420615
204583176
123870564
248013576
148530276
742310856
205136847
123840765
132084675
134025876
132468705
823740651
104328765
712653408
263450187
104835726
185230746
814576302
843570261
715620384
243180675
152043876
853214706
645310827
142068735
861034752
156842703
412760538
134650278
307526148
345180726
283740615
716385402
304651782
781420536
612084753
264031875
286750431
862530714
306824715
703684215
283045176
234180765
134860752
106872453
142780536
813720546
435860712
613024875
802413765
826410753
851043762
813027564
127043685
382651704
861470523
218750643
762813504
813720654
435087162
805436217
817025643
265830714
104735628
406237158
374028615
273450816
148230675
123740685
713024685
102637845
851063247
602781543
324056718
136580724
153084267
134782605
345128706
502348176
243150876
136450872
683045271
253816704
248130765
203816457
813072654
103754286
532176804
635120874
714035286
742630185
523860174
813250746
124035867
842035716
423710865
374820165
847615203
512374806
135840762
135042687
671034528
308145627
123057468
123560748
465023718
134586207
842031765
154826703
827543106
703412658
134758602
534120876
801523764
136720584
135820467
214036857
237560184
324015876
812630547
357862104
713240685
103845762
402186753
613824705
623045817
238640571
342180765
327140856
234710865
234075681
715084623
256318704
134820765
403258176
604237185
743621508
102435786
582610437
823071645
375016428
106832754
416820753
836710524
582013746
438756201
134780265
713624805
136045872
258076431
461052837
304826751
813450762
613580724
104782365
613740528
613784205
472135608
613478205
503816247
841230765
743015286
128743605
635082471
703812564
106523847
726051438
107568243
253140867
102645837
208143765
203184765
263174805
302154876
108463275
254130876
851026734
435086271
723180456
104756283
326085741
603285741
156423807
136820754
713854602
345720861
307216854
245813607
834025671
812754603
623057814
153862704
823410765
182630745
273184605
482713605
853026174
256130847
803215746
142083765
725460831
675420183
402867513
123475806
203185674
123047865
126084753
164830257
245160873
603178524
613084725
102863754
402678135
801253746
412530687
123850746
314250867
263587104
305128764
142865307
713280465
781520346
