134705286
624308175
283164075
472158063
043275186
013624875
386104725
340182765
063215847
230184765
023174685
481302765
135702648
630214875
142863075
130826754
130624875
145836720
123674085
083214765
013864752
234185076
123704685
085731642
142735680
234106875
130824765
248103765
125804736
682713054
142758630
183704652
712683054
145872036
810734652
230186754
782301654
123804765
123804765
124873650
162783054
081246753
710263584
123405876
130824765
135806724
140236857
023164875
162703458
184502763
748123650
023156874
810253746
130826754
283106754
135826074
026173854
462135870
123657084
328145760
072813654
350862174
713846052
270613854
246813075
813204765
024135786
725384160
034256817
062417853
134205876
841205736
072153684
851203746
812435760
160732584
130724685
248105736
012865743
324105876
123506874
142786053
023184765
142875063
173804625
810432765
713204685
240135786
136705482
012783654
071652348
023184765
345126087
234106758
123804765
142856730
813724065
012853746
830214765
248105736
014832765
123758640
152806734
124308765
013526874
123804765
013825746
172806543
130265874
835406217
138502476
384162750
142863075
123785460
713258640
283164075
128763540
012863754
142305876
234108765
123864075
718653240
134825076
120743685
783501246
130824765
814705236
042163875
781304652
023164875
123507684
013824765
210738654
813724065
023174685
813204765
812603754
123405876
134782065
013826754
240153876
120853746
812405736
130624875
634825170
123804765
812746053
123864075
034715682
140832765
126403875
170862543
381754026
123864750
134825076
283751064
834201765
283705416
085236714
841235076
283674015
134725068
134602875
123804765
812753046
126403875
320874156
123784650
810673542
214305687
083271654
023157684
263841057
142305876
123784065
280743615
283716540
024638175
248135760
280713654
234156780
123706584
142735680
142863075
013824765
123786054
123475860
081263754
412703586
264301875
248103765
230185746
130824765
012643875
364281075
124368075
013726584
142305876
810263754
813724065
123607854
153607428
812603754
217604835
084612753
123704685
023684175
180732654
140832765
134862075
253106874
732145680
142803765
613804725
612703854
641273085
681372450
142806753
124738065
123704685
230184765
123804765
270183654
123465078
123864075
612703854
285104736
123645870
813204765
613274850
034176582
130864275
123708654
234706185
123804765
120843765
123856740
023167854
153246870
130825746
273104685
146803752
136204875
738401625
123708654
123864075
830216754
813724650
145362870
472183065
123864075
142835760
273108654
213604857
142805736
123845760
123674085
172843065
612843075
423185760
140832765
142305876
810743625
123804765
283714065
123745680
213758046
143805276
234106875
023684175
834215760
230145876
813205746
140832765
813724650
134205687
120453876
120453768
423851760
134785026
120468753
234816075
034218765
172653084
234705816
123845760
142703685
136482750
360182754
123805746
123604875
125308746
283164750
134205876
236158740
481732065
384102765
813204765
120843765
820413765
248713065
123475860
023674158
138724065
243105768
142673850
823614750
152783046
013876452
123864750
123678054
283104765
123705648
150842763
263174850
130824765
834105627
423786150
230164875
123806754
034182765
812764350
140862753
123804765
142863750
345106827
082416753
130425876
036278514
130625847
812603754
135402876
230185746
182703654
814732065
714862035
134825760
163784520
810723654
284731065
721603854
123805746
120473865
263107854
134782065
034265187
012853746
253106874
014835726
723605148
120673485
120863754
285714036
134657820
481362750
123745680
813725046
123804765
134802765
861204735
136805742
014632875
134825076
023764185
123845760
841203765
234185076
283145760
042318765
236184750
160823745
236108754
380261754
123804765
034218765
028453176
142678053
613485027
123605847
013824765
837102654
813245076
123804765
234105786
134602875
150763482
123645087
123708654
832674150
280146753
124708563
072538641
123784065
812405736
243106857
172653840
123604875
283604751
384256017
012753648
613825047
283106754
142735680
713684520
134825076
134805726
283456170
123864075
415326870
140325786
024638517
034217685
273108654
123678540
123864075
135842760
612403875
134862750
813204765
613704285
083245761
814702635
123704685
142835760
234168075
234601785
813672054
123745680
162304875
370614528
134267085
428157630
014832765
013824765
821734650
342165870
035142876
813204765
140836752
273104856
120743685
263784015
763205418
123784650
083624715
134825760
243817065
023164587
014835726
713628540
854231076
012843765
713205648
142863750
263805741
134672085
120743685
815702643
123607854
813674025
814732065
120673854
013627854
142365078
130874625
120743685
136785042
140732685
152803467
381402675
142783065
246173085
523186740
720813654
034182765
142863750
813704625
348205716
013824765
283105746
240815736
123705648
142758630
810742653
123467850
328604175
054213876
123856740
230174685
164805732
670583214
263704185
163874250
134825760
823741065
384712650
130725486
682103754
813726540
120643875
083215746
256103847
283104765
812743650
123806754
134802765
380245716
430215876
072813654
162834075
123864750
234185076
130826754
812463750
012843765
123845760
238107654
281603754
013427865
234187650
384105726
230175648
273104685
042183765
230845716
380124765
234807165
320145867
314702865
384162750
013825746
134862075
813724065
325107684
140835726
482156730
810263754
134807625
063217854
248356170
123564870
240638175
023176584
283764510
034182765
134625870
023156748
273614085
814362075
450263718
013627854
081243765
714632085
324106857
134725068
134275086
034186752
120843765
314805276
146803275
142783065
526308174
284306751
831624750
123845760
248103765
438102765
814702635
230156874
620813745
835106274
813206754
142356870
142735068
124708635
613485027
134506287
384162075
345276810
062183754
713284650
730284165
134862075
423608175
820456173
410273865
034721685
142357068
178643025
142805736
123674085
081743625
263174850
081263754
023184765
721604835
150846732
413825076
023184765
283105746
374851260
012843765
782405136
134825760
384102765
123674085
134805726
482103765
432105876
160843275
016843275
013824765
435816720
023174685
420183765
783614025
324105876
230184765
162803754
812403765
273108654
572103648
230154786
841263750
813204765
134782065
023184765
042185736
123674085
135782046
123756048
713624850
270153648
014832765
140732685
237164850
123674850
083615472
023164875
172634850
514836072
134782065
164852073
813702654
482673015
032146875
142783650
053124876
813456270
234165870
120783654
234156780
851236740
420183765
013826754
123786054
218753640
012843765
813724065
235867410
283704615
138725460
230184765
048162753
130824765
436105782
641203875
136502874
013627854
830214765
813204765
830264751
253108764
234185760
162803754
423605187
182704635
813674025
083715426
813704625
130824765
014732685
120453687
283156740
384712065
034782615
230178654
340125876
821703654
713204685
134506287
028563174
130824765
142603875
012753648
174602853
123864075
123784650
814362075
120863754
123864750
123706584
012463857
134605827
328104576
813205746
123805746
812403765
136802754
123865047
834175026
812703645
462813075
142673850
134862075
283104765
142673085
813405276
234108765
132408765
830214765
123754086
812463750
123804765
813725460
173845620
123784650
123805746
810763524
120783546
081723654
013824765
315204876
120563874
742301685
814302765
813724065
012784635
134802765
041862573
830154276
810425763
810725643
812406753
134702685
258713460
243107865
413825076
810263754
120843765
123856074
013826754
162853074
123864750
123804765
340182765
718624053
410823765
230786514
712683054
123864750
123708654
150843726
350214876
026851473
123657084
812763054
234185760
263784015
023184765
713284650
034162875
812753460
023175648
234176850
482163750
710832654
160852743
524306178
134782065
130864752
234168075
123845760
830214765
420163875
123708654
248103765
120843765
084731625
135864720
123746085
130824765
021483765
812703645
230186754
123456870
021873654
863745210
812603475
234816750
832145076
253814067
230145876
140832765
820613754
246105837
813256740
123856740
628103745
482735610
814305726
712643850
523146870
713624850
034186752
120843765
230164875
283715046
150432876
230164875
681734025
283164750
432105876
283104765
635412870
283104765
324175086
162803754
130624875
023184765
248703615
135806472
283704615
013728654
510823746
152403768
123605847
462103875
263174850
135406827
813245076
123805746
283714065
034175628
120843765
123805746
813264075
023675418
123864750
012843765
523406187
023178546
283714065
134862750
025137486
134782065
138724650
340182765
123804765
150832746
814763250
810742653
280143765
134856072
120783654
234165087
162304875
123864075
134802765
172503846
130824765
630427185
738205164
234108765
130728654
314205786
840325176
413207865
813724065
172634850
064312875
123804765
162783054
034268175
386145072
023167854
610243875
235481760
078253614
134675028
013728465
023164875
153204876
123645870
162853740
081475362
830254716
283104765
812403765
120845736
123607854
013726584
140782653
128403765
830617254
123745068
152703486
123704685
130824765
142803765
842301765
013526874
140632875
813264075
081324765
123804765
182673540
182703546
120843765
230184765
834601275
014672385
812403765
824305176
248703615
123704685
123864075
163804752
014832765
120843765
152738640
812763054
243105876
063172485
042173685
273105648
234108765
083214765
342185760
610842753
134875620
435216870
123475086
851346720
152803746
174602385
234158670
152436870
813602574
136204875
136802754
062183754
283105746
812403765
348201765
140732685
123804765
234718650
130724685
472103685
123406857
152843760
283704615
123704685
273106584
123478065
136852074
123784065
813724065
013425876
120863754
123784065
130854726
023186754
816703542
230784615
123584076
152803746
238601475
130845762
048712653
423108765
234165870
815743026
013826754
813204765
120843765
136824075
183604725
123758064
240153876
812503746
024136875
142783650
348261075
130724685
813657024
418203765
134825760
283576014
