354802176
864107532
158743026
063815427
780341526
352401867
873106254
146385720
658132047
536824170
784256310
130752468
581342076
480132765
056148372
183506724
784203156
231674085
450328617
254186073
127654830
813257046
063218574
520137468
728305146
618435720
728635014
230678514
087215643
150726834
023847615
413285670
075412683
354608217
637108254
372604851
821367054
128364057
851243760
065437218
815263740
450367821
781623054
012743685
142768350
052167483
162803754
845603217
234185760
247508163
812704536
068142735
145208673
258403176
318602475
420135687
683142750
134702856
152803746
362845017
837204516
517302846
263845710
240163785
015863742
084176352
034156872
250671843
486102357
063145827
271534086
728604315
531806742
340728165
083264175
065278143
275614380
147603852
073412865
780432165
146805372
034152678
148705236
486513027
012673485
123604875
456231780
316804527
543801726
683527014
246185730
183704652
435702168
346207185
724581063
063824175
378102465
780312654
148302765
731824650
125436780
024135867
243108675
068312574
276804153
723105846
012854763
361827540
753604281
831462750
750326148
425183670
243501678
063582714
021378456
623714085
235708416
753106284
136547082
175482036
730125468
035284167
234701865
234678015
180742563
485321067
364512870
235701684
234105786
623841750
328604751
580132674
783624510
628314075
123804765
741832650
285701436
813725046
728534016
842615037
410853726
036152874
284305167
250678341
543128067
245106873
165708423
712305468
345761280
341702685
071642385
123405687
062153874
283714065
312684570
164305728
150683724
036815247
135408726
145307268
853701624
270654138
475802316
045631278
013426857
528136470
754203168
763845012
371802645
718504326
015243876
372104865
126804375
145723680
432175086
714365082
213875046
780243651
345812076
615283470
134805672
415638072
810436752
124738065
426801573
180542736
257603184
023164758
214836057
674815230
640172583
284305716
371402658
768214530
520736184
274368015
820653741
034125768
381705426
634107582
823547610
123674850
038172546
143806725
814573026
128743650
283607154
473256180
430526817
580132746
837514620
413805726
586301274
372601584
731852064
123648750
273518046
623857014
813605247
056418732
823746510
834701625
562704831
817302645
365124078
487102653
460278153
386752041
620318475
340265187
814507632
251603748
840632715
610873524
036715842
324608715
854126037
837241065
562738014
473206815
520783164
254761380
814325760
243608715
425786310
316208754
041765328
028356741
123704685
357206184
710543286
271634058
837415260
483765210
263105847
058267341
610324875
825634071
610273854
410275836
368512074
482315670
120874653
850436217
641803725
246501873
834261075
375102648
138405762
836214750
081634257
483257160
781642053
462105378
583602741
841637052
156834072
461703825
415708623
274605381
865734021
135802674
035841276
420173685
412785063
018732654
163857240
123405876
012674835
723865140
437602158
482715036
160347852
142765830
372584061
123864750
348712056
283164750
135802674
025178436
735142086
012758634
613285074
274158360
824673015
536748210
812756340
824561073
361547820
620315874
140672385
371204685
124368750
254301678
810732564
074861325
150463287
231804765
482153670
630842715
684302157
417208653
610485237
835627041
384562170
258403617
825304716
210784365
183205476
142806753
076135842
460831527
237504816
270654813
025413876
850217463
420786513
134805267
346157028
815706234
374681025
683501274
134702685
850241763
036157842
713408256
018432756
132804675
031687425
386152074
035218746
824305176
730124865
243701685
738564120
425386170
360142785
142835760
741523068
814273065
857423016
352806174
452803176
014238756
268103754
834206751
187402563
274103658
214703685
076851243
028453176
712564380
381205746
618423075
610253847
710653842
723408651
584206731
273105864
184607253
123406857
086354127
781503264
687234015
014573286
346705218
280743615
428705613
380714652
076351428
346582017
813265470
573406128
361584720
826574310
872453160
346512780
132846075
248135760
281743065
180743265
263104875
734815026
863504127
648102357
478325016
834657210
275401683
123704685
814602537
135604287
243167850
340281756
284701563
836405712
150832674
140823756
810642573
430278651
014352876
468102753
723401685
485123760
428105763
384102765
860723514
084735612
580146327
482703156
513708624
523146870
270634185
137402658
046573128
634805271
123805746
026845731
162345870
837502164
428105763
715406382
523781640
234867015
345712068
512708643
345216078
560741382
320648175
513206874
143502768
126504873
275306418
840632571
152873064
025736148
285634170
462135870
351876420
781304652
287103654
850136742
827643051
482157036
820153764
052186734
238106574
142806753
184702365
436812750
618425037
073582416
173856420
814527360
724613850
035418762
145763820
064518732
651284037
751824036
384125760
052413678
016738542
283105746
457138026
482301675
813704625
154207836
251678430
462157830
234651087
432781065
041867253
718602453
260354178
416203875
720654831
238506714
064315278
526147083
741302865
830725146
041563287
024831675
630821745
423781560
815732046
236804175
043215876
123804765
436715082
635481027
536804127
243705618
071528364
061573284
832704561
124368750
813576024
740281536
324816570
762841053
738615024
652403817
160547823
153876240
130825674
812653074
683124570
056148372
631405278
320817564
674305812
280653471
846107235
648302751
864321075
681402735
614807253
086713254
670841325
073824615
164805732
320714685
081324765
148732065
536782410
837201564
654128730
645802317
182475036
435218076
163254087
342708615
078143562
840572163
346201875
148203567
352147680
172635480
253106874
230418765
581206743
634782051
360182754
860473512
045732168
246153780
137406528
173504268
082715346
172354860
123864075
143706285
065138247
817602435
824735610
415803762
328504716
835206714
128704653
472385610
582176430
140725368
324178065
014856372
850416273
415237086
620871534
140785263
281754063
123458076
128653740
148502736
130258674
130845762
613705824
253704681
370412685
287613054
430825617
368501274
276813540
837162045
082415736
273508641
042175638
130257486
384607521
641835720
670142538
483506712
513642087
036471582
267453081
140235687
260134785
236815074
280143765
864213750
142673850
123756048
372814650
812704365
234157086
850123746
435106728
623804175
372108645
162405387
713624085
637125840
487312650
712405863
653287140
083126457
714502638
618357240
783501624
172405683
186723540
812403765
480671523
037182564
067318524
372165048
381205746
345167820
341206785
351742068
852603741
251648370
162805437
371684052
273681045
031254786
178623540
451768023
712403856
012645837
681502743
063245187
034825716
813204765
423785610
281547630
712403685
250674318
432758061
582471630
243506871
328104765
824713650
725813064
726105348
834261075
230154786
473105682
621834750
673205148
384201675
285103764
571803426
130864752
850146237
375268014
283105746
048273615
712304865
820543617
235814760
136782054
587301624
783104625
374605821
034175286
150863742
314675820
346725810
873406521
173485026
825346710
612503478
720813465
260873514
130842675
243607851
741862053
123475086
130754286
384705621
230156874
530178264
278105346
821546073
382706541
712306854
037245186
257406183
371645820
120638754
683702541
123756480
310724658
271306854
026143875
083712465
361782054
046812753
315207648
048513267
185604732
063718254
834705612
230614785
850327614
358274160
263847015
416832570
172805346
315726840
048213765
034875126
145863027
048152736
261753084
140237865
845261730
135702864
074312685
713502846
230841765
784305261
028753641
142603875
013826475
173608542
140856723
650317824
273816450
450163782
061824357
364875120
834762015
123405876
024635187
051462873
876532140
412753068
783126540
263815047
512746038
824305761
813675420
273615480
812635470
125678430
136782540
482763051
231607485
574681320
148306527
042315786
468305721
751834062
136472580
123786054
851703642
062153487
056248317
823106457
027315648
420183765
482716530
842105763
162703584
870541632
047215863
364705128
768541230
781305624
065237148
357806214
760513842
453176280
826741530
645107238
453602178
360748512
367802514
014876253
813726540
132706548
567203841
074385126
152674083
058173624
834215760
123706584
187532460
410678253
734102865
510267843
640357218
251308467
130725648
241803567
083126745
813672540
483725160
186723540
835647120
123508764
571384062
370512486
386715420
064581372
645712083
123506487
781435062
815734062
720864531
126758043
851602437
134782650
437805126
134708526
458173026
423706851
326705814
264807315
681702534
051843762
235807146
274501638
628731054
175608432
015248736
078132645
145627380
235148760
023584716
084731625
156204837
210864753
063145827
283714650
281407563
813702654
428573016
028614375
710642853
510432678
831642570
068732514
328674015
374601852
042513768
014857632
263105847
520174836
086254317
150362748
370265148
083726154
064218537
375146820
318456720
614503872
340716528
028143765
263805417
432805716
145823760
340218657
754382016
813205746
630425178
082415736
083142765
571604328
825607134
820745136
438561720
142803765
142683570
025186743
810632754
285134760
013654278
251863740
061382475
125304876
743182650
678104352
150487326
580214376
423167058
832516047
283157046
834215760
812753460
768501432
210743658
024381576
810763524
130724685
283706514
145703286
045823716
320746185
152306487
351247860
470152638
123478650
714325680
058763412
738214650
083546172
152806734
215703864
015473826
480215736
163205874
730618245
052764183
236104857
473658120
583106742
713402658
723804561
140876253
523687140
640731285
630854127
130685274
083614275
048613275
425673180
482105736
248135076
135206748
160328475
723804156
153408276
742315068
413602875
042753168
427603185
123758064
283716540
043175268
135704682
718362450
481207653
045238671
341758620
134865027
612304857
735601842
172483560
134802765
314627085
283465710
536207841
361507284
245106387
830165742
137506248
235147068
784301625
134785260
126804537
640851273
142805736
635284170
186234750
738201546
243856710
450382716
027415836
