603278415
613240875
826051473
123084765
813264705
813726504
374185206
102783546
234675801
561083724
123860475
482730615
314670258
608342175
106532874
412536807
683250174
312850746
374862105
103625847
203187645
704631825
635472108
203864715
781042653
812053674
123078654
864320175
102745386
283014765
136840725
123485607
425180736
285031746
412036875
713025864
501327846
562071438
234710586
804371526
273014685
634180752
142063875
123584706
235016847
741032658
435810726
283045176
812740653
281463705
823450167
162045873
728536401
123056874
367410852
823410576
102853746
174360852
436012875
102874365
813256704
102863754
382074165
612038754
846730215
814763205
813740562
437021865
128430765
123750648
352178604
307645128
154370862
204835176
145823706
641380275
813240765
374120856
703265418
316470852
367250148
234076518
714025683
873240615
713256408
234670815
208143765
128540763
284037156
104356278
123045687
734015826
813726504
103724685
386015742
268741503
403281765
283751604
103824657
813064275
102745638
813740625
423150786
123785406
503164782
134056872
235170648
123785406
624170538
701832465
107863524
801243765
104872563
143675802
203165847
204138765
254710368
801723654
317560842
837612504
102653784
365810247
103872654
463750821
345861702
284035716
731268504
102743685
182730654
287045163
123840576
374015628
203781546
816743502
183745206
823410765
123645807
604281735
364120758
641723508
134758602
123076458
136524807
201643857
712430685
178023546
104832765
701583426
378120654
162053874
815240736
247863105
123687405
613245807
248150736
561078432
164032857
134782605
126358704
301842765
482130765
873240615
872143506
123045876
624038175
187563402
235084716
183640725
368021475
134625807
214086753
803216754
837540612
813750426
834210765
826430715
283510764
402173685
124385706
743680512
382016574
418250736
468351702
823614705
304215867
273084651
123568704
345270168
572480361
328074615
685170324
134862705
364270158
764120385
236041875
203184765
802614573
803251764
235016784
123784605
302168475
813245706
123784605
302684157
274315608
264017835
812743605
102843765
452730168
182745603
203854761
246135807
102864735
273150486
136057842
873056412
142865307
815034762
123840765
102876354
813072546
574362108
103845276
703645218
107638524
134720685
123650847
152783406
345072186
437250168
304672815
821053764
305614827
123860547
385760214
102483675
801263754
234170685
134780652
342185706
378062145
502173486
823450716
781025436
146825703
702615348
301684752
481730265
126043875
803214765
276134805
423016875
104735286
603215847
237015846
405231876
123670854
284760531
384017625
814652703
104832765
708632154
135840276
642380157
132085476
673245108
125340687
813245706
805236714
256873104
823764105
285163704
748612503
123640875
138562704
102835476
103527468
203781654
206418753
153840726
314082756
103624587
718534602
752180364
123847605
102483756
874235106
283140765
804671253
103728465
801723654
813246507
823670451
104687532
146782305
812740365
821570463
871036524
123840765
283064175
813264705
273685104
208741365
154027683
481325706
725840631
362018754
142058763
815460273
507324168
681047253
123785406
152430876
352861704
578014263
516042837
507831426
504382176
804326715
376814502
603184275
123064875
781452603
824160375
153064827
201385476
123740685
704235618
624150837
521036874
423180765
602483715
713024685
134085726
345128706
726038514
105873624
841752603
408325167
287130654
721480563
781032456
142730685
845760321
471835602
142763508
534021786
283710546
235186704
104832765
802134765
273864105
703218465
674132805
203617458
831462705
863047251
346120857
237180564
273158604
812074653
781043625
283045176
832714605
832750641
812650743
124075836
805721463
672540183
823017465
123840765
803215746
803256741
813640275
423850617
102743568
612473805
248673105
463150287
345270816
374028615
713028465
804237156
708132645
214056387
361054827
812074653
801743625
732086415
183640725
801532746
234610857
201763854
743025816
612043875
405381276
102748536
245870163
823045716
108742635
821035746
458260173
123850746
827634105
642015873
608124753
714320685
812460753
123568704
128743605
812564703
308254176
703528614
134620875
138754206
602871534
132076854
781063524
812053746
102845736
124038657
162435708
813065472
801263754
128435706
856241703
413825706
136840257
106832754
143572806
278154603
162873405
123084765
203174856
528063174
104876532
841670253
803245176
163540872
281740653
238410765
283670154
482013765
634285701
645183207
706258143
405836271
802413765
173620845
264830517
813670542
812065374
347685201
138724605
735241608
304781652
102345768
208713654
413075862
403267185
781023465
187254603
612870543
304186752
614720385
102863754
803576124
182753604
723410685
253840761
314820756
145230768
387064251
125437806
781053264
628750143
138562704
812756304
248013765
405713682
582716304
402175386
804165237
128754603
175024836
328540716
715248603
874035621
751463208
134870562
481732605
423015867
136820754
128043765
125437806
512063874
462317805
358240176
123845706
123758604
315046287
713024685
634125708
415027836
512748603
472130685
102384657
103726584
263145807
613780254
874235106
236740581
803714625
102843765
162573804
243816507
162530874
152830746
134862705
305846217
102843765
203184765
862713405
103625847
602714583
814732605
162840735
135720486
812054763
425837106
863024751
801452736
831052746
248013765
782614503
305142768
104758362
412058736
843710652
835071642
713840652
176048253
854620317
813760524
805214736
703182654
103274865
237681504
105826437
702183564
267083415
413860275
123860754
813746205
103825746
234150867
834721605
653210874
142758603
623410587
423185706
813264705
708231654
123856704
135826704
284310765
238516704
804265731
258063471
153670284
106732584
871025463
724650183
347810652
374185206
702413568
102543678
235140768
213658704
103625847
281743605
102783654
142063875
823075614
381760524
153740862
782631504
583264701
203784615
123650847
138267504
842015376
142560873
305267184
203684175
413820657
126048735
743012856
168042735
153862704
532814607
712458603
836541702
104862753
124730865
823714506
721034685
872015643
247630158
137045826
231065847
123870564
305148726
152843706
462130875
148360752
182630574
863274105
218753604
283160547
803614275
642780513
812463705
403821756
234765108
785031642
183240675
146832705
683054217
623814507
834715602
253184706
518072463
813620574
603841527
728610354
602813745
613042578
614873205
506318472
138750426
412573806
126840753
304182765
762180453
245678103
842763105
432856701
813647502
236014857
148520736
205163487
836514207
307152684
681435207
412650738
268043715
781034652
235486107
782013645
637810452
102453876
235016847
103526874
814257603
732084165
475018326
234865701
235870146
602857341
236140857
204635187
258143706
134025768
813074625
386120754
103248765
273416508
234156708
403825176
123047586
123850746
203145768
812630475
283160754
851240763
405321786
268170534
851240763
812735604
745230861
831764205
123760584
721630854
247180653
802613754
807341625
136084257
162743805
324850716
173852604
142635807
301586274
283074615
142375806
103876524
283164705
328140765
287053416
142673805
723810654
271654803
814032765
642180375
764280153
173580462
304618275
463025178
462830715
364125807
635270814
378452106
138724605
872340165
645173802
123084765
274135806
253176804
345280176
243150876
268740153
124380765
812645703
812073564
104832765
123084765
603715824
781540236
123785406
104235876
812564703
713024685
123860754
235170648
205134876
421063875
613820754
142085367
604832175
804731625
863024175
305187642
348215706
812043765
203176458
243056187
783150642
238540176
183740652
314875206
814025376
123856704
734250186
813245706
845170263
132470856
438120657
258073416
105624837
273015486
258043176
713286504
134860752
102753864
582143706
231780546
803671245
254130876
123764508
613820754
652081743
812573604
231758604
123074685
134750286
423165807
304125876
103824765
248130765
123045876
187230645
314025786
384062175
142583706
364812705
106832754
236475108
123758604
304817265
502186734
146785203
123670854
783415206
102356874
103764825
248073615
216487503
102643875
235180746
103826754
173654802
813024765
164580237
103864275
803267541
283075416
813047652
135420876
263145807
328045176
126840753
204136875
283716504
123064875
152836704
423056178
602785413
701345682
803765124
203145876
382046751
836574102
815640723
123768405
364012875
123064875
813740625
142083765
234068175
872653401
342810756
841230765
753210846
102783654
234756801
367284105
408162753
103856742
304216758
502136487
812430765
145023768
137650842
802416753
238651704
314256708
713260845
142863705
713845206
123045687
152783406
813650247
672154803
321874605
238160574
123840765
516830742
734021685
437610852
241870653
841673205
413025876
641385207
482135706
315270648
503186274
834720516
527043186
123860754
152830746
123067854
503264187
382145607
803215746
145072683
408213765
205846137
834671205
842610753
402713865
385016724
203154867
123064758
283140765
512073846
304165827
245713806
123085467
125483706
371024685
813025746
132564708
481025376
781034265
715620843
104832765
712038456
104732685
162034758
873215406
401285637
123076458
137820456
208743615
613257804
142073685
708154623
237180564
834620715
106438275
508347126
204836157
614723805
813725406
182647503
142076583
283074615
821560743
704312685
248713605
263174805
841026753
203184765
678021354
283715406
604317852
712830546
153082476
103284756
203186754
126043875
806134752
856410273
324160785
142673805
712840563
134856702
123850746
813724605
283075416
821645307
813740625
841263705
162045387
804123765
423860157
801743625
135472806
708613542
241057638
238140756
203186754
104763528
132085476
168530724
138760524
235467108
641820753
213854706
162350847
412036875
384075216
814320765
123840765
701462583
128740653
283645107
823651704
801243576
142763508
132078645
267183504
681043275
408326175
143826705
781423605
103476825
314826705
135820746
701285643
652014837
623085147
103724685
126054873
286541703
137860254
134750628
235810764
781623504
273014685
