178062354
826013754
134720685
345810276
873052461
174356802
518067423
821563704
478135206
684015327
123740568
728410653
148035726
617034258
316025487
128357604
825076314
124850376
835260147
472618503
142680573
108526734
364015827
714032856
532176804
682014735
206715483
243756108
304821765
574160328
781430625
203185674
316825704
471820653
605247183
608125734
374025816
204153768
123084657
713064825
102753648
402863715
748510362
683275104
108672543
401362875
416837205
673850412
428016735
324860751
834712506
218670435
843710652
803671524
436021857
802713456
268150743
167023854
724086315
573021486
423185706
406173258
423071658
562873104
716253804
861024357
674531802
846217305
408256173
145630827
123840765
315247608
853170426
102863547
253640718
814032765
324086751
234810675
281045367
803764215
426031587
873260514
385041726
156830724
147580623
384270516
103845627
602485731
123650478
803642175
238047156
835721406
401783526
325086147
123850674
751430682
135486702
742180356
712453806
175032846
804621357
804356172
803654172
205731846
357182604
506243187
137025864
307125486
234570186
134572608
538024716
237018456
604281735
413856702
712680435
387261405
132865704
104372658
283015746
183627504
872014356
142087563
678213504
761043852
831520746
265140783
745680213
634720815
406328571
345120687
805127436
601843257
125360784
718560423
804631275
571483206
581274603
306182475
136087524
416735208
705812463
106583274
364078215
648013752
201678354
314250678
205718634
471283506
253470618
147023658
421085736
203614857
365827401
385210647
183076425
186073524
203178654
376410582
387142605
801653472
103627854
123045876
203875146
283470651
102685473
451028367
703218465
402851736
802617453
635810274
248370651
824037165
173084625
152046837
462013875
724083651
253780146
136850742
341062875
613074528
652340871
158274603
831025647
537610824
507642813
785031426
462157803
524637108
862315407
145273806
803741526
341820765
436850217
163472805
243156807
426078135
814763205
162830754
716350482
816235704
864175302
821360754
784230615
387260514
613274805
471350862
213657408
203146785
283140765
576810342
567084231
258014376
741623805
102835476
103654278
264058317
841730625
203861475
708231654
678241503
681435207
235167804
134720685
203761458
104625873
826530741
583172406
452073816
102836745
258031476
128074653
572063418
371025486
253471806
601783254
658147302
162074538
203185746
675248103
502813764
614537208
483725106
178650342
247013856
184576203
258460137
614082735
361845702
257863401
682470135
263158407
402765381
123740685
134875602
214037658
462350187
803476215
531082764
618470235
306147825
813726504
348150762
327864105
506471832
207143685
501783246
831645702
423580671
723654801
783120465
134086752
821340765
167052834
405182763
543017682
458261703
845062371
704235186
125836407
825041673
801346257
384065712
817046352
578621304
137058426
671053428
136084257
713846502
314078256
237816504
308617452
283750164
215360487
236840175
316270845
582013746
187620453
103724685
165820473
108524763
158760234
273140856
142073685
786012453
651320874
103485672
701645328
106734528
142758603
863240175
852640137
154763208
725310468
145230876
561480372
401752368
162045738
103826754
583012476
147652308
368125704
804261753
724653108
536874201
132084675
846057132
713058264
462170538
408213765
342681705
306258741
736814205
152670483
126738504
851762403
258047163
308745612
123065784
607234815
863257104
743126805
172048563
135072486
862073541
143065287
245083176
425137608
483751206
631247805
142035687
362810457
735041682
674051832
154370628
421063875
781453206
214037658
103627485
784023561
374851206
135860724
124780635
726850143
325014678
208713654
634172508
451023687
165074283
123064875
132078645
621830475
123640875
738065142
104873652
268130754
503842617
325016487
327648105
102543786
302516874
108753624
307815642
184072536
261450783
702165438
701486523
834170265
612054387
351420876
815274603
271084635
428631507
172635408
106475823
381054267
548072361
573182604
741038625
516270483
734280651
158042763
275048163
716042385
103826754
861745302
403782651
614832705
368421705
782064351
721854603
157830642
705283416
623740815
834026751
132465807
826430157
281547603
425036187
276340851
284671305
527034816
687154203
681730254
437512608
136027548
485613702
136048527
105723684
342580167
204637581
683157204
583620741
304175628
831652704
536470812
572340618
812053674
371286504
206743185
815074632
802617534
438075621
842157603
482630175
185632407
306215748
364827105
154728603
146532807
104257683
746810352
502761384
514068237
106284735
108352746
605138724
345678201
205683417
417830265
285471306
103724685
305267841
413082765
304167528
724183605
723058461
608473215
384256107
617024538
106732584
723081465
273651804
153726804
105286734
524076318
813760452
203786514
287150364
203856147
485762301
105862734
847016532
502873146
281045736
308472615
103764582
502871436
705813642
701485263
324017865
374018652
371028654
482375106
547368102
602785413
215068743
185264703
817024635
103278564
205683741
812540637
523164708
672180435
763180254
154730268
304176825
371620485
283650714
806215734
603547182
184530726
123687405
123078546
542136807
715043862
208645137
864035712
203784561
206145837
582031476
708513462
106784253
478325106
234076185
105342678
728041365
714320568
286317504
173624508
203647185
482710653
327084165
154783602
345871206
743028615
853640721
163540872
613827504
671830245
356821407
802413765
172583604
402156738
482310675
137850624
523146807
534861702
718456203
874620351
483016257
643280175
703615842
134062875
142730685
104782365
802574613
328046157
386450721
124037856
263140758
314285706
807234165
813067254
145380276
231746805
142380756
103847265
208135764
482375106
354172608
152836704
618245703
837240165
205183764
304861752
801463572
532064187
684073215
538027146
105324876
521430687
806714235
358140672
781023546
514067328
782531406
628137405
406853712
625437108
248013765
842063157
135084762
642830517
154032768
238750614
406281753
803145267
768421503
345160827
671043582
327064815
308716425
708154623
702413685
236480157
238617504
873062541
502763814
813250746
246137508
708614523
805427163
613250847
264870153
853012746
347065281
836071524
364170852
278154603
803614752
102674835
418023765
257430681
104635827
352768104
317582406
283150746
123850746
162547803
406713528
248365701
517840263
241038765
423870516
681724503
705416238
813024765
284630715
507821463
204631785
304682175
736451802
208614375
816052743
381250746
832514706
634081572
875012634
326580714
172086435
154380726
702315846
327140856
306842751
504762813
415782306
615024837
205413687
405827361
134725608
283647501
634012857
102864735
162053874
386145702
364120875
347058126
571023468
728630514
134527806
803415276
865741203
486213705
427013586
732180654
324760158
345218607
183762504
214736805
485210736
485370261
541730268
264730581
801436275
412083675
723451806
607182354
247136805
163074825
263815407
542671803
402158763
605283714
264718503
201745683
407312586
386120547
708531426
268140735
834025716
648210753
432015687
138657204
876150423
638540271
713460528
354726801
845760213
836071524
435087216
584067312
152043876
578231604
701643825
405378216
263480175
312674805
203165478
127340865
531647802
613028745
843025176
248310675
407632815
802734615
674520813
805621437
728453106
102847635
367420815
718463205
841250736
206874531
503146872
365170824
108652473
602158734
732840165
128475603
257036814
624130587
235640817
413780265
103724685
805321476
165780423
307158426
325017846
147560832
475038216
632175408
835120647
743061852
842517306
105238764
103285764
503184726
134680725
705846312
263718405
741058326
481750362
604132785
234087165
702586413
578140632
634780251
263157804
234815607
586023174
801536472
723015468
704631258
102863547
641370825
284356701
731280645
405781632
706854123
268015437
364278105
126730854
254068137
487256103
702453618
546178302
126078345
456032187
836174205
814270536
625013784
203158764
328716504
634280715
351420876
278415603
836710524
561823704
413856702
384752106
168350427
387650142
182063745
813647502
204736851
306784215
635047182
385270146
648035127
806312754
803216475
126085473
142863705
187034562
846310752
325016487
253067814
528374106
613748502
256810473
582473106
802513746
304182765
846052173
173860524
215730864
302761485
135260874
203675841
261045378
763214805
546013827
245783601
268370154
208543671
567183402
263170548
503674182
237480516
431526807
138024765
174683502
607142853
863421507
728650134
302147856
123564807
435120867
815026437
125086437
867520314
803254716
681470253
207814653
486013752
102548376
427530168
782610453
568710423
284056371
108472653
632015847
407618523
456130872
243850716
423870165
803146527
725061834
304682751
107685243
504631287
364017528
835076241
102843765
203178465
102365847
786415302
703214685
634018275
825134607
702418653
456872103
648275103
835247601
713084265
371842605
426037185
482075316
401378652
502873146
307162854
642817305
138420675
354610278
713856204
683510427
368754201
704152368
536047128
123856704
835720146
103764825
327045168
738540216
427310685
815236407
345186702
185623704
731540682
378015642
805712436
403125867
283051476
752084613
472618503
827054163
315286704
251380674
651320874
248163705
643078215
263710584
781032456
368420517
285013764
706418523
832067415
183042765
612058743
305846217
471832506
358614702
486150723
807263514
724031865
136057842
712035684
364085217
805124763
346521807
583012647
204168375
635820147
106352784
158720436
364520781
367128504
376524801
561028347
416058723
132870654
863041527
823517406
604528371
412780635
481756203
582710634
804735261
481635702
261854703
781023546
123085674
325081467
708512643
651073482
721038546
432156807
103854672
514860732
162037548
381024765
512470836
123046857
768340152
742350618
734820156
502743186
862054317
385270614
781250643
704632185
125863704
702413685
702153846
176024853
851063724
248013765
304127865
102854637
802613754
138074625
108537624
702184536
148762503
804731625
682754103
273581604
163270845
451237608
614370285
