024783165
032475186
173208456
124608753
310852467
014832765
160754238
358146720
321846075
528413760
348172650
856107243
134702685
120643587
130784265
671203485
810364752
480761253
215403876
573124068
027513468
075142863
025813467
372658014
045371826
247835160
120673854
420783615
810723465
746108253
620153748
536702481
152847630
152603478
182475360
283607415
258304671
548201736
350248761
312764580
612758043
143752680
123804765
510632874
135748260
826107453
328156740
148725630
536807214
842761053
876512043
682471350
214673850
360148275
365428071
258304167
462803571
064837152
758361042
821754036
063148257
725108634
164305872
328714065
374108265
528314670
431675820
142835760
381506742
237805164
732601548
028713465
432805167
845713620
164507328
236584170
628501437
573401826
287501634
137804652
012864357
235406871
420185673
026783541
236578140
387642051
473608152
136702584
543806712
136457280
714506283
735218640
063714285
627803145
036182754
713684520
213706548
238174650
142308756
735416820
270548163
630427518
324607185
784631250
327645810
412863570
712538064
681473250
741583026
234107685
436281750
815734620
385247160
723605481
310825476
215843076
073825641
124605873
123806475
823674051
867124530
534802167
263578041
650137428
128475063
174623085
236807541
741802563
460853127
385714620
134867520
432105876
810756324
042876315
012864573
342758160
726183054
068315724
123508764
814302576
745602183
210765843
586731042
732601485
021768345
264187530
831402576
180365427
417856023
724138056
536402718
082763415
472683051
142573680
340175286
248603175
358401627
026718354
863712054
735481620
732601548
253617084
263457018
348702165
542806317
712804635
486217530
720385416
475238016
751438026
471805632
568102347
046572183
123547860
016783524
726815034
143826750
463205817
438756210
012765348
473128650
045132786
753601824
560234817
256138047
075843162
734102658
124578063
832154067
561307482
560342178
283504671
153674028
834705612
670452381
415723086
218473650
763845120
560134872
260718354
365102847
863275410
673804215
416582037
123408675
231805674
038475621
314526870
863712540
735206841
328607541
712803465
280147563
781635024
463802751
120845736
325816740
041678325
215403687
452671038
312845760
237846015
348265170
236184750
684502317
384506172
542831670
641753082
125704386
513806724
163578024
613702584
724803516
061278345
142806537
673801254
028453761
158762340
821736054
210567483
128673045
016354872
082315476
352408617
680754123
140653872
825316470
320751468
270514638
275301486
613405872
780124356
410782563
541307862
147325068
325801467
163742058
143602857
613572084
137405826
024158367
172583064
025184736
870154263
613574280
130724856
156473028
163702854
864301725
623815740
723851064
815732046
712463580
380241765
182405763
028361457
162785430
042536718
081732645
273108654
534718260
752104638
374105862
834275061
827403165
460273851
684752031
738504216
246503817
042563178
062813574
523407168
726438051
145308276
872504136
873201654
087256431
453278016
130624758
485127063
427563018
258143076
826143057
742815360
271645380
451803726
438562017
710462583
730412658
461573082
146302875
840256137
840651723
018342657
632804715
713826045
324178650
061284753
034186752
831725640
840327651
571802463
713205486
132867450
076354218
452137086
281735640
425687013
613207854
160578342
681402735
160342875
283754016
483701625
623145078
137806254
450817326
053184672
123408567
813465720
581204367
856274130
814702356
135428076
241875036
748206153
281465370
156784320
123608745
041832756
078561432
630158742
013528476
358624170
825104376
834175026
458207613
135208647
162348750
820713564
741862053
153708642
265301847
048752316
523476810
240758631
245603871
354801726
875102463
386201574
185364027
346172058
024571863
283604175
824165037
513864720
680132754
724365018
236714085
463125780
548102763
248106537
210546837
081263547
840612753
128304567
810324765
231807645
642105387
831647250
713285046
653204178
012763845
374126085
041582673
581407236
281743065
170524683
014782653
210863745
750861423
182703546
280356741
075162483
283714650
135702486
032415687
743265018
230845716
028153674
230648571
315824076
235167084
023718645
082417563
637504218
620837514
063215847
340815762
183754620
283145760
086524371
523146870
173402856
850712643
280431765
275806143
237851064
185726340
235106847
650837412
781245063
587104623
248167530
064832175
284173650
731802654
672418035
170384562
028743561
028541637
641832057
250843617
128537046
241708356
120476385
153806274
741682035
283104765
312406785
432518670
823706541
527108364
736208154
385267041
815206743
735682041
162854037
076284531
713405826
482607531
428306751
076412853
258346710
712685043
067583142
134205876
351268074
461237850
045312876
124306587
846301527
138724065
813762045
280714563
034526187
581203476
267385140
632784015
736102854
813605247
758612340
238451670
182306754
270651483
850213476
378651240
864312057
810452673
273145680
813264750
152803746
731845062
138204765
140238756
263458071
530216748
163207458
145627038
614275830
412835670
630285174
134785026
430512867
786152043
750813264
148362075
130824576
174863025
630874521
530421786
613705824
120643875
048653217
813207645
173682054
563412870
460218735
812406753
123704568
712635840
263578410
380651247
168327540
812304756
413805267
021847653
213506847
123804765
075124368
051384762
610534287
631502784
860513247
124605738
072516843
263804715
067428351
046735812
425173086
613827054
017325846
657402381
134785260
618305724
280637451
820513746
081736542
126403875
462173850
672845130
415807632
320714685
048761325
812746053
520863741
364702185
526104837
130872465
841635027
358201746
135806724
362105874
270853146
423715086
026487153
628431750
172604583
086524713
170324865
530814276
410682753
842635710
812504763
023714658
724163058
740615823
315407268
026543178
150276438
653184027
246103875
078152346
048173526
780163452
052736184
682153740
081734652
431726058
378612054
780364152
076824513
748102653
130624875
367104825
253741680
318276054
124306875
684237510
628701345
832564017
152603478
320486175
235487610
320415768
730821654
124738065
846502731
163752084
021386745
260135487
073854216
064125837
283407516
384102765
028635741
613804257
482103765
832564170
536107824
387265140
015748263
314506827
814203756
042736581
240813765
075248316
534608127
057813462
634287150
741853620
138274056
840623175
846512370
176802534
823174065
847602153
846301275
123506748
812765430
083475612
083541762
281357064
746105823
342507186
247106835
641358720
283165470
821504673
134205768
036814275
236145078
235167840
021783564
125683470
610372584
310572684
842501673
530218647
728413065
620143785
214876035
587201643
018362754
836407521
451672083
148376025
063745281
871564023
423185076
621834075
824156073
630425817
258643170
816403752
238146750
124763085
238507164
423617085
124803567
012836745
346152870
420351876
135487260
167532084
321657480
345207816
630742851
710254836
243175086
821546073
785236410
823516074
310682574
134607852
758201643
425108736
641803725
583726014
286574013
160243785
643718250
783502164
823601475
340581276
573401682
061823547
273608145
486305271
218307645
148256037
085213764
823461750
136504827
268103754
586304217
460273185
850417362
146205387
647103582
465287031
028175463
150743286
012864573
058142376
125406873
087631542
137652840
230156874
820354176
837604521
235608714
782134560
356142078
257401386
345617280
457803621
142703685
684135720
250713486
650137842
183675240
813206754
861504372
014732856
048317526
125784360
273148560
350842716
146837520
163574820
164238075
125476830
076231845
786523014
350281764
013862745
086214753
264701538
815402376
125734680
247108653
142783065
012658743
721304685
624503817
710358264
613845720
023157684
210453786
413507268
045136287
324806751
076213548
510236847
821405376
724361850
016834725
352408176
071246583
614702385
132645078
478156023
831564720
236804175
718504263
027164853
768104253
025813746
258403176
174283065
234601578
762105384
780316524
841706235
027536184
076514382
124705368
263104758
123804765
873625041
047631285
380241765
586102743
751804263
530264718
856213074
063512874
578342160
083245176
134502867
120843765
482703615
420378615
086735142
045816237
518307624
610532478
263851074
071642538
420163875
132705684
013468257
710382645
542736180
243571680
752803164
137582064
034182765
386415270
820416753
072183645
813205674
084762315
140378562
081576423
013685427
458306271
053148627
175306824
571408326
741803652
674513280
481375062
241356780
048162753
426785013
140758623
730184562
710358264
068452173
428105637
610872543
134725068
146832750
572813064
371264580
435812670
764385120
532864710
350176842
413825760
451826370
476305182
074235186
685203471
184203576
325678140
160483572
130824765
372456180
834701625
012367854
524108637
763485210
740268153
165207834
685314720
562413078
346258170
635478210
241708356
472856130
051837246
472835160
263854170
346587210
152704368
862743051
236704815
143758026
162837540
453701682
365814072
367821045
640753281
013725648
235701468
863702145
376508124
124307856
268103475
213705468
035217864
456702138
712608435
023418576
513806724
164285730
123784065
217804536
046317258
234605187
173604852
280756431
820675413
075321468
281307546
823104756
368154072
083167524
134802765
547126830
120736854
810652374
718634250
830617254
142357680
140672853
263507841
084571236
513278460
231604875
652134870
710482653
285716430
512807346
254718036
845206173
162738045
174603582
580647213
234107685
073264815
231684570
832706514
325674810
713284650
864301257
753146820
810243657
852603417
835702614
074532816
140762583
728104635
235647810
630472158
061345872
017362584
641807235
084321756
475836120
283647510
360714825
138704256
716403258
014763285
147385026
268504137
831257640
458162037
864502371
810523764
470362851
374286150
382704165
741382560
716832045
412738065
274813065
413728560
032467851
780621354
281603754
013642857
625704318
186342075
371402658
026385741
320148765
154306827
032186457
426503187
356201784
150846273
328461057
712458063
876203154
380571624
