430721586
123687045
230874165
340178652
134275086
013624875
280143765
120783546
134862750
712648053
183456072
123845076
413825076
012843765
134802765
712483065
140832765
831275046
142673850
123784650
780153642
236184750
023164875
123864750
120673854
023178654
142673085
234718065
123704685
136852740
810762543
850231746
130824765
073614825
851723460
260143875
613245087
045312876
123804765
042183765
026841753
072613584
123785046
813465720
123674085
235186740
150832746
213485760
283156740
235107486
123674085
123405876
513706428
162783540
324816057
013726458
083214765
834701625
023784615
120843765
258143760
134806527
712803654
248635170
713604825
046281753
613204875
013826754
720816453
283704561
314725086
014732685
142735680
836214075
123864750
263108574
083614275
472618053
813245760
142835076
240361875
142856730
234108765
134807625
813724650
034175628
152463780
081432765
713205648
612753084
135802746
821703654
324781065
813762450
134205876
234107685
120843765
810632475
135426870
081725643
841702653
812763054
134825076
024638175
126804753
120643875
061583724
123864750
163854720
710243685
123674850
173264085
012843765
016532874
812403765
162853074
142803765
283715046
123607854
154672038
013824765
382154760
123758064
710623854
123704568
813254670
236105874
263105847
684123075
123604875
845103276
713425086
023186754
162805743
581603274
034216875
812746053
316208754
071863254
613845072
851473026
123705486
863714025
613205847
861402753
384105726
812743650
123806754
743601285
253708614
123786054
284107653
810723654
350821746
835216740
120863754
023164875
042183765
812406753
123845760
810723654
253106874
813264075
053217684
123568074
012345876
123708465
132408765
130824765
713604582
126804753
013824765
613207854
023185746
134785260
243105687
064815237
082613754
374126850
472108653
062183754
813205746
024835176
613745028
235147680
812675340
740832615
013758264
362547180
631204857
812743065
142863075
012863754
810542763
830214765
023186754
152743680
023184765
812703645
810253746
134625870
720813546
613804725
162845730
130825746
712548036
671203854
034162875
418263750
142576083
813752640
384125076
123406857
180752643
260743185
423807165
023184765
283714065
384105726
823701645
781462350
120643875
145702683
781203654
235148076
071438652
863145720
823601754
142863075
812435760
142867053
234106758
641532078
053216874
135846270
230186754
182703654
073814265
384156720
042185736
012745638
083215746
123405768
123467085
130627854
236107845
682104735
135702648
438102765
283106754
123786540
813264075
263805741
012843765
162804735
134825076
235408176
410238765
374125680
842735160
230156874
340162875
145836072
830714625
128653740
126804753
123805746
145267083
083256174
134758062
142708653
123476058
254813076
364802715
713605428
634275180
123864750
123856740
345106782
023184765
142805736
130425876
123867054
683214075
718204365
123674850
273104685
123745680
716308542
142835760
134705628
384102765
263157840
812405736
082413576
162803754
482103765
813724065
173204865
813672540
015237846
230164875
530286714
012735468
135702648
123845076
254173860
034218765
134782650
234685170
742608315
340218765
781643025
128463075
083216754
384712065
683214750
814302765
314678025
042135876
480132765
123784065
034182765
130784652
147803625
347205186
140652837
263104875
723805641
310842765
253108764
160853724
034175286
013824765
173845062
023156874
123804765
130864752
136802754
034172685
026138754
713205486
123786540
123674085
123807645
126738054
120763584
120783654
073825416
023184765
236705418
460132875
138604752
345167820
821364750
134802765
781245063
012743685
142703685
135604872
172854630
354162870
730154682
083214765
830712654
814732065
426183075
123845760
263104875
083215746
125703684
023154678
083654217
814506372
248163075
134285670
283104765
134856720
046273185
782104653
812435076
142863750
082613475
082653174
813704625
124305786
034182765
230184657
013824765
813204765
046312785
140823756
153802764
120753648
128603475
630215478
834206175
813245760
134802657
380124765
253106748
683174250
613207854
160572843
032148765
142803765
013724685
013674528
834725160
162734580
083714625
230865417
215406837
153804726
621873045
613784250
230184765
324105876
610243875
136702458
860231754
134782650
248105736
728631045
810652437
723684015
815302467
026135874
318564072
236158074
152703486
120843765
142735068
038124765
423185076
623154870
023184765
861302574
345207816
364208175
683704125
386204175
813702654
813642750
172804653
613205847
083216754
078134652
034172685
234185760
814305726
283564170
081462753
123605847
813754260
123405876
142786053
012863475
134805726
432105876
136702584
160824753
123805746
514306872
045186732
083714625
023164875
281463750
728513046
741203685
123786054
123657084
324785160
274106853
650423187
035182746
240637815
145603827
134602875
142803765
841603752
273184650
830614275
021738654
142863075
240638175
814356720
812635047
245183076
814362750
245301876
034125876
482103765
346102785
081432765
123745680
163204785
052143768
328714065
283745610
023168574
283704615
013825746
120643875
863204751
271683054
142785036
028165743
123784650
873204615
123856740
014682735
042183765
130674852
812763540
051843276
153784260
614325870
053274816
273105648
731482065
120843765
012863475
420713865
812403765
142673850
280153746
026143875
841203765
371806542
140832765
134825076
812634075
812745036
021354876
140835726
081743625
013826754
032761854
243817065
841726053
418203765
123784650
872105643
123475086
230184765
142783065
581723064
814602375
815746032
714382065
283715460
123608574
714602835
834576210
218607543
341205876
483215076
023185746
014862753
073218546
234108765
134802657
123608574
421835760
026813475
357201648
240135867
873251640
218603574
134782065
283145760
123864075
130825746
324786051
135807642
028754613
172803645
815743260
142783650
182753640
180754632
234605187
841203765
713208654
023156874
384205176
813645270
835246017
345806217
283105746
073214685
142735680
260843715
836401725
240138765
812704653
620183754
120853746
142805736
142835760
123504867
842315760
682134075
123854670
280143765
034215786
135802746
283475160
762103485
283104765
234608175
083214765
123804765
023184765
724613085
260143875
236145780
083614275
234108765
263145087
123865470
835712640
234715860
123845760
132608754
812547063
423185076
230185746
140836752
813705426
123806754
012853746
813706524
164502873
812603754
123705648
254136870
342805176
084735126
831604725
123804765
123864075
134625870
120843765
813204765
810643275
843205176
831402765
162783054
120853746
412835067
364278015
523804716
280163754
127405638
812403765
146802735
823614075
132648570
164802753
384106752
134805726
140825763
034218765
268105743
283164750
273104685
836201754
164308275
134526078
314206758
120743685
813204765
013825746
462135087
150748632
124836075
812634750
243175860
046183275
260143875
810472635
012845736
023178654
810653247
123786054
821453076
123674085
123745680
813205746
128743065
083715642
154206873
314205786
123605847
028136574
263104875
812503674
851203746
834701625
283104765
035286174
013824765
042183765
273804165
624105783
273158640
812456073
723845061
123475086
120563874
813726054
013826754
140536872
153804726
813204765
730264158
813205746
135842076
812743650
283406715
014832765
283105746
120874653
516802734
170842653
712683540
845203716
386105742
812703645
124308765
042163875
283104765
812403765
028163754
235486170
120863754
016832754
023784615
270831654
138654720
142863075
714802365
873204615
480132765
613207854
123864750
283104765
480273615
138264075
340162875
013728654
042135876
081534762
813726540
082613475
123805746
052673184
713284065
832671054
126803745
813502476
612403875
263814750
274103865
120863754
123804765
281743065
173824650
283156074
145836720
731802654
810462753
760512834
123804765
123856074
241853076
142305768
230174685
162783054
085231746
013854726
485301276
013856427
620413875
814325760
134205876
235106847
235148760
142856730
035126487
182703654
240137685
152804763
810642573
812765043
073415268
247105638
134728560
140832765
840172653
160872534
782413560
712653048
142785036
213684750
153802764
713504628
283745610
014853762
123784650
130824765
012473865
728604531
340172685
782536140
813724065
123805746
240635187
713624085
130628574
142705638
283104765
783415026
124306875
812403765
123784065
614835027
712408365
043215876
152673048
130627854
123785046
780624315
130524786
623187540
123708654
034126857
014832765
034175286
283164075
023186754
123845076
735421086
213507864
283405176
182703654
230164875
234785610
123804765
137602854
283164075
123674085
713804652
260134785
862403175
134625870
123504678
561802743
812603754
813204765
234761085
153806274
814602753
342701658
120673854
142785036
123745068
810253746
142783065
257603841
635827014
380724615
134802765
134675028
123758064
123674085
324105876
273108654
120863754
713208465
728403615
023175648
851703426
813245076
263105847
123805746
136804725
683512740
134708265
034218765
123864075
123806754
123657840
023765481
234175068
123674850
012863754
123804765
145703286
853204167
083271654
853102746
134625087
820153764
815306724
043215876
130624875
813764052
134802765
123864750
013726584
053214786
134802765
283704615
124305786
142863750
283714065
814306752
386502174
834261075
042186753
145836720
482516370
248163075
248715036
134672085
123864750
730521648
123456087
130864752
071423865
018275643
034278615
142835760
182753064
243856710
128463075
340215786
142673085
123604875
812435760
831502674
234106875
123475860
460831275
123675048
012854763
162573840
813724065
123806754
120845736
046137285
613204875
025436187
613204875
126308754
085231746
032145786
810753426
123704685
120853746
134702685
134802765
813724650
083265147
680714532
263105847
065213874
861204735
280153746
134725680
326408175
813204765
718632054
152403768
820713564
245168073
283104765
123645870
027143685
123864750
712403568
013845276
781403625
610273548
781423650
142805736
380154726
083215746
127635084
640351287
123507684
612703485
283675041
864102357
083724165
268103754
072165843
