820613754
053216748
327456081
824375160
123607548
734201685
821703465
135402876
126875043
357126084
126853470
354821076
123846570
246781530
380265741
730214685
134605827
126543870
146302875
412876530
586301742
015847362
218703546
648201537
382605741
813745062
027168543
041362875
025174863
421603875
840521763
154278360
024168537
035241867
140783625
810743625
243815760
260341785
170285634
140782365
218305746
842703516
152803746
123754086
823164057
234581670
635872410
274315680
712605834
024136875
354801267
280614753
247658031
130748562
718603425
450368712
250386147
160457283
062814375
328406715
740325681
837406125
035167824
425167083
348701625
043725681
042157683
546283170
384201567
341628750
651803274
184502763
830745162
476201583
042631875
053268174
853726410
280153746
872315064
561703284
641823075
832416075
145623870
310754682
180354276
578614032
483152076
263574018
568302174
780231654
163708524
025836417
824307651
023684751
837516240
120476853
534178062
718203564
826134750
273104856
614357820
428356071
712803465
672304158
683504172
128745036
820637154
380724615
021346875
283714065
036278145
610357842
536207184
273145680
234701658
134602875
230867514
831604257
250184736
318574260
135807642
840627531
142506873
172306845
736812540
453201678
780524361
234105786
824731056
423865710
436108725
426817035
872103465
041536782
376804512
540318276
728635140
680342751
850762341
264107358
053742168
283145760
283741560
864105723
375406218
718634250
073286541
542103687
268713540
216504378
546208731
046583172
462583710
230768541
586204137
073821654
713624085
520837416
871634250
024186573
714206385
036214785
123604875
273501684
635204187
712405638
123564870
863507214
712503864
081752463
648732510
130728546
834265017
813402675
142367850
078312654
823107654
432605178
528163740
652147830
714305628
643128075
234108657
413672085
172306845
054186723
782503461
831206745
457861230
043267185
134207865
734205186
213758046
521406378
123546780
271465083
780312654
013284675
420816735
083714625
138745062
123657840
157382046
235674018
245308716
156273840
386275410
810472356
671804532
027146358
042167853
840325176
014627835
238176540
630247815
460178352
083612574
421835760
836104275
164805732
136748520
360782514
283741056
327504186
810562734
213674580
718304256
864207513
015284637
834601275
634251780
018423765
026138754
814702635
052138764
264301875
651802734
540382761
437105286
270136854
617302854
014732856
134602875
365108742
062134587
324756180
210568437
852746031
086431725
375804621
361702845
742163850
045162873
521804763
748156032
832701654
721648035
714806523
348215076
273156048
275138046
457203186
645782310
152806734
750328416
735248016
048173265
623185470
786302415
346805271
612805473
247608513
042631875
024738615
023614578
587602314
536872014
873514260
065418723
082157634
283105746
270348156
134672085
160532874
813607425
560247138
178423065
367201458
283604175
320475618
756802134
153804267
748315260
641205837
680237541
710438526
485102376
562403718
384205176
340716528
125843067
347618025
583104726
812307465
756384012
214708536
780214365
283147650
150672483
374658210
781406352
465807231
614205873
875243160
173256840
283451076
265403817
741503628
824603175
410732865
358764120
350768124
154602783
820375146
143762085
183604725
743205681
421805736
042137865
536871042
823147560
175234860
140836752
526871034
031246857
283106754
421756038
460328715
435106872
314257860
586143270
215304867
035214876
254816037
485623017
143705682
036412875
862574130
621304875
234601857
164802375
486203571
021634875
416857320
560423781
574216083
846302715
715804362
160532874
412768053
152473860
140536872
250173468
760218345
830156724
143806257
625103784
283105467
018274635
842361750
021834765
134785026
183475062
125846730
172804653
120543867
812745036
178602435
381745062
738205164
872603145
620145738
215863470
518476320
246103875
432805716
123865047
438102765
527308146
135674082
618302574
721503468
067481523
362104785
230186754
645132087
783105426
683204715
876304215
315864270
520143876
041863527
260543178
823745160
165204738
013624587
170682534
642103785
642508731
872604315
125874630
350764218
234105867
072543816
042135768
843701652
032857146
635148270
381706452
671805423
621874053
410786253
134502867
861234075
732801645
235174086
085326417
826305714
813726054
280143765
345286017
213604785
214807635
387104652
430276815
843716052
836142750
137452068
812604573
013826547
035412867
137802456
813674250
123705486
347602185
126835074
076184235
365108742
017354826
547861032
368107254
825374061
428375610
461703825
457201683
231864075
125784360
068123457
762804315
816704235
872504136
012845736
248103765
082645173
638425071
327806154
634802175
123864750
674201853
187406253
687123054
613825470
380526417
145268370
128604573
672184035
071836245
036485217
254378016
286301754
153847260
271645038
613824750
074162853
814705623
530146287
856243017
264183075
238157064
423761850
013528476
063812754
267548310
428107365
720431658
064315278
734805162
620153874
043678152
583124760
017834652
741563082
784302651
043615782
342816075
613854270
681542073
730518264
810742653
140536728
864207513
340871625
713526840
637201548
751438260
234675081
365207184
870623541
465302817
560187423
681204375
270136854
052143876
712568043
340156872
084536712
174356820
024635187
731526480
860523174
135706284
812705346
675213480
023174685
376254180
023716485
712563840
813465720
053214867
814657032
745206138
835406721
156804732
762413850
278631540
135402876
280431765
716342850
781634052
538271460
468715032
460821735
814603725
258401673
150824736
624513087
270341865
250143786
712603845
862103745
435702168
261703854
120364875
726543018
154302876
230785416
084621573
613572840
031586274
417385062
724103685
023785164
130657842
810245736
283601574
462703185
163854720
142863075
145602873
256834017
470816253
135804276
461305827
140836752
134275086
713208654
523186074
035846721
328701465
734601825
320684715
865402173
812704653
142758630
286701534
635107284
172803564
436172085
814203675
723805416
047825316
825371046
871652430
723814065
162345870
714638052
045231876
648751032
127453086
781204635
023841765
345172860
326457180
082743165
214673850
150423786
062173845
163804752
283605714
056172483
042176358
248103765
035182746
123704685
387246015
345762810
210785463
034215867
281307654
713625480
162704538
140736582
318706542
014637852
012857436
348157620
354106872
063184527
120673485
263814750
813205746
712683054
813745620
240167358
238104756
021573864
420135876
374618052
450261837
213748065
084732651
135642870
830674125
123608745
813245076
425186730
365207184
328145760
813724065
130586247
023581764
481205637
271843056
420613857
042581637
870231564
165734820
480261735
034825167
043851762
856302417
063728145
123607854
146357082
842537610
748201635
784305126
627501483
836251740
046873215
730261854
125438067
035861472
013875426
436102875
378514062
460732851
873125640
560348271
081263475
784301625
842653017
153864270
835701426
031867245
283156074
183605742
142758063
254806731
310864725
786201543
810723654
687405213
873206514
123784065
481532076
735216480
013864275
014235876
516483270
678143052
620138574
268374150
386541027
834215760
123475086
168273540
163584027
612354870
314706852
025147836
316245780
823564710
163807254
751602348
431602857
671204835
243605817
438127650
648325017
861703452
281604573
130258746
450831267
453182067
851362740
635204718
162703584
712306854
450216873
142735680
165308724
718405362
257843016
132406758
253186047
435267810
345627810
671503284
180743265
872356014
365417820
068357412
761503824
134675028
712803546
738421650
036285714
810725436
314805627
813625740
423608175
310426875
015428763
023186754
136425078
510362847
450628137
546183720
317402685
013674285
514372680
610724853
730284651
187235064
260147385
540236187
072831645
710384652
081253746
473205618
348215760
874203165
216874053
170463825
130627854
137284065
826103547
258713046
475836120
170853642
061843725
723615840
235807461
386714025
283576140
284701635
263718045
425173086
741208653
823507416
042173685
721354860
742301685
462107853
421683057
735816024
862713045
041832756
067231854
720638514
785426031
168537024
721854630
283741056
062841735
760382154
123784650
352801647
123508764
612843750
812607453
017325684
380715624
064875213
830216754
623471085
136572840
674815230
813657024
514836072
812607453
370128465
028371465
045176382
035284716
813624570
213708645
143502876
261304785
718436520
374108652
123507684
281753046
812674053
546708321
834261750
135706284
170632854
813645027
763204815
284301576
251486037
751302846
257436081
712658034
531672840
763102845
263107854
380612754
132507864
437618052
628345071
815264370
421863750
230781654
568203714
056142738
036142785
724561038
612503847
864723015
860574312
830415276
238754061
128403765
082615437
450712638
135768420
834261750
054263781
148573026
073184256
123705486
163804275
430586271
263105847
234168075
758604213
624705381
873426051
362801457
850461723
140752386
154803762
235706481
260138754
045236817
013825746
815702436
473102865
068123574
837651024
385602147
240385716
845102736
834152076
315706824
730214568
126358740
267301485
023564178
320165487
436502817
572306148
368701524
123465780
361405287
268103475
812705634
153708264
463108527
153687024
450768321
128603754
143805276
851704236
183504762
816304257
543701286
831524670
285406173
580142763
265408137
671302584
385142760
835406217
170632548
263571084
062843751
134827650
016523847
051274863
031674258
127853640
463815720
452167380
135782046
034271586
031846275
123804765
172846530
863425071
183756240
125703468
037156482
523486170
143875260
457816032
651708342
043182675
410823765
178452063
834701625
034128567
365204817
418702365
135726480
487531026
823405716
324801765
658127430
143502768
650841372
741283650
032415876
021683475
735216048
135407862
056438172
012768543
673408251
870536214
813702654
720861543
812603754
875403216
126308547
621745380
384102765
341825076
410623875
630574281
042571683
364817520
273108654
253846017
127405863
712584630
472105638
