328105674
283617450
761803254
231678054
127403685
421305768
013742658
836175042
013864752
361845072
860243175
081763524
380247615
748102365
538206174
734628510
013425768
064372851
046871532
042516837
345687012
715406823
034125876
613508247
356208741
634107582
326507184
462135870
183402765
510632874
148502736
325486071
862307514
765402813
083217564
360754128
364125870
158673024
023158476
327104685
426708513
123807564
048172356
357264180
760124538
384256170
451203876
742508613
324156870
813504267
473165028
673105428
384507126
430265817
260187354
372108564
054286731
312458076
430821756
032867154
734601825
562143087
123608574
510743826
243816057
825713460
538206174
523601874
013486752
065732184
872643015
034187625
143728065
428503176
064371258
840671253
723518640
873142650
387506124
354106872
218704635
357842061
364172085
230456817
142835076
237685041
142308675
013487625
350187642
814625370
380241765
074136285
731804562
285136470
346102578
730154826
231674850
120345768
138752640
310756842
863715420
012873564
758634012
723485016
512734068
280165374
246703185
038742651
281603754
261583740
085743126
628541730
135846270
428103675
723456180
045812673
610483275
830152746
142876035
276504381
247603581
062584137
328145760
028456137
423516870
158203647
213854760
813204765
610375482
156403827
084321756
041863275
163874025
340871625
263804715
043768125
135674082
341267850
182603745
025731684
068153724
613208745
064875132
380142567
163285470
716803524
048215736
128704536
043215876
043178625
813205467
462135870
820647513
840613572
712648530
751824036
784201653
023158764
230841765
125468730
410385726
248103765
345806721
730182465
721408563
370461852
753208416
174203568
350864271
571342680
175463280
680714253
814763025
485273016
256103784
514872360
180752364
056182743
823671045
835604271
813726540
142605837
287103654
450782361
028164573
840516237
612407853
420783615
730128645
152734860
635402178
230416875
014536872
540183276
023145768
085234176
580213467
450123768
823601754
830124567
385104762
370684251
453106827
435781260
814672035
531806742
146372850
830154627
485267130
036124587
028713465
813704625
820341765
381405276
820315764
710623854
082673451
830124756
048726153
273486150
263704518
431706285
273508164
246508137
420167538
240137685
830174265
527104638
264175830
364275081
084372615
524106738
085431762
521803467
820461357
364105827
845217063
384125760
764518230
814205763
165824730
835621074
043875162
651427830
476208153
265378014
083174652
023874165
210354687
863215740
651807432
682341750
820613754
314708625
473285016
215308476
718623045
071635248
864132075
458102367
812403765
350168742
018376254
580142637
830251764
634708125
083245176
345682710
021348765
714306825
357218640
814362075
481602375
867203514
625431870
352104876
561823740
375204861
137508264
012487365
315806742
685234071
310784625
813407265
573168240
015247863
531248760
451702683
834561027
230714658
457301862
182753640
623874150
826401375
854612370
263174850
612705384
283715460
258436017
041287653
537864012
864301257
034165278
153706248
864235710
082513674
687401523
860721543
123478065
120537648
712583460
873105246
142758063
162703584
085246317
875104236
047218653
120438765
810236745
214853670
726438051
123845760
063241857
142806753
720483165
528306714
385126740
370185462
812354760
371856240
023471865
154806237
345807126
782536140
134807625
140327685
520863417
736584021
356702184
736201584
863201745
065428731
045381762
136207485
423185076
143205786
451206783
123784065
132658740
157603482
412805376
064135287
645807321
280354167
076382154
361245870
253678014
278605431
185204763
623405178
234867015
410572638
512463087
473802615
412563078
057123846
754803612
571203846
720813546
814765320
475318260
850213647
063245187
168723450
280354167
570831426
842315076
132704658
821754360
146503728
120743685
046158327
013627854
132506478
180345726
675201348
830674251
354287016
852473061
152634780
430258761
023461785
057246831
042851367
027348156
278506413
580712463
012643875
872153640
147862035
354817026
356718024
378401652
452701386
586413720
864301725
234805176
120365847
857204613
670513482
385704126
283106754
480162375
678132540
136802475
173506428
023681745
273184650
038125746
156702348
287604153
614203785
610573428
041286573
123865047
134782650
380261754
538201764
761503248
124835067
713586420
312805746
074631825
283576014
481356720
126703485
120583764
813754260
235471680
671452830
652371048
135804762
468235017
813206754
014683275
683402517
014732685
142803765
132476085
783152640
582704613
250831476
720853416
836251074
376214085
247601385
835421670
536127084
812705634
716438250
480265137
283604175
062345817
145876023
435702681
026853174
431206875
041785623
781603524
425801763
482135076
130754286
270385146
365724810
230468517
280654731
130824765
831506724
214305768
310826457
271403685
084561273
237508614
530218764
358706241
643152780
017834652
170832564
827403651
016483725
820753461
214375086
482715036
123704685
064385217
165238470
283145760
462307581
843162750
861405273
753846210
021478653
250713864
254783160
185743062
712503864
013824765
241308765
357624810
536124078
812734560
580731624
780623145
560823714
820471365
024785613
814705623
615742038
415832076
820435176
387216540
031245876
163724850
260437518
124678035
061823754
016834572
035176284
857326014
025183764
571623840
065421837
712534860
673841052
037412856
865234017
134708652
053812674
623781045
082756413
072163854
428153760
825706314
217306584
641802375
078253146
025473186
672401583
123805746
762354810
042186753
283704615
184702653
647801325
524603187
138264750
623805147
547108632
465327810
123687045
810243765
123704685
034825167
013824765
031248675
841703625
035612874
478316025
128643570
264387015
413286750
123704685
743205168
024173865
821734650
234168075
647285031
530416278
875104362
462873510
351402876
371804652
632147058
152863047
023856714
082153764
374102685
137624850
658137024
530268174
423705168
275406813
240185637
123407865
850612347
157403286
012643875
123785046
658427310
426301875
024863175
713205648
362174580
810362745
847503621
185273640
152673048
816403752
156734028
823416057
761248053
623107458
058164372
843701526
182346570
564283710
861503427
041358276
187243065
584327610
182364750
250384617
486172053
162807534
617438520
835104267
712503864
813475026
872153640
013865247
841703562
871406325
741632580
835724061
160782354
812403765
641705238
052614837
325708461
184503672
015632847
365207841
273568014
581402763
042831765
048263175
846302715
380214567
176324850
526308174
234706185
825731064
830217564
247805613
086245371
813652470
841723650
860235741
263105478
630871542
150843726
816743520
812754630
234105678
254706381
460132875
370182645
623548071
347802561
520384716
876402531
543817260
718504632
245703168
813752064
871605432
127803654
160832754
871463250
475103628
013728654
718354026
156723480
674528130
863104257
418603275
830164725
612804753
384102765
570246831
342508671
742603851
073216584
240138657
134802657
240568173
238745160
721803456
410526873
758412063
178632450
031654728
310728645
062184735
526183047
815673240
614502378
123406785
428107536
147605823
235486170
031485627
417862053
067835421
140563278
675302148
256701843
085431627
643207158
175402863
316457820
125704386
072163854
381256740
813705426
573106248
240165873
617352084
035264178
031628754
321845670
810473265
013625847
142735680
125783064
613874052
672583041
120458736
241703865
820413765
682105743
674801235
231864075
182603574
148203756
362781450
813206754
410863752
125403867
035217864
041287653
238146750
860714523
421608735
630178524
827104536
326507184
280314765
731206854
130874256
362174058
085731264
472618053
827146053
635201847
782516430
834506712
081634572
428573016
238754061
681324075
053214867
137465028
216748530
514782630
063418275
730185642
217863540
270438165
387562410
524187063
514327860
153824760
364708215
074281653
780642135
170642835
067243185
253416870
146508732
364102875
134206857
318205764
132804567
781563024
123804765
168742350
634702815
428301576
126574083
031684275
823465170
625483017
610257834
684125370
182507463
814602537
034185726
643207158
730614258
825603471
150846732
410532876
236401587
043281765
821365470
472108653
543862071
138754026
483721065
821647053
860423715
537168042
064257813
812673045
123845760
743805126
123745680
627801543
325471086
158643720
368504172
042165378
384602175
276103485
381206754
380624175
635821047
683402175
274635180
563407182
021846573
360821754
621503748
814507326
084572163
870132546
046523187
340821765
023145876
651873240
123854670
452138670
683407152
187635420
253801746
351407862
024386175
614205738
380541726
063541287
017863245
048325716
485261037
783102654
820641375
276134850
715328640
012746583
014832765
723601845
380642571
741832650
123746850
810543672
412853076
563147082
526407183
832704615
617402835
023157468
042183765
053176248
827504163
382765410
134275086
234805176
135602784
083275416
642108537
813674025
237106485
462185730
680751243
283164075
631502784
281405736
167203854
283716540
860154723
872351460
547803612
581632074
263785410
142738560
345812076
270563814
342158067
047863125
467102583
034672158
281705634
416358720
816403275
641507832
035684172
017326485
416507283
813256074
164852073
034685127
150786324
123647580
713206584
014652837
715823046
165803274
783561042
134257068
521346780
154802736
287604153
412703865
573106824
812705463
082145763
781364250
182465073
718405623
834205167
382571064
872401536
783506214
367815042
683104752
431675820
814356072
215378460
256104873
283561074
235401786
083245176
036584271
032684715
127304865
610253847
310476285
036152874
453601872
056814237
162805374
260457138
412576038
831402765
752413680
326105847
087365214
324586017
475208361
371652084
146583270
165832074
152307846
762485130
170264835
165308247
072348165
712305846
421805673
820674315
372104865
123608745
134278065
320584761
123784065
328401675
743251068
054312786
810532467
134657820
871263540
025673148
823504176
530186274
751864023
836214750
752168340
352714068
526103874
234168750
