235814706
648213705
384156702
204856731
187063425
102453768
521084637
603812754
348510726
804516372
248610735
102743685
804562713
671058243
384057126
403625718
831750246
738056241
143058672
813570462
708453621
306142578
234017685
268031745
243085167
421063875
342750816
518026734
507682314
214057683
158620734
831420765
103254768
718023645
863410275
817046235
345812706
834610275
158473602
127345806
718562304
208431765
103872654
263571804
856230714
602738415
851723406
205846713
743860152
457216803
562140873
234061578
586142703
184560273
683271405
871054263
523048617
264830751
125087634
123864705
123064875
472058163
613072845
361250847
605143728
816034725
645187302
482130765
481257603
124850637
603241578
874026531
356084217
782610345
408513267
304865217
781042653
204186735
104258637
504836172
835241706
853710246
174530286
165480732
803217456
625170348
234015786
764835201
106283547
208743561
124065387
301267485
873042651
301286754
802175364
348716205
804625371
142370865
548123706
563720418
712043685
702163548
501876243
781053426
218053647
823150764
625018437
405682173
831524607
206145378
813450627
381756402
801453762
348756102
281056734
362058417
285170463
201857634
321540876
102478356
701438652
324015768
105642738
342760851
324870156
184732506
108235746
617085243
876120354
286140537
501237864
236540871
328716504
106537842
146820735
435216807
385012746
635074812
867451203
543067281
673240185
342786105
703185264
573210648
702416358
782460531
423175608
126074583
502748631
602813745
635028417
152760438
483210765
641087523
865214703
531074862
748036251
721340685
451062387
123067854
548031276
145267803
517034862
608347215
851064732
671840532
135076428
207184356
102574638
376820154
201563784
168427305
734620185
703642158
467320518
346125708
462081537
648370215
814076253
402871635
831042765
106432578
206758134
153826407
238075146
542613807
813720654
308625714
408176253
301274856
483250716
632015847
243756108
703642815
753086124
235476801
234875106
237651408
781230654
503128746
174250863
381056742
321074658
417083265
586174203
146238507
704651832
823750614
451036872
823167405
451862703
634581702
587360421
402163758
714630852
214860753
341275806
134750628
342068517
236048157
562183704
826410753
345710268
784053216
578610243
402163875
278013564
854627301
107826345
512037486
501873426
415023867
835726104
135046827
261840753
607823145
713568204
734260815
283645107
423680751
208435167
234086715
517834602
541023867
128435706
731056284
231560748
206475183
512084367
845037162
301628754
634852701
415820736
378250461
415036827
567083214
108462573
136280457
425837106
762438105
584372106
805743612
264580173
467218503
604317852
154078623
803671245
384051762
184057623
832150746
107345628
184035762
748023165
203764518
283016754
701428356
423718605
453180672
208137654
215473806
385721604
583016742
263180457
183420657
316257408
265087413
135780246
852630741
704362815
265783104
364015278
418375206
341750628
658140273
804261753
367250814
703452168
784153602
435128607
742130865
763081524
172640835
364280175
537680142
304256817
201837564
124038765
852310746
738460521
475032861
583710264
518023467
478310625
378014625
861540237
247065831
126853407
651048327
314678205
432850716
103246758
345610287
405781632
408136752
407182653
672581304
165247308
506127843
735416802
862043175
506813274
872045631
605714823
351670482
301284576
624538107
426085137
328067541
508371642
501436872
162480753
216073458
804735261
561327804
107346582
824567301
158760342
725438106
203168574
871420356
162735804
806741325
248735601
862540173
215863407
814625307
465872301
731052864
581023476
406371285
716820543
105748263
328456107
138265407
471235806
306758214
586041723
481756203
231056748
356724108
324018756
703162845
527130468
415863702
502167834
604283175
156280347
147523806
423670158
701643825
683014752
604351287
384725601
173625804
463751802
847512603
571032486
326074518
283047651
807512346
306257481
578630142
603247581
814620753
307526481
301824756
125063487
257410386
703261548
428051673
843076125
316520847
643078215
603258714
713286504
271054683
246830715
534128706
704123685
253184706
234018765
183472506
102378465
381640527
103452786
861740325
687520413
103458276
543810672
356280417
413057826
807431265
263170485
108675342
708162543
635784201
175863402
204136875
806371254
321840567
185076432
234518706
783014625
816273504
102648573
314570286
725413806
507261483
608724135
603128547
346215807
263087451
728134605
163058274
783645201
403127685
827340615
345872601
158460273
503126784
718064235
235140876
402518673
843012657
631520847
604715328
127350846
542360187
123840576
347056218
758361402
705231648
306845127
401238765
517043682
374251608
253710648
761243805
501783462
312670854
635012874
378162405
812540763
374052186
581673204
203174685
125876304
103874625
325860714
106532874
426738105
635824701
384152607
245370186
642058173
672385104
134086527
705428613
487061532
621374805
803465217
825013467
781025364
408731652
814362705
407162583
571420836
264035817
705216348
107532846
352840716
451083267
718032546
248710536
405126837
365127804
162345807
457286301
485123706
503274816
802751436
305186724
574018623
123084765
135860724
764813205
302167845
873120456
602714583
372160548
207458136
803621754
874063215
814370625
786230514
356180724
841720536
534628107
302814765
628130574
532064187
274380651
602578134
213678405
218046573
205173846
415320768
562018374
482560173
352167804
123650847
246087513
324781605
627430815
452310768
564170382
325467801
203475816
827063154
302748615
162740538
304218657
671482305
175842603
842617503
603758241
542630178
612540387
451780263
832571406
725410863
683570124
428053761
641257803
374125608
143857602
142765803
835410276
841657203
861740532
816745203
148067235
632071584
734580261
405273681
123840765
846073521
412067835
742850163
504687312
802531764
326074185
278041635
813075264
426058173
205738641
823460175
281350764
214035876
637510842
682031457
713685204
104862375
354018762
502768134
861340752
723048651
258017436
184076523
843761205
701843265
465120387
406187325
623184705
652170438
784536201
543826107
378150642
237651408
513786204
156423807
351860724
125678403
821536407
306157284
736142508
235186704
173540268
524170368
561820743
684052731
802316457
371025648
358670214
602748513
182753604
835724601
248035176
106824753
403125867
435760218
746185302
142058763
236150874
817642503
317850426
342168705
376251804
321064578
605412387
503674821
601523874
263740518
641085327
401387562
803612574
754381602
501384276
364280751
235017648
302718465
683425107
586012374
351087426
624170538
341870625
103754286
372580146
308645217
364028175
706214583
583041276
602315487
658130472
403586127
214830765
201834765
176235804
605784321
213076854
345170862
278143605
813640275
425378106
183045672
841750632
205673148
104827365
813745602
318540762
581460732
704516832
137850624
408723651
261783405
825130746
274038651
732180654
152648703
105268374
846530712
704152368
534270681
732841605
602435718
173028456
804125736
731824605
632457108
143270568
603582471
417320865
201683475
802743651
825143706
703615842
124836705
253086714
123750486
562473801
678510423
387120564
148027365
207465138
807245163
381074625
362150487
385041267
483165702
365018427
162850437
813720546
548023176
742630851
358710264
842671305
162837504
643285107
782013645
167530284
671480235
714682503
817043562
702451683
604173528
562380714
501762483
124873605
135620847
483071625
538410726
716532804
132840567
843672105
582710634
501632748
864352701
126570348
406587123
705314268
125346807
821076453
824160753
243065817
614357802
304167852
268743105
213846705
762384105
476530281
286051743
742156803
306825174
102634578
731560284
813026754
125860437
124073865
802714536
853210476
143026758
403516728
413268507
172084536
154082673
726081453
206473158
605342187
356280174
136720584
847025631
508724631
763285104
486012357
853240716
267810534
506182743
763421805
123074685
341028756
816247503
635024871
803126574
732180465
741250638
405621387
681240375
378021564
817465203
173260854
423810675
502481673
356170842
406215378
684150732
715326408
451723608
867213504
625480173
413765802
507628413
267830415
265013487
784013265
204536781
241763805
317082546
761534802
324015876
351720648
314570286
126430875
134572608
125038746
451768203
345268701
236170845
205173468
123645807
608542713
728051634
143086572
134062875
625473801
813046257
581063274
684721305
513620478
603521784
431082756
704612835
346520187
618542307
106534827
248750163
102736548
523140768
576810342
873015624
207431568
564012378
713628504
412385706
813027645
203185467
236054187
623071485
843726105
673084215
801243765
608372154
283147605
862314705
372150468
645028713
345860172
372568401
486372105
752861403
715428306
123067854
127085643
672013584
801245736
471365802
867324105
705246138
125470683
621780435
287614305
186234705
235180674
614082735
857014632
135026487
638124705
302148765
806354271
578420316
607512843
586214703
678423501
852036147
371624805
705128463
786130542
254031867
581473602
568430172
524680173
658730142
234860715
103752684
354827601
203457861
203865417
457026381
813527604
628430175
835274106
483215706
815730246
415037628
134068257
201675483
801374562
134657802
326480175
167425308
108574362
812065374
812740653
804621357
124360875
834670251
124650738
706148532
134076582
403185276
165320748
842173605
236085147
526780431
672853104
826073514
542087613
623410758
716438205
105347826
408136752
148350726
726830154
813245706
613058247
428051736
157680234
805371246
407856231
176052384
541278306
405172683
204167835
768510243
504281637
123046578
804135762
136257804
608145723
638047512
476328105
283710465
674835102
362850714
162048375
307842615
278634105
837021564
753120486
348572106
147820653
137524608
278541603
254310678
473120658
582461307
628135704
305216784
374026851
364510872
812653704
541283706
182657304
475120836
208531674
163870254
604123587
175420386
308651247
367014258
413820576
154076283
285710643
103826754
235718406
362415807
431560827
436721805
406325781
857032146
152048736
