684301275
283605147
165843720
312768045
850243167
082453167
862351074
267301854
715642083
340268175
024851376
732184650
582103674
052438671
427608315
362801574
128543076
821736054
482673015
231874056
834725016
280143765
280135647
231506874
160542783
143765280
812743065
754163082
482106753
235681470
041582736
036475281
613704285
814325760
742613058
841703625
321408765
165802473
158703624
036871245
678104523
231804765
830721645
216378540
317405628
243705186
427801653
628173540
136804725
064315827
250718634
081342675
015843726
120863754
715368420
734256180
032681754
423706185
237605814
215437680
862574130
475302186
873104652
813752640
845601732
125706834
635184720
036547281
042186753
860527431
374185260
832705164
058673421
038126754
537206148
780463125
013864527
162834750
368245071
018325476
163805724
354286710
172356480
513824067
081734526
632578410
235106784
612875430
734518620
324108675
245786013
158207634
631782045
482716530
168432075
024375618
364285170
630487215
187432065
740513682
273156048
870652341
135806724
431206758
182706534
358714026
134726850
240168753
823705614
084325176
812746053
283706514
752413068
027384165
861203547
045286137
468507213
138624057
452831076
621305847
126537840
623184750
160537842
245708613
140732568
327601854
264738015
130624875
184326075
720851346
257843160
258137460
753624018
142853670
685304712
134278650
817403562
031245768
016435287
283105746
183654270
816503472
140672385
452671038
148735260
014832576
823601754
164207385
083214765
146273580
652173084
683415072
524708136
170542863
032418756
754823016
817653420
082714365
041832756
567408213
081245736
823174065
156723480
123705648
453276810
865721340
124586073
235801764
428735160
035278416
162703845
342765018
752103846
120486573
780423615
130426785
481657032
123845076
142803765
780241635
420631875
823601754
863274150
871452036
860421753
043816752
172308465
523706481
436702185
245187630
870451362
437825160
612873054
523804167
534207168
014732685
083524176
530721846
812573064
081462753
740153862
743205168
513702864
823751046
283705641
413782650
368201754
472165830
218306754
145607283
137645820
632457180
750412368
817603524
082163574
127835460
740863215
850423176
457103826
043876512
048213765
086534217
815234760
613204758
612843750
034652718
284731065
160724583
130725864
074352861
152843760
248701536
065821473
831602475
083564271
062713485
147602835
180362754
354108762
142607853
135608427
471308652
836157240
624783015
485301276
025384176
725614083
120876354
235486170
046128537
871632054
634127085
831507426
870243615
753284160
810263475
120843765
148205763
830154627
234805761
470163285
610384257
625108437
342576018
162573840
062735814
015346728
428365170
318742065
027834156
126508743
140735628
123745068
476351082
213704658
574308612
084563172
618503742
710253648
120378654
152368074
712453086
148306527
863214057
631245078
583206714
850364172
273405816
275681034
152403876
472108653
683714052
520841376
281704536
214783650
120458736
640315782
240687513
617543280
327605184
813752064
651834270
610842753
140836275
764123085
124673058
437802165
127405863
812605437
270514863
563284170
172435860
361458072
230165847
273605184
640271853
628103574
163824570
236107584
630415287
624107853
081273645
236508741
653204817
041683725
435801267
813724650
350142687
126307845
853471620
465123870
283716054
485206713
247816035
870325641
724165083
180543762
760432158
254108736
150782463
458102367
520648137
186452730
728415360
267503814
586234017
083421765
271845630
013854726
851647032
062783145
438125076
831402765
713208465
238104567
658234170
150436782
821607543
034158762
142705638
140863725
835721046
520178634
012845736
254167830
364507821
853701462
312607854
043526178
123405768
271483650
260834517
852317460
138467025
178604532
380742651
863102754
082153764
837601254
867531240
571402836
183742065
567418023
062384175
130847652
246381075
123806754
064821375
374802165
870652413
423106587
485107236
812703564
842507316
063578214
236584170
634157028
785302146
546283170
570341268
240138765
321705684
478602153
520437861
780412635
126785340
360241758
840231765
246103587
153724680
734506182
314602857
651207483
314265870
342507861
053247861
863217450
357126084
435208716
765213084
752813046
034268751
823574016
274106385
360124875
345607821
283604175
163704825
370284615
374158620
364512870
135708246
015876234
654203187
618253074
410273865
143265870
031852674
235486170
864172530
160458237
130726584
370651284
628104753
372105684
035168274
123604758
061872543
751306482
620184735
135802467
214375086
416203758
013824765
826703145
062781435
130752684
520413867
018653274
351728640
781564032
071346852
148702563
314508672
078631524
256308714
253817460
034125876
184723650
256103847
326715840
043712685
016825734
872304165
814703652
631207458
615327840
281365740
031475826
730258416
382675140
214603875
026871354
041723568
456103287
123864075
823574160
120843765
182306754
235408176
156302478
730546812
283674015
076584132
360254871
528103476
365182074
230456781
082614735
152346780
863124075
034125876
426358170
840172365
483205716
136547820
814625370
142856730
367204851
380712645
541306827
834571062
135802746
041562837
328745610
162583047
714205683
125308746
640378521
273614850
867451230
180364257
253786140
421657083
340215786
431708256
620541837
016523847
024176853
281703645
367104825
861504372
032654817
427586013
815436720
265781043
124836750
435701628
374806521
640283175
058476132
273465180
154627830
256807431
281607534
512683470
563482071
613207854
283704615
320145867
682103754
253104786
861403257
813745062
015436782
578104326
483705126
120758463
123704856
837154260
523104768
830147256
283156074
012673485
238107546
864207351
236458170
836207451
145307268
582346071
783605124
567342180
125734068
283601457
284706153
273108654
720813546
326508147
071236854
124805376
234176085
185476320
018245376
142863075
715208643
273104685
680237415
586127043
152807643
436257018
831274065
236508741
126387054
723156084
243576810
530872164
578206431
125304768
035816274
016853247
482501376
342801756
754281036
871504632
861703524
761582340
673521840
673584210
123657084
126308754
450831726
247183650
285703614
310856247
583201467
721645083
687325140
680731425
734206815
034851672
326104875
032184675
684172035
813206754
421653078
130782645
576201843
480731265
123854067
814702635
864172530
052714863
864201753
781503642
470863251
650734812
683154072
623504718
853704612
658104273
341762580
568203714
130257864
078461235
134782065
418723650
328645017
426301875
250816473
124678035
138702546
620481537
057362814
243815076
781324560
240581736
342705816
041263578
234605187
143702658
680341257
654837021
780531642
271386450
251804673
135708624
073265841
834702165
142307586
145308762
271853640
154862037
025147368
328714650
834612750
026147385
081643752
843215670
078162435
120865743
386245170
073261854
176208543
062173845
348206751
067415823
283657140
652871034
617203845
472183065
087523614
736805241
875402361
240136875
023147865
856312047
216783054
012435678
372106854
823407561
260543817
354607812
413805672
065821473
018634275
586423170
436152780
648501732
351782460
362704581
273804651
812734560
863572140
816732054
384761250
283576014
713804265
530648172
738604512
028164735
186745032
058612743
140832765
527136084
520184376
460837125
463175820
810423756
013462875
027643815
625107834
125437086
746213850
236584017
724301865
310762584
031285467
073145862
832105674
583621740
215408736
781203546
317204865
724851360
812754630
128703645
734815260
281503746
314805627
128435760
813756042
435106872
784103265
275301486
314702865
836701524
130246587
237506418
780543612
842536017
083216754
135827460
350281764
480275163
243607518
685401273
123784065
834751026
835402716
240135678
013674528
472603581
146703582
381472650
048712653
380154726
253184760
215807643
734258061
420715836
160452873
134502678
264507381
058371264
815234760
035271846
813704562
410278356
873205641
814706253
370625418
324186750
380172654
310574862
374105628
851723046
512604837
640715832
851602743
013754628
036145872
026745138
840635721
571304826
467312058
317625840
036172584
652813740
047135862
074635281
841253067
265807134
328705641
851206473
160328754
261387054
724153860
748103562
356702841
124635078
624517038
045761382
248103765
273406185
182307564
540286317
786201543
851207643
820435761
634801257
083725461
243806751
170824635
268105743
527681340
630124785
823401765
362874015
243718560
371604582
470623851
086124735
072315846
470316852
128704653
815407623
216704853
358406217
075842361
382105764
120865437
384761025
134267085
162408753
726513840
084732651
153627480
375208164
870516432
384205176
834207615
750362184
741283650
024183675
345107628
278403165
632148750
053182764
368204571
450162873
430816275
123687045
123845760
613274850
548316270
813645027
485106273
462815037
834201657
247103685
724316580
014632875
356817042
624501738
120385746
172506348
384761025
674301825
358201467
276508314
046871253
250147836
135682074
125643078
610724385
038172465
761208543
180563724
037465182
235148760
137524680
236714085
587631240
386104257
061257348
420365187
236108754
780356142
270641385
514738620
036274158
234615078
758301624
213705684
352146870
873142650
215684370
081643275
834217065
180654372
830264175
426103578
634508172
345876120
138275064
073264815
150634287
147235860
015367842
850271643
342657180
840732651
724308615
342165087
362801574
135807426
123405768
384172560
146702538
846701532
038612754
016832475
783104625
534108726
025643187
786431052
130657842
518432760
026534187
561834720
813402675
130854726
083124756
482756031
024138765
016253874
340176582
072436851
045123687
738604251
048635127
523801764
810263754
124805763
610783254
283701654
350781246
731286450
120643758
085231674
137502468
718204653
157308246
723641850
162783054
382765410
350684172
270513684
541738260
862307145
123674085
130746852
027156438
150462783
418703625
087123645
615307482
826743015
412573086
087132465
623457810
863724051
438165270
753108624
630715248
316205748
520673418
041375862
814726035
318504276
