103726584
482130765
768053421
234160758
701268543
421830765
813074625
245860371
483260751
371028654
126843705
104832765
234157806
123076584
403187652
124036758
503216487
813760524
205438176
273150486
123745608
207653418
134820765
374150286
162830754
123740685
164830725
812530746
135072648
813750642
824610735
138540726
134820765
817530426
102783654
283071546
482016753
834760215
216530487
345812706
203167854
235180746
103684725
123560874
104372865
612073485
803462715
345028176
103628574
142083765
183274605
123078654
124068537
482013765
841530726
134072685
283576104
134067852
201683754
263017854
801453276
104685723
263014875
853074612
671430825
823610754
812046753
248073615
823760541
264738105
135462708
142083576
103674285
264183705
123750648
803714625
605812437
134062875
682013754
342150786
403126875
513270846
834071625
234085176
103826754
203485617
273614805
425017863
107824635
813720465
571830426
801752634
814036752
123856704
801743625
102753648
253014786
423078615
813260754
731820465
142760583
172843605
573016824
243156807
183462705
203674815
814760532
218730654
734618205
415326807
102786534
804513276
126083745
347021685
823740165
283014765
813025746
126380754
135740682
613820754
103826754
802613754
812043765
703214685
143826705
401273865
102648735
802415736
861730524
123084765
234018765
841730625
123084765
305214768
321740658
285014367
273158604
142830765
706312584
703125468
153840726
384027165
203185746
813267504
123780654
783610254
123840765
203154867
613024875
123084765
458720631
834071625
283045176
602185743
208713465
142083765
324175806
103425876
314750268
604238715
134780265
263174805
803516742
734061825
102863754
713624805
364120875
302147856
835076241
263058714
483721605
437182605
123760584
816352704
803216754
283156704
142863705
283150746
832674105
813724605
813740625
207843165
201874635
461037852
123640875
273064815
103725486
804312765
236841705
123674805
236180754
162083754
645218703
352140876
123784605
835210746
802613754
713062854
123745608
184075326
102865743
482160753
123845706
813760452
123084765
123864705
813720465
123084765
612430875
102473865
247681305
134082765
432156807
761032854
783152604
613247508
283150746
123047865
103872654
136852704
683051274
281653704
268173405
152780463
283160754
103824765
603425817
504682137
813075426
735241608
152843706
801543726
123056874
512863704
173824605
281743605
613270548
803254716
134650827
103825746
374180652
204863175
104732685
813746205
608214573
123650847
206138475
813640275
208163754
142035876
163085724
123786504
245013678
472158603
142053786
814320765
803216754
103754286
182730654
712083654
471683205
152836704
401273865
214375806
124865703
714058362
123670854
814250376
163074582
402763185
123064875
123084765
312045876
123750486
142830765
813256704
134850726
123064587
843025176
435187602
203156874
123674805
123475806
783152604
234015867
174032865
123674805
138720654
425086317
182063745
162057843
273450168
814320765
703821654
106823745
103725648
103674285
102563874
452860713
634810725
307185246
812657403
813072465
304278156
283064517
102563874
813074625
163845207
283470165
612843705
203154786
283014765
286140753
283760514
724361805
863024175
134862705
816430752
283014765
602183754
103724685
123740685
402173685
513268704
234180765
712530486
148632507
208643175
803712654
105743628
283015746
405316827
853240716
263174805
824063175
152086734
603214758
154863702
173640285
813724605
782013564
803264751
103624875
362184705
835240761
701482653
408672153
738056241
871263504
803216754
104862753
104832765
703215648
173820654
805621743
305816427
134820765
102743568
236015874
123674805
268013754
613024875
136852704
134850672
152043876
125830764
283740615
246170853
246835701
134825706
142780365
156830724
162834705
314026875
123084765
123674805
803245176
702513648
285163704
243150876
841263705
702643185
683021475
712340658
628730154
123670854
601432587
813026754
803714625
248130765
813264705
268713504
407283165
106742538
203156748
812043765
138745602
123850746
812465307
468310752
134870625
102673485
283014765
134862705
263045187
614032875
123860754
183274605
602183754
148320765
123870456
103527846
123840765
102853674
402183765
104356278
103845276
802174635
812043765
123084765
673124805
724835106
234785601
123845706
842710563
283156704
863240175
502173864
423018765
123076584
832710654
281653704
154270836
304182765
123856704
263014875
305142768
283140765
408273615
203185746
103285476
713624805
123740685
102783654
123758604
213065874
721034685
137064825
123745608
824135706
413025876
824035617
813624507
214830765
241870653
834156207
813240765
134867502
432560871
813720654
703214685
128076354
273164508
384716502
304275816
823651704
672018543
813264705
781623504
684120753
103876524
273486105
813026754
405231876
534120876
405136287
213854706
236018754
208143765
713580264
342170685
103627854
526841703
812043576
438025617
103654827
237150684
162084735
514270863
715083426
703685412
537180624
715480632
105743628
432175806
312670854
134675208
207384165
603245871
813264705
714320685
124760385
103824765
123758604
384160275
104832765
263078154
103527468
206153847
517632804
803214765
134720685
123750648
102863754
821750643
283714605
102863754
813064275
145738602
281430765
528673104
803715642
103824765
607142853
603217854
304276185
241035786
324075186
315286704
613257804
203684175
762314508
304216758
806512374
134072685
582061743
134860752
163470852
523864107
713620854
682045173
851230746
243671805
823054761
103564872
862310754
234617805
135720486
813657204
208163754
542073186
813250746
283064175
203764185
751324608
123076584
837046512
135024867
123856704
125830476
714035628
421083765
801352764
234760185
142083765
814350726
814073652
714035628
283150746
812035764
105843726
103862574
146325807
834270615
503174286
162035847
813650247
841730625
413027865
124680375
438015726
813264705
713052684
142083765
123850746
164850732
234150786
364758102
102875463
138674205
124670583
345016827
273415806
612073854
102843765
283064175
613824705
234185706
178043625
135084762
845730612
138720654
123086754
708214653
812653704
401823765
234017685
104537826
123860754
702613458
203186754
142850736
813026754
814052736
124836705
875041263
402165837
203174685
134072685
184230765
841023765
613820754
203156874
307624815
861573204
613820754
283740615
603184275
813260754
102753648
103876524
164852703
813064752
841035762
802543617
823410765
713520468
718034562
812460753
123085746
684350217
637510284
834071625
235170486
451830726
152830746
204168375
803714625
835210746
103824765
801453762
812063754
823064715
134780652
304621875
283056417
283645107
612450837
103254876
203654187
841673205
283745601
103587426
234185706
283064175
713520468
123764508
712853604
124780635
235780164
263145807
234175608
103625847
813250746
703684215
708312546
472150638
842315706
102743685
673280154
354017682
832014765
283045176
814356702
634218705
305174826
248160753
503174862
401872653
123840765
235018746
123075486
106852743
834250716
134672805
283164705
421835706
824350176
812073564
123045876
615437802
152073648
236547108
263014875
812634705
134850726
384170625
638041752
631082745
283064175
104732685
124830675
234150678
123560874
103726584
356120874
135286407
723640518
804513276
104637852
345860217
713624805
362170584
234065718
781053642
125846703
283670154
153026847
841263705
713028546
312864705
102743685
821074635
504637218
347260158
783160524
142673805
104732685
136780542
482130765
613240875
203156874
203145876
462173805
238140567
316058274
812430765
418072653
813026754
134720685
713280654
534810276
801742536
482163705
123056874
283710654
803254167
103724685
241380765
123065847
142073685
234150786
238150764
508271463
164820753
283710654
623184705
103824765
342180765
123064875
142673805
813025746
123780465
683125704
203164875
861740532
126843705
124836705
803214765
182753604
603815427
263157804
316028754
246130875
814736502
614830752
136820754
153024876
814672305
123084765
102783654
816034725
138720654
812074653
142860753
123856704
143826705
745038261
841256703
103825746
314085276
413560872
364710825
142085736
871450362
145270863
136082754
205136478
384120765
182076453
173485206
234018765
123860754
104725683
742310685
802614573
283064175
812675304
208453176
813256704
813256704
812730645
805431276
803421765
613820754
364120758
203185746
328014765
142083765
136057842
246130875
135670248
184720653
134072685
248156703
136820754
821046573
286450137
804513762
312065478
136052874
235046187
138750264
523074186
203145768
102743856
248760513
812073645
142083765
103427865
438620175
172043865
813264705
104732685
402168357
384015726
234068175
403258176
203158764
104835726
145236807
103628574
312074685
813720654
104832765
634820175
801364752
586310742
813465702
134065827
716820543
203684175
123780546
105832746
814032576
152674803
273640815
342760185
123860754
203841765
413257608
234180765
134025876
134850726
821657304
807261543
123465708
123856704
813760524
123084765
816073542
103724685
372160854
342180765
734018625
384160752
204835176
162530874
123850746
134250876
813264705
714632805
123850746
106572843
134085726
814256307
684170352
813740625
125780643
204135867
123786504
735420861
635280741
813740625
264038715
408123675
421783605
813025746
423185706
304278156
123674805
135840762
814735206
815240736
234150678
184720653
701432685
123674805
812043576
104675832
468052173
304785216
763420185
803712654
863024175
134620875
125036847
512730468
314028765
204613875
134625807
283056417
653420187
142863705
283074615
682741503
703825416
456130872
851042736
641073285
813524706
482350176
813760524
324815706
813076524
607243185
125340687
123568704
158740632
283140765
623017845
602713548
241368705
103845762
614320875
123064875
501372864
162730458
102463785
162053874
123064758
604172583
862310754
402185736
263051874
512830764
601324875
163850724
102743685
638710425
384015726
126043875
412860573
142073685
306254187
283140765
182750643
702513486
258073641
102783654
413275806
613074285
328051764
134720685
813026754
387240615
841023765
203146857
801632475
314250678
