240176853
237168540
860721543
834175026
842671035
346802175
861504237
283106754
812743650
081736542
084123765
826407351
013824765
283704615
183456072
283106754
012836574
160824753
712308456
135804762
763142850
324705618
013864275
623175084
816504732
753182046
735246810
180426537
347185620
763802415
640312875
624305871
730815624
812506473
748531260
324856710
420168573
862714053
140638572
813706452
352871046
283716054
875346012
641308275
123704685
230785416
357481620
230764851
074125386
710653842
273805614
143786250
152406837
751203486
253401876
852746031
150482736
134625087
841256730
134806752
153782064
034826175
081564723
561207384
142863075
124705683
046871253
657204318
234705168
083514726
150482673
641207538
065341827
025413876
234168075
017582643
738601524
128634750
810524736
021537684
238574160
682571043
025136847
152803746
162853074
014865732
340125768
236104857
713204685
024156783
856203714
026415873
783264015
356481027
268573140
761834250
234108765
253816074
314265870
237501864
172804536
273605841
453602817
654801327
083241756
374126085
254378016
832615074
732861054
086437152
561372480
418302675
123745068
451203876
081243765
846723510
067854321
245617830
230618754
281475063
671402853
725684031
183527046
230764185
150432768
083674251
517608243
258714630
823467051
123506874
413205876
718634250
037642851
732485610
270143856
140825637
120364758
816502374
653218740
032571864
017856432
283156740
813706452
475806213
075286431
835602174
123405876
532147860
123405876
462583710
873506412
134758062
186724350
864217530
810643275
013728654
073245168
718603425
815263074
370162485
831706254
564382017
486201753
628473150
834705261
435721068
234105786
571208643
640531278
013274586
431805762
132504768
321865074
140376852
716538042
145803726
510482376
821403756
057831426
410628357
265138740
863704215
261875430
741362085
160782543
145302678
865203174
134862750
483671250
048276513
062831754
018637254
037125648
830215674
482105736
248105736
017583246
248503167
735612840
418706352
867213054
652873410
152643870
450316827
324105768
712504836
350124786
748652310
830415276
012736854
810643275
460837125
326107854
138206754
031825764
521803467
365102784
483205671
124563078
510632748
063174582
345806217
152436870
782146530
635214780
820375146
134625870
240317865
156704823
413275086
423751680
430215876
514206783
053168724
812456730
576203814
327405681
142608573
250134876
156783240
658103247
345207168
253487160
246135087
635182470
523876140
836701524
678132054
135406278
328415067
514803726
518203746
248135760
034285176
314605728
130624875
036271854
072631854
281704536
345287610
634807215
420813567
431705682
851473026
062378451
780253146
125308746
750321468
248106375
526841073
256103847
835216740
275148063
135408672
823704651
287134650
861234750
613208745
163408257
462305187
413725680
381504672
023175648
613274085
674208351
518436027
830524176
748301526
275148630
450821376
580317624
634258017
750218436
730564218
135782460
835106274
230154786
830415276
234718065
580214763
280573461
021654378
364807125
026378154
251738046
342187065
640237185
163504872
580624713
680742315
451302786
372185640
086374215
182473065
045372186
068527413
183472056
021834765
123845760
150836724
170465832
167208534
518723046
081742653
014385762
814732065
173605824
582763140
641503827
710568234
156372048
610875423
218435670
238104675
013652487
325807641
183426057
748123650
675102843
230465187
038156742
865703214
780613542
126708453
083457216
846201735
873601452
628134057
072643185
025163874
456102837
624385170
014635827
850341726
138604275
054321768
526183047
781623540
317264850
037481562
847106325
810263754
478301625
231784650
240635871
076524183
145302786
041372685
078351462
074268315
682417530
163587420
182356740
643708152
624785310
573602481
254703861
123784065
542703186
682153740
120465873
621473058
042853176
452803176
681307452
680154732
215307846
174385062
152736480
238176054
253604187
374801562
218703654
874501623
716382054
280534176
780516423
642735810
127804356
815763042
453218067
284301765
832417560
051823746
125834760
427153068
820346175
021574836
120368745
861203475
081263754
072186543
123704685
610482735
540681732
735106824
024513678
827413560
421803657
038156742
423185076
830451672
065347812
143728065
180623754
073684215
673152084
038524167
583127064
715203846
810235764
310572468
618573024
710462358
675803421
384206157
634527180
672134058
536721480
413825760
061483275
234865071
173506284
745206813
021836475
820514376
135802746
153274860
823157064
120635487
163578240
462805173
145867320
836715240
278501643
376845012
021637854
034728651
164238750
867502431
234751680
316578240
480321765
870124536
271685430
642831750
627354810
532647180
413708265
312856740
518704236
862701534
471658023
280475136
134805726
823645710
654731028
834201765
234605187
016842735
134276058
182475360
714265380
483705612
786102453
841675320
157324860
120673854
234156078
018253764
862407153
612735480
824603751
142607385
328704156
254701836
713208654
014375682
067432185
723804615
860354712
164753820
325846170
234501768
810324765
210473685
146305278
082413765
674831025
358712064
018724365
086531742
234106875
145308762
048356271
620543718
134702568
187625034
374258160
256481073
782501364
362741058
324756018
415308726
831406752
823601754
418653072
185276430
063425178
045713268
234751680
312805746
012835476
246138750
710583642
735602481
152706438
586204137
031867452
145602873
086523741
412638057
218703546
234867015
316207458
281735640
280763451
871452036
853206174
415302768
061278453
682105437
265841073
834705261
781302645
136782054
468132057
542317086
230164875
130865472
578103246
847135260
462835071
734562180
685243017
374208615
153604278
283407165
264183075
143206758
780213645
682703514
248607153
263475810
460321875
346258170
135806724
324865017
234105678
123586047
253841076
086312754
182675043
834572160
073814265
623178450
025841736
063247158
827461530
174635820
612408573
024381765
016784532
063421875
640321785
018765432
136502874
024167358
263405718
258401736
621834750
768415023
285674310
471203586
813205746
713486025
074325168
130274865
681704352
037152468
624357018
657213840
374806152
031462785
074816352
345102687
648702315
732546018
024831675
237468015
162803754
081764532
072563184
410752683
182604375
820574613
023186754
258403176
510863472
830426751
510468372
426507813
082741563
628301754
034165827
173805642
864523071
265147830
247135680
025816473
273405168
380461572
123645087
173206854
024317865
462178530
341702685
083512764
153467028
184673025
034782615
631587420
367548120
128603475
782651043
283506174
215473860
280741365
048567321
146208537
048276351
812403765
281753460
812637054
724183650
713645820
182673054
453807126
281503746
817502463
175462083
380751642
325706184
726405381
013652874
673508421
780623514
714603285
028715364
123874560
273846051
263584071
712806534
075813426
283701654
168302754
024538671
782103564
140782653
568304271
671358240
571236840
182457063
471625083
620314857
073248615
034185726
123506487
014327685
743208156
268301745
034125687
380142756
248705163
280713654
140576823
134862075
867201435
812537460
153204876
217583640
153287460
530276418
082517643
280154637
412803756
624871035
720318564
425307168
746135280
042683175
853617420
073285614
832706514
682341750
138674250
024813765
513284760
374105628
356804721
627138054
053182476
170586423
812703645
075381264
682741053
128435076
620475138
764501823
482156730
548702613
012865743
173645280
320816754
061485237
812753046
125704386
128406753
328604751
134705628
013824765
468302715
123706458
517203864
574182036
513408726
051283764
042387651
165803742
135726480
057314286
254136870
467351028
621485370
460318275
170423685
870413625
614325870
248701653
024875631
542703186
123748560
062153874
251304768
013628574
813745062
026153784
523486170
147536082
236184075
317502864
628753014
860251437
283154670
831405726
850423617
356201784
452163870
174852036
126475380
128406537
067182354
160235847
084521637
780461523
234705168
386124750
138506427
867301452
286307451
641703285
170523864
083721564
014526378
123476580
013425876
728403561
680712543
143762850
283751640
152804763
248163075
483165072
362815074
172435860
120748653
123785046
127643085
314286057
013548726
035276814
813604752
234785061
352467018
742635180
782401635
283405761
031524687
134675028
026143875
340856127
063174825
314607258
134802765
061738452
031247658
863514720
560123748
425371680
160782354
481503627
162307854
821604753
135687042
451763820
123506874
178204356
180362475
276548130
285307164
084735612
273806154
412658073
817624350
621475830
546801327
357604182
026471853
023178546
023174685
120457638
124365087
214508763
523706814
857604231
248706513
140687253
280176543
710253648
873506241
654802713
432865170
145302786
028154637
250834167
285461730
612703485
253806714
710354628
064831725
821704563
250634817
137508426
230854617
048621753
016342587
630125748
728105436
153647082
784625031
541326087
740621385
510427863
162804357
123786054
314208765
043672185
017835462
832145760
281504763
123786054
581246730
023485176
234567081
850742631
041865372
734105826
235146870
842306175
261743580
013425687
682304517
714863520
384106275
317208564
432815760
280143765
827513064
130824765
326157084
348752061
814305726
781632045
842615037
123756048
452108637
130725486
157364280
572183046
160278354
056143827
538746012
012564837
154267038
246851073
246107853
710245638
641702583
356824710
410236758
823645071
650824371
160478325
123405768
018476352
718503462
715462038
834702651
072648153
156837240
023785641
123407865
672501384
214703685
123504867
482105736
873605421
134725680
753804621
724506813
034216875
126785340
780143562
213875460
834206751
765132084
814732065
358146072
210753684
635812074
842315076
023781654
071524638
123657840
450216873
482316750
728105643
125643078
034125687
043718652
582716034
142608735
125836047
058316427
345128760
062834571
023145687
041352867
624173085
740312685
624705138
170253846
081432765
715308624
241805376
837214560
713406285
073215864
461805723
758206134
