123064875
134082765
384012765
813024765
248013765
108753624
405318726
123780654
203145876
283156704
123084765
214375806
812073645
123645807
103724685
142860753
236180754
802435176
123470865
283045176
123860754
253187604
235140876
813024765
203145876
123085746
134620875
604152873
821753604
203175648
813026754
234160875
304825716
234678105
123078654
813024765
134825706
423175608
123084765
142870563
134820765
142783605
134820765
481720635
814072635
134085726
613245807
123840765
813024765
103824765
812350476
102783546
263014875
405236178
123860754
123045876
814325706
813260754
136874502
134820765
123840765
283145706
234160875
203184765
235140876
816732504
123045687
304218765
203175864
283145706
284031765
863245107
804621735
712083465
803714625
834276105
102783654
102743685
123840765
814032765
123864705
813024765
134782605
123085746
203167485
123780654
813756402
813064275
204136875
243156807
812740653
123084765
703618524
123674805
613240875
123758604
813245706
102753486
123758604
123845706
342160875
142856703
803714625
801253746
814362705
803264175
123785406
283016754
813250746
342185706
102643875
283160754
123657804
384162705
613025847
123085746
203184765
142783605
813024765
803214765
103624875
203184765
812740653
482013765
134820765
142830765
134820765
238150647
203186754
714032685
602713854
813025746
803214765
613245807
248130765
203184765
243085716
123670854
104832765
123784605
283164705
103528764
813264705
713026584
102345876
103824765
713028654
123784605
136082754
613024875
703214685
104632875
812730645
283450176
836210754
102873645
384620175
123864705
123064875
123840765
142830765
831652704
268145703
204538167
102843765
482015736
283164705
813240765
145036872
103826754
123845706
235186704
812743605
142083765
283016754
102643875
204136758
274013865
103824765
243180756
204138765
781642503
813026754
142830765
102863754
283014765
203174685
203174685
102853746
123864705
102843765
234180765
813740625
423685107
806734512
813750264
804312765
123650847
713284605
134072685
203764185
143850276
623084175
713240685
134825706
263814705
357064182
123470865
273014685
812053746
142860753
236158704
701623854
275013846
123645807
612435807
123845706
136852704
142783605
814362705
123780654
123085746
812463705
782516403
803614275
103824765
124573806
203164875
413275806
814032765
243175806
841263705
813260754
283716504
803267154
243067185
152864703
243165708
812043765
145830726
813026754
273150486
801753642
182634507
253064187
812754603
123864705
814730652
263017854
134850726
813265407
681032754
813024765
135064872
246730185
134062875
614325807
802153764
103826754
145830726
123864705
104832765
123075486
813045762
123840765
162834705
123574608
304162875
713024685
234071658
243175806
601273854
812670453
102753648
128463705
123740685
134820765
103725486
402163875
814032765
134820765
142063875
803215746
812740653
345172806
142863705
203184765
103824765
134820765
283156704
248130765
134025687
123745608
243158706
814032765
123860754
103825746
102453876
123086754
134850726
801732645
304186752
814032765
345170286
283150746
812430765
123860754
612035487
142863705
842310765
104873652
813264705
123840765
801435726
802413765
123064875
123785406
134862705
123864705
104632875
812043765
234180765
801263754
304218765
283014765
203485176
123845706
123640875
103825746
134082765
123840765
248035176
103724685
103624875
123064875
283710465
203145687
342160875
283145706
106423875
248160753
304182765
123864705
482673105
812460753
713026584
304162875
813025746
248163705
813240765
613274805
801253746
104832765
123758604
125084736
613257804
103724685
813724605
702163854
123840765
123780654
402183765
123845706
702183645
803615472
134820765
863024175
153824706
123064875
812630547
836021754
482163705
134025876
104832765
123784605
146730582
123475806
384012765
123045876
104732685
142086753
123845706
841032756
102643875
503214786
246135807
103724685
812430765
283140765
304218765
134085726
751260438
254180736
873024615
283015746
156830724
263140875
813640275
203785416
103826754
283714605
134056872
135072486
104832765
813750642
482135706
304271658
402163875
142830765
123840765
123084765
103624875
814356702
235180746
813240765
742315608
134672805
162830754
103824765
123740685
123568704
123856704
123056487
134075628
802413765
104732685
123840765
354218706
283014765
704312685
142863705
304162875
103874625
103824765
345270168
203164875
813245706
814672305
134087625
138074625
123750648
234786105
102863754
813024765
102743685
782013645
814032765
803214765
283156704
134862705
134780652
134780526
142783605
423180765
812463705
123045876
123064875
102453876
205173846
134750286
481062753
302148765
123086754
103826754
142863705
136824705
462013875
134065827
423185706
814032765
203164875
103426857
102863754
123784605
283014765
236180754
203184765
203158764
123740685
102783654
142630875
203145876
142730685
123780654
812530674
243015876
234015867
134025876
253016874
834720165
712430856
123064875
234180765
273184605
276153804
812746503
801263754
123084765
123845706
712830654
123074685
813640275
126840753
103724685
123860754
814362705
124038765
123084765
812043765
104562873
135826704
304158762
812043765
123860754
106843752
123086754
402173685
812063754
234185706
304218765
813026754
432075186
132048765
123074685
346027185
136824705
123840765
142085736
103825746
123864705
803716524
123674805
123076584
123074685
123075486
102563874
813264705
234018765
283140765
142083765
281430765
123475806
823541706
203164875
813725406
234710586
134025876
106234875
234085176
281460753
273140685
103624875
142085736
142783605
123674805
235160847
134785206
142863705
123058764
348021765
134780652
701623854
123845706
812043765
723410685
234016875
861032745
142860753
123856704
105843726
384120765
243160785
813264705
813745602
123078546
407213685
812430765
802513674
203186754
123864705
123850746
142063875
802615743
804261753
123784605
634182705
204835176
103728654
123084765
273140685
273158604
123864705
784153602
813052764
304182765
683724105
134820765
283016754
304185726
234185706
403128765
142860753
142780653
813250746
402163875
672013584
812746503
103725486
314280765
803214765
104832765
126073485
801743625
138724605
102843765
123784605
283710654
142830765
134862705
152430876
364120875
103528764
103824765
283140765
812463705
134850726
142063875
135420876
123856704
123064875
123784605
103826547
208743615
102763584
134860752
364120875
283014765
123045876
123084765
802613754
123670854
123840765
142375806
831420765
134820765
102645837
123074685
203174685
513260874
103826754
162083754
812063754
203851674
123450687
813024765
283140765
142830765
152430876
203184765
203184765
103724685
538210764
143026875
263145807
782013456
123840765
134865207
102865743
834026751
123045876
203184765
203184765
614032875
482713605
364172805
814032765
123745608
134862705
234150867
812063754
103824765
203145768
812673405
173640852
163084752
813026754
502143876
136845702
134720685
812063754
123064875
123864705
273085146
235148706
304821765
134078652
203184765
134620875
803715642
234875106
283140765
263745108
123457608
123784605
136024875
302147685
712530864
342180765
102843765
123640875
103825746
134825706
813024765
283015746
134620875
234076185
602183754
813264705
263074185
813264705
136820754
104835726
812056473
105432876
123740685
182745603
123475806
234085176
812634705
103425876
438712605
283640175
123784605
134075628
283714605
103728654
123084765
123856704
145082763
234180765
123780465
123084765
208143765
137520846
123674805
162853704
103628745
123840765
324156807
102453876
234018765
123075648
243015876
134250687
123085746
813640275
138752604
102843765
123845706
123845706
813072546
203185746
142830765
283710654
203174685
813024765
812430765
812540637
142863705
402183765
123740685
123640875
623054187
127083654
283156704
613024875
813670254
273150648
123084765
203145876
783014625
123758604
813260754
123740685
142073685
142730685
728643105
204138765
135826704
402183765
136820754
283014765
304218765
123740685
104738652
203167854
234016875
103425876
123840765
813240765
123084765
104862753
384162705
813264705
781240635
812435706
345280176
235140876
428031765
123086754
234065187
123645807
134782605
152083746
713028654
813670254
123780654
813064752
123084765
572613408
104832765
853261704
213480765
134785206
602153874
246173805
801543726
123780654
104236857
104832765
142863705
283015746
812653704
123758604
123860475
263784105
135820746
804312765
123064875
104732685
123085746
145823706
123470865
123064875
254130687
123450876
123784605
283140765
163840752
103824765
803714625
235014876
728043615
325016874
102453876
713258604
123850746
213468705
728043615
283670541
123845706
103824765
104635827
103784526
203185746
247613805
123758604
203184765
712043685
123074685
283150746
203684175
123074685
136820754
208143765
812063754
142630875
234168705
423165807
123740685
462013875
123785406
834261705
813074625
134820765
813260754
802613754
346152807
123086754
812430765
234185706
245713806
123074685
104835726
107632854
234150786
142783605
283150746
273185406
128043765
164852703
123045876
123084765
304185726
123845706
136820754
423085176
182730654
801732645
821034765
801243765
813264705
613825407
123645807
123045876
136820754
123780654
283145706
102843765
123084765
803415276
152083746
106832754
462173805
813024765
304186752
834071625
281430765
602185743
128043765
123475806
136852704
208143765
781062543
134862705
152843706
204637158
125840736
834215706
304182765
123084765
235148706
123465708
813024765
123850746
102743685
283156704
123674805
123748506
813640275
105832746
123085746
123860754
142780653
816730542
813264705
813450276
134250876
142850736
401863275
136082754
236150874
124036875
801243765
102453768
234678105
342180765
831042765
123840765
123640875
123084765
204138765
783014625
123450876
135842706
283014765
102863754
812435706
134825706
134825706
403275186
804315726
781620543
258143706
312045876
234016875
283014765
602183754
704231685
814035726
203684175
134820765
813264705
283670154
812460753
142083765
123074685
125846703
134820765
713625408
