238150764
823670451
854360721
247850361
106827543
837560142
743810625
802653741
583716402
304876152
821057463
215870643
713025648
741360852
123067548
235170486
142350687
841570623
532140678
164027853
203871456
352076148
468237501
865132407
316820745
208534617
168420735
813470265
253014786
467321805
234768501
234086157
748630215
645031278
236584107
123867504
583264701
671082435
103526487
306127854
253168704
406317825
613854207
801723546
783251406
826715403
136780542
123850467
615472803
486310725
724036185
804753162
813426705
406187325
708354261
143680527
104385276
612057483
234680175
281054376
713042586
871420563
508642173
163078245
841720653
235840167
564287103
814036527
148625307
841075263
152783406
813746205
346218705
852470136
167358204
435012678
472135608
612084753
724310865
103624587
703614825
612830745
281350476
607512843
203145876
406321875
413580762
314726508
235016478
146023857
235417806
283715406
561084327
604325187
123784605
672053814
536027184
572140836
482150736
781526304
514380276
243617508
215036487
582473106
142830765
152830674
512670438
237640185
476253801
506271843
231460857
831270465
143850762
501487362
823740165
317580246
618034752
386021745
302851476
834765201
823650741
123678504
236048157
145236807
236017458
702354681
813240765
156380742
801762543
135260874
214780653
602743158
108245763
105268743
675012843
327154806
302817564
364128705
253680741
241850763
154083276
136852704
712580346
816032547
708312654
123054678
136074285
603154728
735460128
813045762
607213458
153274806
235186704
152043876
763014285
513724806
457280163
123670548
573082164
283140765
137460852
602153874
234165807
136057284
712064853
174682305
714830625
304862715
703485216
183057642
243657801
683420517
756013482
487253601
734021685
874015632
608253417
308241576
201578463
724038156
318270654
203475168
847621503
853610742
174583206
123450876
243680157
204785613
102873456
802315647
457123806
465032817
162053748
813764502
203164875
802613475
724016835
327065418
835741602
432710685
362854701
364015782
681074235
187420635
243185607
153670284
823740651
813740625
186547203
613027485
208534176
834065217
136824705
235680471
815042376
514072683
615742308
234650871
305142876
648072315
243186705
603215847
305462718
247650318
354126708
142035876
103645287
765032184
823061475
834710562
306721458
714026853
271084635
283140657
267530481
123056874
236578104
845173206
724583106
801654732
345160827
413825706
251084367
318450267
102764385
718053462
514038276
381754206
304167852
607513482
586270431
781340652
278036145
806732154
125643708
635170842
231674805
104836275
283046715
783264105
765138402
802716354
403216857
165048732
801635742
708435126
604853172
721860435
256034178
253847601
638045217
834021765
234078615
258073416
813520476
861420753
362510478
142630875
314728605
503216748
683510274
138520647
502846317
356140827
823046751
147023586
201874356
813072654
265038741
812630754
807134562
132084567
845623701
725036148
382061754
364172805
681073254
845062137
378042615
103862574
328451706
408265713
126358704
756048321
603427518
723615804
235140876
123074685
642170583
153647802
348051726
304216758
123784605
417623805
482163705
502831746
438051276
718462503
123580476
508214637
206538174
836721504
713856204
724650183
683045271
702415638
358071264
876325104
213650874
365748201
208735146
614537208
805231746
748261503
601247385
731082654
213680547
214375806
841726503
234768501
241586703
102457863
408275631
714038652
174038256
804721653
205746183
815347602
345016827
463018275
834076152
703156842
162053748
384165207
843710526
583074216
156032478
523018674
325170468
734026815
385160724
425813706
713280654
684370512
125064783
508261743
125370864
362845107
481230675
721543806
125034768
785610324
583012476
135046827
274013586
106824537
805273461
134786502
271340865
457230618
134275806
863140725
157360284
418023765
648320175
812540763
154820367
302748615
578260431
834657201
408217563
285074631
728014635
301267854
204185763
823045716
235067184
234180765
634180752
235160784
708324165
134625807
853264107
302145786
124370568
712685403
572841603
218350746
701852436
852613407
283645107
187064235
738642501
813045762
172463805
153640827
734056821
243018567
816352704
561073842
715026348
271450638
803615247
702415863
142650783
732518406
237081465
702156483
347865102
483156207
302645718
152730648
816054273
806571243
268013475
134782605
874630215
716342805
241635708
804235716
623145708
306415782
803214576
356810427
362570148
713685204
163425807
401873562
408761325
134086752
702543816
163027458
612043875
263840715
104257683
235468701
312874506
326180745
103476825
263548107
706182534
367514802
234081756
572184603
613278504
471568302
768142503
251078364
584120673
387621504
263714508
105284763
135042876
152083674
128046753
123068574
412863507
604728531
235860741
104283765
842061753
864071235
132870465
203547681
823071456
358014726
627140358
278031654
851430276
521370468
185230746
803125647
153862704
105783642
312654708
712860453
143075826
231674805
264180753
605743218
801624753
487516203
165024873
138047526
841750632
712085643
861042537
134082765
683574102
213850764
146835207
348760521
708162354
816530247
286037514
531086742
257048613
671380254
563748102
534072186
362071485
713025648
305826147
641583702
102857643
507613842
408753261
712086534
142730685
345716802
712083546
483021765
837410265
156278403
431526807
271460835
317450286
752143806
482130576
206138754
703614582
206783415
182430675
601374285
126835704
381025746
648320175
128430765
623418705
564083712
213074658
843270165
103624875
401825736
345780216
734210856
732415806
185320764
351824607
407381526
148527306
803751624
306125847
316027584
815743206
762041385
764350218
103425876
712053648
823175406
653082741
243185607
742586103
364278105
514260837
268153704
801462375
584271306
507824136
406523187
602843751
237851604
351068742
182764503
512048763
714680325
751280634
143265807
746328501
805164327
125084673
203814675
312840765
137620854
875120346
142370865
714682503
387154602
814253706
102856734
704635281
512764803
267381405
756021834
106834725
405231876
723586104
503216874
283045761
563142708
841075326
761038524
307251648
201346875
734281605
647310852
102785643
384250176
607314258
603258147
734810526
208354716
283145706
314865702
176028543
352016847
342078156
642015873
483215706
706215843
105632847
345260187
235017648
138240765
284130567
571023684
803174265
684275301
608471532
203647185
372450186
351784602
863054712
271685403
128675304
213760485
701425368
587642103
728054136
801234675
164820375
715283604
425018736
785341602
148230756
162574308
237145806
301264587
426085713
506812734
456710328
364075812
342750168
126835704
723064851
841752603
624031785
234170856
651243807
582064173
184352706
128073645
803157642
721083564
578043126
715820463
251780643
843057261
427831506
718432605
502418376
654071238
207468153
102743685
162730458
512348706
582034167
275038146
658172304
487012365
634081725
582136704
372640851
413780265
354217608
135720648
602815347
781035462
203157684
126370845
235018467
572680143
536420871
705342681
374610528
602143857
124865703
871360524
831067452
631482507
463280715
248671503
174280536
104786523
106748352
123640587
612480573
136074528
513026874
381075642
124830675
402836175
674320851
352860174
487253601
543780261
752613804
213584607
146857203
205814763
834071625
715243806
102743685
103524867
173082546
268073451
812064735
134657802
173268504
721564803
853240167
347016852
248065371
812076354
841052763
601385427
408752316
103625784
257843106
142063875
728045631
643710582
134075628
162738405
713685204
547210863
654217803
304817652
183647205
203154867
123780654
802746153
432076158
604218537
735864201
356042178
142856703
415037862
706432158
384062175
284071635
405738612
475820631
806547321
723840615
718320654
142075863
162374805
742361508
408136752
378615402
872150364
283017645
205867134
168320754
602713854
248375106
304825716
235780416
347085216
384751602
423068175
643180725
513826704
603274851
207184635
513247806
485230176
124087653
203581764
134820657
647351802
204583761
725063184
451276308
134820576
462783105
863150742
214068357
136458702
308164752
152860473
123065847
231078465
178032564
405138276
145670283
152036487
407831625
576342801
281054763
283014765
572614803
526780431
845270136
136785402
683710245
236180475
574132608
354086127
713240856
486012735
206134857
368175402
106832754
148052736
251378604
624073185
624781503
471065382
483516702
362714805
814250763
813627405
302467518
512037486
105432687
273614805
825671304
253084761
841023765
135720648
738024615
641085327
803712654
126840537
317042685
815760342
862153407
283014765
164023875
287563104
834027615
486350127
603257184
536240781
805173264
708432651
304265187
324067851
108342576
164873502
305271468
184023576
345260187
273014856
263810547
307254168
152736408
102865743
718032465
704683512
416053782
152630478
173650824
865410372
341270658
365270418
584032176
382741605
512074863
573012846
682047135
451083726
812064735
802673514
283745601
218734605
506247138
304265187
145037682
743280615
457163208
301458726
314025786
864037152
451263708
204137856
812064573
482013765
804125673
803215746
478256301
807531462
603815427
102378654
314267508
218745603
358172406
814027365
184572306
378250614
408231675
605273841
731520864
725360481
836250741
305267184
513760842
216053874
263481705
601742583
134057682
462017853
328140657
815043726
423710865
705142386
463158702
125038746
185370462
237068154
163028754
162074853
201738654
357261804
814073652
245836107
831075624
235078416
823176504
236054187
207518364
716038542
381257406
834620571
267430851
124563708
351780624
152730486
672031548
823174605
105832674
138024657
253160748
183540762
104865732
801475623
302156478
358742106
103425876
714820536
456210387
451382706
145370826
126058743
812430765
106328547
217584306
621850437
123045768
702643851
204385671
504173826
213786405
104538276
604128735
512873406
408126573
172630854
378045621
235780416
203815476
562870143
584210763
106584237
473610825
861253704
405173286
803214765
