413805672
120473865
063185472
170534286
160573824
812406753
256807314
358624170
532408716
420138675
836547210
280317564
053827614
547106823
326417850
350821746
251804673
853147062
841305762
835164270
213508746
235701846
832705416
750382614
680214357
072365814
861705342
618302745
571632048
748236051
053726148
087412653
420168735
042687531
631502784
158723064
231784650
138705642
138504726
285436710
130746528
574813260
145783260
510874236
124786035
184523760
810254637
120387564
687124350
825761043
430257816
613425780
153274086
364512087
214703685
813674250
182576340
013728654
240187653
746502381
640178253
513487026
135208476
142786053
845237016
483106572
074123685
831504627
563804721
023416875
384102765
021576384
356408271
821753064
120785643
568123470
467825031
380752614
538106247
680712543
513608274
283567041
124607835
235814760
876104253
034267158
517634028
163847520
362841750
163804527
162704385
538624710
041826753
743618052
382507164
872643150
761843520
164253078
153206478
134275860
136245870
027431685
142863075
826401753
057834216
746132085
640851732
781206534
567304821
834127056
160375842
057264138
075328416
158763420
124365087
081472635
182753064
812764350
458213076
758143620
482516037
810637452
128536740
840276531
530218764
026857431
280754361
583264071
037186542
834702651
163708452
386701425
214508763
850261473
430865127
153724068
673208541
062453817
153268470
243706815
051436728
083264517
521743068
641705238
162748530
782104365
086721354
863524170
056231874
340276518
420713865
812506347
678203514
145708632
125603874
372645180
078421653
178362540
013678542
283146570
712408365
021847653
160534278
431706285
863574210
021765843
324167850
430216578
850413672
480237165
130824657
561348072
457301862
043178625
654283170
035826714
724108365
673481025
761485320
673504812
360825174
146325870
126748035
053146728
643801275
742506831
725401863
057821463
013586724
013568742
682417530
148302765
612508437
134258760
682713540
246801537
712368540
560213478
172536840
381205674
456103872
152734086
863175240
480163572
823601475
731642085
342108765
268504371
173526480
130526874
560314827
124607835
128604735
486301572
760514382
840713265
472583016
827104365
087213546
513276084
045162387
243506871
120743685
238401765
018724653
835671420
023754681
182304657
315627480
351472086
572804316
845106723
162803754
581746320
180267354
158742630
165407382
375106428
138405762
623475180
018627345
340851726
516307842
840537162
082715463
764815320
064127538
560217348
163248570
841635270
785162340
648302517
438705621
182407653
612738054
246801753
648703125
420165837
752306418
156842730
438702615
072163854
216437085
768254310
416802375
731248650
130852764
432785016
267138450
163582740
340268175
270186534
346102857
630584172
532801674
053761824
816305427
823104675
412703586
140385627
014768532
215803746
073124658
432178065
860172354
861752340
847102563
058726134
034268175
142706583
170836254
064278513
384716052
821453076
348206175
348215760
842103567
310586427
237104865
513204786
530274816
517268430
578234160
013527846
546703128
687402315
482106753
368174025
260415873
082713456
140863725
516834027
042817653
637285014
034162587
723648051
682173045
810753264
872613540
235786410
021784536
574682013
012753486
648703251
782134560
153706248
236105748
123786054
843712650
012847635
814602537
543207186
653271840
170832645
310275648
864301572
310254786
174326058
286317054
253804176
450873612
120438765
013824657
268571043
085214367
135702648
827304561
248503167
452306817
123705648
240165873
835726140
843701265
386175024
740156238
085132476
034715682
368725041
258174036
364257018
034657128
376518042
056734218
267435180
712408365
760213854
520674381
132605874
483716025
537284016
380126754
560732481
268107534
174308625
714235086
157436280
085312674
420183576
670834512
863702145
178653420
630457281
043176285
726583041
873245610
215846037
153824760
268504371
634285710
128503674
473802615
170836542
520483761
714238650
510487236
048235761
381645270
365104728
143205678
738624015
370415286
024516873
485703621
158364072
147308652
213784056
452701863
751602834
610573428
021736458
240856317
054713628
261805347
250431678
271406358
630158742
710456283
538206174
583267140
723401685
035614827
263504817
032617485
583721460
015783426
347625018
712835460
064152738
652103874
052831674
187304625
173685420
753401628
487156032
682157043
415702638
827601534
526703418
824653071
341502786
452761830
340675182
120675384
623504871
834206175
814602753
845702316
345206718
263784150
134625870
084726135
412503768
310478256
850637214
283176045
758146023
375206148
348105762
240753186
043728615
457306218
412307856
513208476
845206731
582143760
026853741
125436780
317805264
154307862
572843016
823401765
038621745
843701652
150468273
125308746
345107628
162543078
087153624
420573618
258106473
534861720
512743860
682413075
427806135
368751042
245168730
814602753
130562478
630725418
716543082
521847063
482135760
073182465
087532641
261453780
062748513
452873160
032167584
063214587
710826435
523146870
423687510
710248653
123805746
125836047
027865314
781306542
328705641
760341825
168325047
368504172
354728160
850263174
341206578
082671543
120783654
651237840
083124567
835201746
458276013
576304812
163874025
371862540
410538267
283714650
620758143
826153740
063284715
714502863
376542180
246107853
085627134
758601234
260483175
012683574
428105637
216375480
340286715
210547638
013872465
861703524
120583764
085714632
738501264
438271065
258407163
754802163
051346782
784102563
125647083
036527841
376204158
164708325
368714520
726405381
213786045
423815067
263508714
423701658
541208763
658104732
173604528
042135687
418302756
165328074
841607253
725804163
120743856
621785043
510723486
138407526
685307421
176802534
547361028
415637280
140735286
830245761
526148037
123647580
734216850
015274836
072415386
014358267
283706145
381702654
850721634
862753014
140537826
380241765
728306154
164723058
016485327
082546137
286105734
258306741
236807154
682104357
278513064
210786354
074163582
254307816
412856037
184302756
216834075
312804765
036427158
830214765
730681542
856402713
130568274
286175430
028471563
678541320
084152637
813642750
045813762
721683045
078536412
873602154
410763825
481605327
153206847
213478056
145678320
521803746
741302658
412376085
217835640
845602137
173258046
863471250
274803156
281574036
430786215
423807165
842503176
876301254
531607428
246135870
324618075
015783642
618743250
630871542
034685712
034281675
587603241
241503876
735206184
463701285
048257361
184623057
851276430
157643280
018325476
283701654
257403681
620341758
374801625
143756082
437105862
825103746
452876310
312706458
026435178
134702685
142783650
721803645
785301426
816405372
231706584
376102845
572143068
348716025
756132048
156203487
132407856
782364051
216587340
013427865
023784615
384125760
325164870
180452637
576132840
672485031
650341827
724681035
258167034
086537412
358671042
641802753
325471086
621738450
364102875
340728651
315402867
738124560
284136750
431872065
420186753
245803617
173564028
081764532
560138274
186357240
081452736
167438025
720463158
580317246
816473250
014325678
368401725
126807543
521684037
740862513
028741653
671328045
534216780
814352067
670352184
276104835
136704285
640312587
238165740
045867312
123508476
285374016
081372465
520847613
213804567
820463751
631708452
012635748
863704215
130852647
237514860
628134057
071634528
671208345
146372085
845671230
541876032
142803576
257801436
738652014
430657218
320516487
463125780
083621547
673481250
063214758
618204735
762583014
721604835
067148235
435108276
180563472
021835746
064137582
258701463
735201864
620341875
610854237
286571340
120753648
723804615
063157824
268103475
327504861
761825340
246705138
512846073
618307254
825143760
840723615
326847015
073268514
462501873
850463271
023674158
472506381
162708543
613472058
132685047
813507624
071863425
023465187
617208435
413825760
213607584
670854132
241607358
021843756
261385047
183625047
673201584
631254870
183425760
162805743
016523784
760531482
782645013
356718024
164835720
023587614
237648510
178602543
246803715
142865370
823507641
143705682
756231084
063514782
180725346
023456178
021875436
140285736
120687543
312764580
280137654
345106782
372815046
513264087
213756084
523107864
147385026
026581743
162307548
374208615
718462530
415783062
576348120
724315860
418736250
327508641
381602745
678153024
274106853
036278514
120345768
714356280
071856342
023467158
024873615
137245680
768305124
671203854
257136048
238574160
813425670
810432576
013824765
213864057
784352061
428675013
143586720
740312568
074823165
281603475
835407126
042615873
763815240
213754680
620413875
823106574
085612347
842503617
062743581
023754168
073415826
263415780
720813465
028136745
840563217
142386075
486371052
761208543
213845670
326148075
380724156
280541763
651703482
237164085
273816045
130674852
850174362
027831654
043825761
285437160
750814236
621457038
123874056
381425670
614502783
826453170
653174082
350827164
853104762
012587634
073521864
426715038
821653047
483502176
620814537
123407586
283401675
713862054
013475286
740312856
164872350
482107635
257301846
024871653
042175386
824701365
142758063
813456027
631702548
780132564
014576823
135682740
142803765
148623750
380152764
130287546
472108536
612457830
720648315
261705384
782543160
048762513
630815274
348106257
268103475
513702648
375406182
012874653
846325710
640325871
362415870
314802756
286104753
782453061
014265837
386205714
218706345
864521370
064812573
746208513
824105736
248103765
023871564
084657321
640138752
761435280
310587462
820516347
138275064
754602381
512386740
820731654
421307658
184207635
740365821
023176845
031572684
463207518
368201547
035716248
634802517
640158723
720615348
263105784
051482763
381726054
130684572
217863054
023156748
076321854
072146385
265301784
374265180
163824057
167453280
582716340
740126835
681502743
213456780
732864150
380726145
031725468
750312486
412708356
213764085
728135460
568704321
760481253
056823714
268457031
480765231
