867512304
168372405
325740168
123847605
162340875
602138745
857210346
427038165
732051468
402763851
562873104
135026487
502861734
384756201
213870546
812530467
234510876
823614705
673084152
267410583
713560824
827130564
152340786
127860453
305641872
821573406
431850762
856021374
508631427
706538421
137248506
263057184
203645178
107832645
783025614
136025784
604258173
834675102
645018327
728630514
103856427
786140523
701845236
407835126
234175608
374081562
702613845
723081654
604273158
238670514
572480613
843520716
172864305
437852601
354681702
487610532
702513486
306145872
123074568
138076524
728061543
638540271
153086742
403627815
742160853
641038275
143256708
436280175
734620185
341850726
108532764
105783264
356240187
804731625
602584137
602145738
158063274
403156278
408527163
237810465
321076854
205346178
502481673
283674105
814560723
386524107
173085426
734210685
134075628
584170632
107682534
401732865
246573108
718250346
125043786
318046275
806315274
713840265
347162805
106742853
871036524
813620745
681037452
251864307
683415702
125674308
123675408
407381265
302167845
634120785
816457203
408731652
714380265
132480765
342065187
613824705
641230875
738260145
374016258
702681453
628437501
128740653
327810564
126840753
803754126
421657803
364150827
456087132
178342605
123450768
845320617
736420815
816024753
402315786
382167405
507814632
621084735
137425806
305428167
103724685
721068534
716450283
248150736
267058134
152430687
145836702
358241706
741028653
842671305
178562403
452836107
167053842
386715402
713425806
843125706
832710654
528063417
503187462
301856472
124075683
785420631
834250716
841635207
281650743
153064827
846731502
401823765
815026743
782054163
803167245
801743625
863145702
215780463
487325601
256043187
134780526
825430617
682450173
673428105
821543607
781023654
701526834
217845306
205783614
102586743
674310825
503174286
473652801
802634175
302714685
356284107
451082376
438510276
846310752
201586734
378510624
617850243
812057643
401728365
863025471
142530786
815072643
528041763
123640875
816024375
304175628
143086725
635470218
423810567
573821604
624870513
512067384
325641807
814035726
324710685
126830457
402175638
612073485
281435706
872063514
634150287
174062385
658134702
287053164
436580127
738452601
324850671
814036752
125360784
713042865
572046183
204315768
382650741
105267834
684275301
741082563
152047638
248563107
861340752
805361742
512640837
351082746
128730564
864021753
638740152
506741382
134675208
302657184
175360824
731042685
523086417
108642753
124567803
703812564
158064372
254016783
841627305
403826157
206135487
702315846
325180476
781253604
687543102
106548732
637580412
501278643
768023154
624351807
745182306
401835627
801432765
265340187
461830275
635710482
462071358
321487605
142370865
103527468
374168205
386247501
203617584
548670132
732618504
703258164
607342158
824736105
624013875
123076584
706284153
763841205
568710342
402683517
234716508
708415362
173864502
738016254
724365108
713680524
273581604
326540781
372015468
573126804
862375104
834150762
824175603
108426753
185062743
607812453
502831467
462350718
738061524
238764105
243016785
468072513
135046827
738261405
142780365
206748153
503614287
814032765
413528607
164370258
236174508
623150748
381064275
673124805
764210835
178064325
851724603
526130748
406285173
365087421
138076452
751380642
604172835
384012765
401853672
462073185
128053467
374820651
523461807
408536721
108543627
743026185
813024765
731420568
834150762
123065847
203457861
702315468
168523704
132067584
217384605
804265317
634285701
234750816
584021763
152840763
142680573
475180632
321840567
304865217
103824765
364812705
107823465
126084753
241078563
621740853
205173684
862145307
457120638
235140687
701234865
713024685
153287406
473051286
586723401
273018465
871420635
804163752
641820537
312640875
576134208
612375804
106835274
128043765
104635827
846015732
308247561
781053426
128750346
102843765
438017625
205714836
714630528
256047381
742160385
871036524
128074365
418250736
134582706
712053486
158730624
406312578
104835726
406378251
871452306
268430715
312840765
304251876
863245107
123780546
234018765
781023546
326810754
843250176
843162705
721086543
813026754
381024765
105273648
214635807
305128764
354176802
107623458
238716405
426510783
123085746
153084726
813650247
253471806
162834705
814750362
623470518
126058437
648210537
263150847
265473108
362840751
125360784
125340687
463120578
732160584
104852736
812364507
104832765
602741385
428570163
385012746
851043276
203514687
764381205
123864705
832561704
813024765
102673854
316078524
213084756
421730685
867520143
318546207
431520876
302671845
812075634
304612785
603841752
815073624
236057148
823564701
813764502
538270614
814072635
126470853
873014652
106837452
301825764
764231805
203184765
258130746
102653847
463015287
842630715
705314682
371280654
253014786
801473265
683015247
183520746
456318207
834671205
102786534
253760418
142068573
803416572
304287516
805143627
273180654
356140827
653182704
623157408
302768451
134285607
208714635
405318726
263810754
263587104
123780546
413258706
321078645
703182465
406235187
801372546
731280645
713680524
453860721
314856207
347058261
357610284
802145637
104623785
106438752
613025847
254810637
306748125
824761305
506823714
512873406
164037582
806713254
873024156
234018765
375160428
356081274
138762405
812735604
325047186
201745683
301786245
416083257
423160875
203174685
857034621
123675408
412073586
712043856
851243706
235140876
124835607
605148732
786210543
234160758
241753608
841573602
306182754
148520736
172064358
854710632
462357108
142065378
105837642
645320871
387541602
374185206
416872305
728350146
712853604
231584706
387210654
204136758
821640537
328164705
158730624
803256174
584312607
617083425
761028435
714032685
836571204
652134807
283016547
284357106
236410758
825760431
106738542
534860217
487210563
405762183
602543187
761054328
462135807
713064258
186043257
357480162
703852614
714380652
348761502
826340517
408761532
816023745
543870216
127836504
103824765
602134875
423165807
874263105
715086432
315028467
723054816
824675301
384715206
534160278
205136478
841235706
425370168
752340816
851230674
612783405
846257103
815320746
573146208
378061542
317025684
423018765
103845276
605324781
273056814
123058476
603845217
431680275
128657403
251083764
603741825
512360784
425173806
203145876
174560238
137062854
247680135
714032685
752013846
102875346
764358201
213470856
526081437
283164705
873564102
604173285
625830741
103486752
437652108
801624375
615037824
623840175
204138765
403681275
578640231
136082754
815360724
102863754
504386712
813240765
173065248
286140375
642053187
328651407
543716208
107435826
472130685
281743605
512830764
138625704
123074685
864372105
348120756
124530876
802714653
701384265
542071683
671320458
457310862
163425807
835471206
134820765
271653408
206785314
683021754
813520764
243860517
831754602
134725608
136872405
546810273
815340627
345820716
813674205
835760241
714360258
248167503
786015432
745026381
143085627
275130684
435862701
154820736
145023876
623718504
652034187
563017284
804273165
852043671
423170685
472068135
802514376
652180734
317482605
541370628
632810547
803712654
708145263
103824765
203176584
514236807
482761305
235160847
214350876
407162358
234160875
834210765
784162503
541360827
571683402
127063845
103724568
413280675
102846753
316072485
645170238
624570318
813756402
403758216
105842763
208456713
702514368
246057831
625148703
285170346
142837605
268130475
234160875
324067851
264015387
351467802
825416703
134562807
102763584
352740186
682013475
743160258
184320567
726480531
135280764
203654187
431085627
314285706
264130857
634018752
382746501
427065813
874510623
703418256
702361584
604315827
138672504
514320867
752018643
812460753
758613402
538672401
103628574
601825743
356028174
345276801
164382705
104628537
318460752
201683754
714025836
761082453
208764531
103724685
703418625
302856417
206143875
813025746
816054732
387214605
364015278
308456172
781023654
841650372
321460758
435871602
302586147
415723806
832410756
152840637
804352167
483127506
726340158
183024756
137024685
304162875
108675342
138620574
781642503
784621503
801673254
528710436
284071635
428061375
387640125
416820753
362180754
723084615
813045276
152480367
602348157
801745632
328154607
128063754
245836107
701245638
628035417
134087625
802613754
283076145
714032685
352146807
215478603
605342187
416035728
248630175
561820743
851724603
543270186
375014826
387120645
835021467
146023785
736284105
751032468
618257403
145730628
137240568
134650278
842715603
261430875
207816354
204185763
713024685
138074256
712640385
138764502
724135608
231568704
346750821
512380746
102873564
143082675
381045762
681043275
268410375
814032765
812746503
637028514
253640187
132750684
103682754
706342851
783026415
142035876
435860712
237084156
581062473
873150624
513620478
406158327
428560137
342815607
516073482
501728463
206871543
784061235
238450716
134780652
701235684
852031746
813724605
806345217
658231704
238760154
803241756
637021854
217653804
145823706
735082416
834610275
854720613
436170852
104672385
503714826
146538702
362018754
537640812
751046832
403271685
618240573
315267804
602158734
287346501
278016543
872641503
758230146
863270154
365147208
152783406
734082615
307184526
201864375
823741605
104857632
427680153
234170685
718043652
283764501
263840715
204617385
608721453
802345716
103254687
623548701
283150746
816530724
214350768
102675843
703824615
802341765
801753426
123764508
213754608
802513674
215780346
812057643
234086715
168723405
871024653
403216857
834265107
264137805
126380754
208417653
124560837
103756482
142630875
103825746
613028745
823015647
142863705
753612408
401728653
138264705
283071654
263150847
156048372
435086127
283064175
138754206
307241568
235814706
718536204
185024763
782430165
203674815
234510876
456281307
823457106
374180526
781243506
123067854
803214765
145860732
486275103
463152807
256340178
158742603
205341876
351028476
748630521
381025746
702486531
