728563014
820315647
385206417
162853740
058132746
831204567
830654172
345207168
687315042
317458620
728613540
412306587
042783156
273184065
835261047
036758142
136742850
085647123
643102875
413568720
241785630
245178360
345108672
652431078
328145076
236178045
348201765
182504736
083754612
830245761
134607852
654203187
230764185
240657318
150243876
436812075
620781435
278305164
738402651
716253084
038416752
862104753
412567830
548273016
286431750
083516274
263817540
840275136
037241685
637218540
086721543
027418356
047316528
052637814
614258730
364812750
168234570
637458012
810653472
187254630
068431752
021368754
541307862
476103582
271503648
764125038
834102675
456871032
253601784
058621734
275143086
523174860
230516847
826304175
072485136
058437621
734512086
614803527
052673184
024137856
450328176
638402157
183704265
038745612
851367042
315486270
153872460
637402851
472816350
840531267
012364758
680253417
126803745
481562037
528647013
045281736
623507148
023145876
213607584
583107462
251403867
463285071
278603415
016547382
417865320
137456820
358206147
283754160
287105436
135642087
572361480
721468053
016854273
475638021
631804527
614805372
081625473
286705143
271385640
013825467
063824175
023168574
136807452
380541672
275314860
143806725
163704825
734601258
317506284
416275380
146503872
854302167
486105372
142803576
163745820
784506231
430586712
318647250
650431728
875624031
234806157
216704385
461207358
763102845
071283465
270618345
840671532
038641527
421807635
251874630
387625410
013527684
548273016
384675021
567301842
028713546
270813456
275613840
657312048
053827614
021785463
623574081
156802374
184623570
310586427
450872316
853742061
053426718
516802734
138406572
670152348
164378025
230874651
081534627
823504761
870362541
182635740
345876120
064721358
247508163
158732460
054821736
263485170
481735026
714503826
856701423
513826074
381276045
056781432
847162530
234706518
083625741
167342085
314508267
013854672
812705634
420865173
124368750
058362174
068172534
631802574
238504176
128605374
834562710
835107462
638152740
034812756
514823760
842715630
543201876
470621835
863124075
384625017
482613057
273106845
076213854
750384621
743508216
473605128
812456730
130786254
280753641
428165073
648325170
830641725
125703846
345207816
831462075
136407582
518703426
361475082
360172584
628751043
471653082
781623540
247603815
045378621
872614035
238675014
165408732
713208654
673481250
076328514
140623578
310672854
054623871
283105746
284651073
740835162
182675043
235478016
165823047
045312768
481705362
815604372
816523740
064758213
832507614
084172653
078143256
016427385
620873541
213645078
250843761
215683074
386425071
134825076
823105476
823574160
263107854
542703186
580314726
234657180
172863054
470863251
128734560
037614285
170854623
734218560
725346018
467508123
135702648
635701824
214578036
847305261
152304678
428106573
871523064
180632574
638405217
082465371
027648135
256803417
257301684
853641720
728631045
753602184
821305746
184705632
063258147
460182735
182746350
257803461
728403615
431802675
245316870
261703485
023857416
024157638
037421865
364152780
534208176
470216583
568102473
728304651
854136072
840723615
523608714
861572430
258417036
240358617
571802634
430751826
834705261
217684530
451273086
358167420
130762485
728645031
428307156
823741065
135704826
120846753
213806574
861734052
465301287
435876021
284306175
760351842
273145680
710864235
375801264
570348216
486523071
417602385
035271684
246835071
652483710
860471523
342705816
062153487
460138257
351706284
562804137
754208361
423176085
384205176
450617823
075346182
216403785
241536870
173208564
085471326
762801354
864103275
471235086
012583647
485702361
326548017
836701524
264307851
134625087
814702635
438716520
153287046
123706845
370284615
415603872
854601237
074638152
078425631
031842765
056832741
485623017
240783165
610758342
381602745
130854672
364102758
436517028
815204367
573806421
836214075
420378156
146382057
470532618
013685274
516284370
582601743
057618243
427308165
065428173
157602843
430726185
741608235
614853072
612348570
670145283
534216780
150632847
251786043
530182764
154806237
651342780
234756081
312406785
134206857
046238175
012874653
415837062
483652170
825631047
271304658
146782035
236174058
520173648
438761025
562408317
184265370
410576283
536402871
230145768
186203547
360752418
351706842
340781652
123604875
251807634
834106257
574301862
542601387
678154032
286715034
864203157
134702685
238601754
582306174
148506723
248103765
158723064
375206481
541302876
523607418
123708654
230174685
815703246
310754268
413256870
612745830
780541236
482631750
136485270
124385760
031547826
841305762
781546023
076532184
286301547
487325610
465317280
071823456
281503467
680143752
650712483
853726410
350681274
120673854
863102547
415276083
721604835
715426830
870142356
146825730
320154876
548206137
085417362
065324781
782501436
140527638
120847635
658143027
836715240
372601584
857362410
310468752
781605342
130724685
352478160
640172835
074623815
813406257
238107465
452816730
460528173
214385670
137605842
254781063
043721658
162507438
731608542
620374158
014685237
375682014
862307145
483175026
346752180
572104683
263408751
263705814
235107486
720164835
761208543
563108247
240186573
613705248
870631254
812507643
387162054
641207538
410723685
361405287
867301524
836201475
523167840
670132584
850632174
687102543
482635170
753481260
083567214
860425731
742385160
216705348
826153074
280437615
162805743
536842071
571386240
814207653
218643750
832674150
350867142
570162843
284705361
371602485
734205186
374205681
823561470
540268371
820673451
140326875
451806273
058361472
021685743
028541763
675301842
316874250
432781650
250647813
263701845
568403217
520718364
624703185
627143580
236154870
132478056
316485720
564183027
840716325
837612540
750164238
032458176
813605724
540837126
874601532
164783025
031865427
283157460
350821467
782503614
381504267
730518264
523407168
351604872
516437280
075238614
581473062
574203861
173584620
210438675
136702584
532104786
680124375
418356270
748625013
231684057
074138625
530867241
725306148
136845720
135208647
861742530
728641530
826315740
024658371
738642510
624385170
183654270
286104375
682347051
840215637
435786012
527106834
064173528
142568073
817243560
318654027
761245380
674258031
215843076
681243750
340158762
123584760
745802361
470615283
052138764
237601845
013826475
123645870
012386547
325176084
154237086
430175268
853704612
780143625
450387261
086374152
241605387
275104638
734268015
160573824
356704812
027865314
748235160
814602375
023814675
135286470
348206751
834605172
713524680
140876253
384702615
861407235
086514273
423108657
384671052
173804625
457108362
260783415
632801547
340258716
876302451
356124870
320187654
036481275
437612850
380274165
061748532
385401267
026835147
235408761
714208563
527306184
364781052
763504182
523806417
813726054
238654170
714602835
034851726
862405713
073142568
680723415
510372648
784305612
728604531
830614527
134608572
543206817
052417683
048173265
620143785
025641783
147308526
253106874
738264051
138504267
413507826
314608527
064283517
546812730
051864327
653421870
347805621
613205847
043812765
283476051
417328650
162587340
520146783
756342018
120384765
842637015
823415076
243687015
453102876
038451762
215604738
034276518
048275316
640138752
871605432
513607824
742813065
235816470
786501234
041753286
712863450
186207345
072531684
081256734
576218043
061458273
721684530
235108746
723548016
713605284
136502487
065347812
674253018
153268470
324806751
136572840
453102687
314702586
730824615
160835274
031487652
145236870
013764825
265103748
380165724
721354860
638702514
510738264
483507216
083254167
860723514
134628075
250418673
184503267
248701653
835162740
234681075
418762350
134605827
015863427
068451237
673104825
470612853
613854270
615208347
180352746
284705136
241783560
248305761
038145762
627813054
436708152
163805724
243576081
376512840
356124870
723805641
134827065
570123468
720635418
062354187
536714280
740682531
230165847
045312768
713604825
067243185
725603184
875204163
258104763
713246850
257318046
418752063
182756043
186402537
246871035
482305176
856142037
034865217
342705681
742508361
130276548
824167530
675108423
820736145
360287154
162805743
625407813
380612754
814207365
621834750
028345617
710238564
625107483
253804176
025743816
734208165
643182570
410532876
016784253
763205418
813245760
152746083
231608574
427568031
035276814
075824163
168472053
013875642
126305487
743802165
463201875
351402876
084623175
034725618
461507238
045213786
732481560
340278156
643821057
265801743
240386175
382504761
340725186
617503482
315208674
257103864
073628541
470321568
375281640
865304721
615807234
453126087
175803246
128473056
738201546
016854273
463708125
360875142
142803657
048213576
851703426
835642071
730465812
423715860
738154620
741503628
657142380
243856071
412867035
052481673
078463125
325817046
146302875
834175026
730654812
043178625
016872534
671203485
731246580
350146827
013576284
410253876
156804273
820174563
160524387
457231860
345712680
751803624
237608154
264805137
062415837
375621084
031574862
132608754
654308712
341208756
271803465
420185367
561702483
631805247
126804537
136805742
042315786
238746051
350462718
376501284
845701623
624137058
215648073
518624037
032167584
138504726
041375286
258306417
280163754
683704512
263708154
416257830
042831765
120583647
034782615
062143578
250138746
078521463
071623548
785302614
431572086
186734520
183456720
765382014
061542873
184723650
721684053
587601423
143702865
473201856
270613548
624853017
260173854
853701624
038672514
074623158
481623075
781304652
783125046
560137824
841365720
143805276
843512760
356702184
671385420
073185642
235681470
563184720
674108325
246301785
125703684
423605187
642803175
543268017
652713480
630174582
351748026
621803754
014736582
873204615
614732058
253146780
081346257
610758234
032176548
713608245
354762018
286307514
341802765
630217485
274135086
275143860
263147058
230158476
387102645
218573046
