813720654
123780654
123864705
813024765
123840765
203164875
123784605
103824765
813024765
248013765
123864705
234180765
123845706
123840765
283140765
123784605
103826754
803214765
123856704
123064875
283710654
203184765
162053874
103824765
813724605
134820765
123864705
613274805
123840765
304125876
103624875
123845706
123674805
134620875
123840765
142830765
102863754
123056874
813024765
123785406
102853746
104835726
203164875
123845706
123084765
142863705
123064875
123758604
162853704
813024765
123840765
123064875
134820765
283164705
103824765
203186754
203174685
102743685
123784605
813240765
243150876
203184765
103824765
123864705
134820765
123864705
263174805
123456807
203184765
803214765
123784605
103824765
134862705
123840765
123850746
103824765
713258604
123864705
208143765
134820765
134862705
613024875
102783654
123864705
123056874
283714605
103824765
813024765
123085746
142863705
283160754
134825706
123780654
123074685
103824765
123784605
103824765
803214765
134720685
203184765
123780654
123064875
123045876
123086754
123084765
803215746
123674805
263174805
123864705
123084765
813724605
123064875
123750648
103824765
103824765
123740685
123864705
813724605
304125876
123086754
123784605
102643875
103824765
123084765
123784605
123450876
142863705
103824765
103824765
814032765
103728654
813724605
102843765
123084765
123845706
283064175
103824765
123045876
123864705
102843765
123786504
123840765
103825746
134820765
142830765
123860754
103624875
102843765
123084765
123860754
103724685
814320765
813024765
203184765
123645807
813240765
123840765
203184765
123864705
783014625
134062875
134625807
102846753
123064875
812043765
123840765
283714605
142863705
123084765
123064875
813024765
123074685
814320765
102643875
103824765
123784605
102843765
103824765
123640875
203184765
813074625
123864705
123084765
123845706
123084765
134025876
123860754
123845706
162083754
203164875
104832765
123856704
103824765
103624875
263014875
813074625
283014765
136082754
134620875
283164705
123850746
123086754
123084765
123084765
103824765
134082765
234018765
103826754
283164705
123840765
102843765
123840765
134820765
283164705
123864705
123784605
103826754
803214765
234160875
123086754
103824765
283140765
812743605
103824765
123845706
142830765
123840765
803214765
812043765
123864705
123864705
283145706
123784605
123084765
103826754
123084765
123845706
123840765
123084765
123864705
123860754
234185706
123864705
123864705
283140765
834210765
103824765
103824765
142083765
234718605
283140765
123780654
813024765
123856704
102843765
123064875
813024765
813074625
123064875
134820765
123840765
142083765
123064875
234160875
123840765
813724605
812073645
142830765
182053764
123084765
135426807
102843765
283164705
813024765
123840765
803714625
208143765
104832765
134082765
713028654
103724685
134650827
813024765
123084765
203184765
813045276
203164875
813720654
123840765
813025746
134820765
103824765
235180746
814732605
304125876
123840765
123084765
103724685
834210765
812043765
123064875
813074625
712083654
123864705
123860754
134820765
234085176
123864705
123860754
123064875
812063754
134820765
103825746
203145876
803214765
102843765
134825706
812043765
102843765
123740685
123845706
123864705
123784605
103624875
142863705
103824765
123845706
123864705
134856702
103824765
813024765
123780654
283714605
102863754
142863705
802413765
103724685
234176805
813240765
123084765
283014765
134820765
204138765
134082765
841263705
613024875
803214765
123745608
134820765
102843765
123864705
123850746
123064875
123084765
123084765
134820765
123740685
123864705
135820746
234185706
304182765
123840765
123864705
103824765
234180765
263014875
102863754
123860754
203164875
102843765
102843765
123074685
123084765
103824765
203184765
103824765
142783605
123864705
812043765
123840765
142830765
123064875
123784605
123864705
813245706
123045876
263174805
123640875
104832765
203185746
813260754
123784605
123840765
123786504
803214765
123840765
162083754
234085176
123840765
813724605
283014765
813024765
204138765
812463705
813724605
103826754
283160754
123074685
123084765
123840765
123045876
203164875
123840765
134825706
103728654
234180765
123784605
123864705
123864705
123084765
134820765
812043765
123084765
123864705
103824765
103824765
123780654
123084765
103824765
134825706
123840765
103824765
812763504
134862705
123864705
203184765
123784605
123086754
123784605
208163754
203184765
123084765
102783654
103824765
123780654
102743685
123084765
813260754
123064875
102643875
234165807
104832765
123086754
134820765
134820765
103825746
102843765
123078654
102863754
283014765
123740685
263140875
135826704
123678504
123084765
123864705
162853704
103824765
123856704
123085746
103624875
142830765
123064875
283160754
134720685
203174685
813240765
103824765
124038765
283160754
123845706
134820765
103824765
104235876
136820754
123064875
203184765
134820765
123640875
283014765
123084765
142863705
142860753
102843765
234018765
123840765
813024765
123084765
142830765
123840765
103824765
203184765
123640875
102853746
123674805
123840765
104832765
123840765
123075648
123840765
123784605
142063875
104835726
123784605
813250746
813674205
123784605
203178654
123856704
813025746
134820765
801243765
813724605
248130765
103624875
123864705
142083765
123840765
102783654
123856704
123078654
103824765
103824765
102783654
103864275
103526874
123864705
142083765
713640825
813245706
123784605
102863754
103725648
104832765
123860754
608213754
123758604
283014765
123674805
134820765
123064875
283014765
813264705
102843765
102843765
123864705
134082765
123845706
813724605
123674805
246130875
263174805
283014765
203174685
134025876
123078654
482013765
123856704
123864705
123640875
123074685
703214685
234180765
123864705
203184765
234180765
134820765
123860754
813024765
123475806
123084765
102863754
283140765
283014765
123860754
203184765
134672805
123074685
134082765
134025876
482130765
123850746
134782605
123864705
402183765
134820765
134062875
123064875
142063875
841263705
123678504
123074685
803214765
123064875
203184765
123864705
613024875
123084765
813724605
123864705
123084765
123084765
123045876
123864705
162853704
801723654
103824765
203184765
103824765
162830754
123840765
123064875
123084765
123864705
135820746
123840765
123840765
813064275
123840765
103824765
123845706
123084765
134720685
813240765
203184765
123856704
103824765
283164705
203174685
103824765
134825706
102853746
203185746
234018765
123784605
102863754
203174685
813240765
813024765
123845706
283014765
812743605
123864705
142863705
134820765
123845706
123084765
123784605
208143765
812063754
104835726
813724605
123740685
134825706
123084765
123086754
813260754
123840765
103724685
813024765
102863754
103824765
123084765
203145876
102783654
123840765
283164705
813260754
203184765
813074625
103624875
813240765
283164705
813064275
123840765
813024765
102783654
812063754
123784605
142863705
813724605
123864705
123840765
234180765
102743685
123840765
812043765
813024765
813024765
123784605
123860754
103425876
123064875
103824765
812430765
123864705
203184765
103824765
102843765
102853746
813674205
134860752
813674205
142063875
263140875
123475806
102843765
103826754
103824765
413025876
103824765
203185746
613024875
283045176
103825746
123086754
142863705
103824765
123864705
102863754
123064875
283014765
103724685
283014765
123840765
813724605
203174685
134860752
814032765
813024765
103425876
283140765
123860754
102783654
703214685
123064875
813240765
123064875
263014875
105832746
813024765
123840765
123084765
123064875
304162875
812045736
142835706
123864705
283014765
813024765
123840765
283164705
812063754
123084765
814732605
203185746
102643875
234016875
123475806
813024765
123784605
123864705
103825746
812743605
123840765
162853704
123475806
123784605
613240875
613240875
813024765
123064875
123780654
263174805
283015746
123864705
123086754
123864705
123864705
234160758
135820746
142830765
123780654
142830765
123840765
123450876
812073564
123740685
613824705
123864705
123084765
123074685
234015786
812043765
123845706
104832765
203184765
123840765
283014765
134862705
103824765
123864705
103725648
102843765
103824765
123850746
123864705
123045876
203184765
123840765
203145876
123784605
123784605
812063754
123084765
102853746
102843765
123864705
134820765
123045876
103724685
123860754
283140765
123084765
814035726
123045876
123784605
103824765
203184765
123840765
123784605
123784605
283674105
263145807
134082765
123084765
402183765
134782605
123064875
102783654
304182765
234160875
103864752
263014875
123840765
123074685
802413765
123084765
134820765
134820765
123084765
234150786
103824765
104835726
803614275
812043765
123084765
123864705
102843765
162083754
123850746
123470865
103624875
142830765
203184765
123640875
142086753
123864705
103824765
203184765
123045876
103824765
123750486
123864705
123840765
123860754
123860754
152083746
123064875
203164875
813024765
102843765
123840765
123064875
103824765
123758604
162830754
123084765
103824765
103425876
103825746
123864705
813026754
123860754
123084765
813024765
813024765
813240765
134082765
123084765
203184765
162830754
142830765
813024765
813024765
123064875
103824765
123860754
812043765
123084765
602183754
134825706
123740685
123086754
123064875
123860754
123840765
812430765
102783654
103824765
123840765
123840765
103824765
813250746
283140765
134725608
283140765
234180765
123845706
283014765
123864705
123780654
134820765
123064875
102673854
234168705
123864705
813074625
813024765
123784605
123780654
123084765
134820765
203184765
813264705
103824765
142063875
123056874
123780654
123780654
103825746
123850746
123850746
123864705
203184765
102643875
204138765
142783605
123864705
801723654
402183765
782013645
135820746
801243765
103826754
234180765
123086754
123860754
203185746
123084765
162853704
123084765
136820754
123784605
123860754
134820765
103824765
134825706
135842706
103824765
123780654
813024765
812043765
102743685
123674805
104832765
123780654
123670854
203156874
123864705
