650283147
374802651
086231754
234786150
482735610
073621458
123804765
123608574
123657840
248156073
458126730
423865071
834726051
173524086
764302158
234807165
162803754
346718520
712683054
712803654
861703524
720136845
367814025
613824075
142805673
025318764
180732465
310726854
123804765
142803765
612407853
128706543
850231746
153607842
012854763
186703524
163842750
731802654
123645087
234608175
263485170
134867052
023586417
340852176
710482653
274106853
854301276
350684172
084721653
142703685
150724386
230154867
021354768
048723165
462351087
013725648
246508137
824167530
481763025
134825076
132748650
162803754
362704158
023174685
123764580
146837052
713502468
781642053
162783054
518702463
815704263
145702683
136274850
164805327
810253746
817643250
234105786
834701625
814702635
082136754
523148076
462135870
237615084
025174638
210867435
630714285
814207653
714682530
023178654
134862750
217304685
145803726
127405638
062153874
384712065
145267830
523108746
230781465
670124835
640317852
086734125
340678512
683205741
623804175
742103865
281763054
862105347
412603857
481732065
810762543
128703564
142756380
417208653
043286175
135674082
612345780
420387651
345106827
815364720
634108275
157432086
246801753
134782065
012543867
420536187
230815476
634102785
712645038
124305786
052173486
364215780
142703685
234781560
052186734
783451620
152703486
037184265
014853762
468235017
013728654
813206754
810623745
120863754
760183254
152804763
582763140
083514726
013826547
124308765
263514087
420861753
283604175
036184725
073814265
071836524
142783650
720618543
013785624
123605847
034875261
123864750
423801567
035814267
524807163
583714026
016837452
043875216
683407152
621853740
841702653
280763514
320746185
271584063
248103765
143286570
048162753
142805736
058174263
375412086
128754063
831672450
072413685
123784065
173804625
170832564
725601348
135607824
045738126
340815276
138725460
052173864
014326758
583162074
672148053
073286154
135807642
813756042
058712634
065132487
120573468
452816073
613874520
712853640
263108574
125804367
853714062
068143275
084326715
813504267
024376158
246103875
514703628
435602871
810235764
081234756
125806743
054382176
628105734
418203765
265304187
714825036
123705648
820351746
736801254
348106725
032417865
823705614
183504276
231708546
013824576
841306725
142653078
380754216
074238165
684135072
851702346
345128076
718432065
834261075
312785046
743105862
170364852
162307854
234816075
812503467
012743685
180732654
621537048
023164875
713204685
120653784
641785320
130278456
613274085
142605837
142863750
240165738
378104625
835126047
860751342
068327514
412853076
365204178
134725680
035142876
142835760
837415026
028174536
812504763
063145827
126784053
712648053
138205674
823105764
083214765
165372840
834607125
730182654
172536840
780425163
813245760
123784065
134685072
235186740
014735628
472803165
834671250
163204785
384706512
147632085
873245610
387506412
710623548
036215874
631704582
083214765
163475028
835216740
187462053
475102836
023145876
142305687
713825064
150734682
250461738
842601753
867302154
830215746
346102785
570831264
018273654
630215847
157803264
245173068
081345762
170438562
140372865
140782653
516702843
234168075
234617850
013724568
516834027
850216374
051683274
128705346
840312765
843156720
183245670
713208654
580473126
357208146
168472053
127346580
641523870
485376012
086524713
123506874
162783540
473658012
814302765
017462853
478203615
014732685
134605827
123804765
015782463
231804765
864203715
342718065
870263514
345102687
172804653
374265018
831267045
135876042
423605871
052143876
152803746
083274615
632571084
623718054
612803574
145802763
840263157
084372615
178203546
435106872
034162758
714658023
781645320
123705648
812463750
130825746
783605241
861357024
861405732
628753014
123786054
810465732
320657841
234658710
560812473
847301625
073214685
120843765
230184765
036182754
610382475
834205167
631802574
013624875
561804273
410283675
513804627
142863075
672503814
083724165
036145872
830762514
830214765
713258640
283104765
423875016
236154870
385701246
234106875
410235786
328104765
140573862
123845076
450182763
127384560
812506734
052613874
035271846
063214875
320476815
142786053
430256187
460785132
813206754
364857021
430827651
530142786
861503274
541307628
138204765
630184752
612847530
813405276
236175840
281673045
043271685
130425876
130564872
072841653
027164853
570283614
482305761
231784650
476802513
470258631
726301548
153804726
610245837
350712684
054236187
016532874
234168075
123804765
123675048
134608257
671402853
845316720
813726540
028635741
026573184
142835760
038641752
230764518
043851762
712804635
136704852
267804513
781642053
034268175
283106754
720865413
023846175
120853467
834701625
081753426
148703652
834102756
340257186
467208513
028543167
135486720
125406387
834521760
810263754
263104875
813704625
160845723
831402765
013528476
152703486
281743065
715283640
640328175
130824765
710328546
850621743
345708162
128605743
120837654
034265187
148635720
048712653
046158732
234715860
013872654
281307654
065231478
841735620
253701864
134708652
582701463
257801643
183754620
134802765
810632754
682713540
173802654
182306547
345807261
130246875
134862750
812435760
640153782
258136740
413825076
831742065
364107852
013274865
012843765
813604275
174385062
162305784
028143765
182743560
162783540
042163875
432817065
273614850
146325870
821704635
812705346
731642085
370825461
138702654
381724650
320814765
245103786
013825746
032846715
023156874
384715260
082156743
263157084
135708246
142805736
813645270
120643875
024815736
120783546
165402837
836251740
623705418
821345760
528713064
314875260
420176583
210347685
174862053
346205178
176234058
230564817
240137685
812756034
326401857
625483170
148325760
670831524
173852640
314256780
730214685
526308174
132768540
123845760
613827054
340218765
810763524
460513827
245301876
164203875
356782014
237106854
340821765
124605387
385601274
240315768
782134560
134602875
123864750
740368125
183205764
162803754
150832746
354861270
714305628
134702685
530271864
240638175
783506142
213758046
820173654
613204875
648203715
410372685
340276185
140652837
813204765
152704683
062713548
834701625
248705631
234685170
123785046
580123764
863714025
130482765
268103754
871243065
120345876
475103862
417836520
160843752
013867542
480762513
748205613
213406875
281704536
610483275
134862750
142703685
235148760
748103625
234106875
134802765
724183650
143805276
162758034
134256870
082613754
263845710
123674850
253106874
130456728
253816740
743205168
841503726
263104875
283745061
162803754
420163875
470356218
015463872
374206185
821364750
126804753
234605187
513864072
048321765
235814076
461705832
142867530
458316720
023184765
548103726
582136074
130785624
018523746
834601752
237186450
035821746
521406783
152403876
130526874
281403765
123465780
715283640
142635087
140832765
348256071
013864527
084735261
012647853
210534786
627584310
345206718
643285170
013725864
871602453
613245870
572461830
237186450
830712546
730214685
812574036
235784016
674182530
351246078
123845760
132504876
813764520
520183746
240678531
043516728
374105628
218453076
821704635
378201645
468102753
148607523
713845260
248163750
862134570
375602184
084512367
283715046
814325760
136824075
384506172
152437680
472301658
268403157
423701658
023586417
210537468
274108356
582103746
230167854
084235716
023587146
680153247
673504281
432805716
134725068
134672085
083245176
482106753
461803275
263105847
143865072
652134087
712486053
830712654
536218074
480213765
283145760
380526174
873624015
834205716
418603275
063214875
145768230
120845736
825163470
543207186
730214685
134786052
120846753
716532084
270146835
374152086
478205163
713428650
781263045
168704523
832714650
346205817
123745680
130425768
263145087
710386254
021873546
534218067
123705486
467103852
135206487
063485127
152436870
243105876
234805176
123504678
045718236
716324058
045328176
134825760
324578016
812763054
728603514
813704625
450173286
370184652
732864150
812406753
810452736
570613842
023186754
480572136
724306185
831704652
810253746
173862450
036172584
834105762
263157840
270136854
123804765
671502483
462815037
613824075
152436870
125843670
147635280
613748520
132846075
254836071
153728046
123678540
243861750
613274850
462801375
136802754
123876045
084712563
085231746
283145076
063125874
623801745
763405812
385621047
872403615
128435760
461805237
652834710
635217084
712603845
130627854
350142687
142783065
136204587
123745068
130456287
235846071
153476820
240137685
123705864
243106857
324605178
142805736
162834075
715302486
123576084
420713658
720153684
013526874
137846052
748263015
784301625
142805673
032415876
781203546
380276154
642801735
785601243
320814765
710253486
830712654
130456287
236107584
517863420
238174065
734605812
710324685
234607158
023761584
841735062
570486312
268713054
056234781
130724685
013684725
732408615
374816025
134762058
042183765
810732564
163805247
134602875
472603815
072413685
842315760
085436217
851426730
342718065
816542073
147263085
023158764
852716043
314276085
234706518
420873165
471852063
845731260
012843765
283164750
826451073
836217054
456107823
813205746
826701435
360124875
172304856
183506724
756432810
012743685
813674025
813724065
345812076
170643852
345816027
812463075
834201765
612584037
025638147
240835176
235604178
721304685
128403765
831462075
523106847
624105783
123705648
634205817
712654830
184702536
513826074
327104685
028163754
612345078
581207463
124605738
280163754
280651743
614702853
627845031
236108754
148563720
163504872
164203875
062587314
230175648
135702648
714825036
814635720
815342760
243701685
150236874
830754612
054162837
527103684
236748150
134602875
684125370
410263857
123604875
714623058
152473086
812603754
240731865
123784650
840635172
034218765
734206815
134705628
418207563
084657132
872403561
613802475
023156748
120863754
062134875
450162873
148705623
315702684
814653027
352746180
823601475
713258064
463215870
452863071
023164875
283106754
230164758
134825076
140782365
