513870642
672430185
713620854
347210685
135062478
823174605
415036827
328014765
852730614
305624187
834721605
257140683
748120536
253046178
501728463
831074652
103254687
301247865
803764215
683174205
681240753
812375406
104835726
613025847
218763405
803764215
842031765
176052843
305127684
152036874
103762854
603214875
208143765
607832154
146730258
164378205
126734805
834610275
812056347
283064175
521836704
362014785
217046853
841073625
234056817
462180735
873214605
134620875
123086754
326140875
103624875
165087324
103725486
482163705
403216857
284713506
405327168
104672853
812053746
723185604
601732548
501687243
163058274
607531284
824750631
208173456
703814652
284613705
842376105
431075268
813064275
123570468
134820765
812043765
213048765
107652843
306472185
123864705
423015678
265130748
408275631
452038167
134862705
247063815
104632875
703821654
123780465
836710524
518736402
234156708
208713654
123470865
512834706
234860715
326014875
234180765
138054672
863045217
861742503
714038652
706312584
134062875
123780465
701643825
208375416
216034875
134782605
781062543
206135874
781062543
801723546
813064275
281743605
286053714
436152708
853026174
208143765
825043176
546170328
104326758
703214685
134825706
123058476
813760524
354210876
435716208
134782605
713024568
103824765
123056874
103825746
206518734
203785416
681230574
307218564
283716504
153074862
834760215
142780653
481065732
418263705
102743685
813245706
813024765
163540872
801532746
134082765
247158603
813256704
481732605
104832765
102846753
635084217
135062478
582714603
324015876
813724605
134725608
813074625
852136407
672354108
824513706
642375108
248073615
283045176
812350476
781035462
235180467
123086754
134067285
261035874
287153604
803264175
642380715
421850736
728410653
126740583
234016758
257034618
123067854
342618507
142063875
263015847
258436107
603284715
712536408
438125706
134076582
208163754
283051476
612043875
648372105
104752638
142863705
234680175
374825106
803251764
813564207
145382706
201578463
265014837
124730658
402385176
405831726
834615207
456810237
238567104
163054872
406173582
364081275
841023765
103824765
162743805
603214875
816235704
123856704
683570124
136520874
208314765
682570431
304186752
608234751
841670253
804532176
104835726
203417685
374120685
806421753
104328765
205436187
784625301
128063754
614357802
847035261
107563842
268053174
548630712
503627418
712043685
702635418
801246753
253184706
845120736
142063875
703185642
862043751
306254871
368154702
325064187
472013685
734610825
206381754
238140675
134782605
645780312
374085126
284063715
103624875
123740568
203184765
406812753
123785406
142073568
136027854
803427156
803216754
102683574
103724685
701842635
213054876
871542603
583170246
208153746
236180754
803514267
142863705
352140876
263074185
236180754
304785216
612874305
183740265
146832705
128673405
804326715
518074623
837024165
531720684
814560237
483016725
831460752
314860257
106532874
458130276
823054176
283150746
674320185
134725608
801324765
816743502
258743601
815730462
406178235
671532804
802145763
634817205
801732564
237068154
803642175
835216704
781563204
134627508
203714865
623045781
283560741
803127654
273140685
306812745
134820765
713286504
312078465
812046753
603825147
273186504
273150864
801462753
728043615
864210753
402715683
825076431
162580734
608132754
623178405
542136807
482150736
526413807
608132754
423657108
218064537
142863705
385721604
182630745
324061875
435720816
273184605
781023654
238160574
842073165
258430176
846523107
132875406
813724605
713458206
584213706
806231754
841735602
834075126
203684175
142830765
103825746
375140826
702513486
307854126
153062874
263074185
401852763
783450216
804251736
302714685
801653724
841023765
152486703
102743685
713258604
823710564
271034865
208513764
203164875
164023875
145273806
415067238
134057826
401873625
234085176
842053176
302468157
483215706
125374806
263014875
243165708
403285716
825310476
803265714
374681205
103725648
364258701
806213745
103482765
713280654
123064875
304865217
324086751
123075648
235148706
104832765
273086154
784130265
134820765
423170685
123856704
124036758
803521746
126037845
408512763
134265708
586371204
136740285
835047126
146032875
408215736
153026784
105426738
781634502
261073854
162350847
234158607
815043726
183064725
173850642
682134705
123748506
804231765
436285107
617852403
134085726
701843265
104852736
135820746
613450287
103624875
283150746
324860175
234015786
813026754
132756804
243785106
804712635
813260754
834210765
368270145
142786503
142083765
234168705
583012764
384275106
458076321
603712845
103824576
203184765
602183754
456310278
104853276
142085736
268350714
201836754
304125768
634710285
124380765
634175802
142635807
873410625
801243765
413027865
102843657
372864501
283456107
481037625
603821745
204138765
842061375
261583704
846012375
712043685
231756408
234678105
425718306
802153764
384016752
208743615
124370685
183072645
813240765
135420876
236184705
813540267
152083746
153820764
483075261
503628714
263150847
802615743
103864752
841230765
283065147
761420583
123084576
672183504
572013864
714283506
803712654
713026584
283071465
102346785
103857246
123085746
413820765
613784205
345026187
103824765
851762403
721380654
234016875
502314876
716052834
204135678
853276104
104738526
724018653
251860743
103425876
813720546
324765801
748031265
134085726
231074856
847631205
104536872
102578643
153840726
203184765
806315742
105843726
235014876
814270365
238460175
172840536
408265137
283160754
517064823
234180765
248130765
362180754
813024765
861245703
142863705
123750648
623740815
102743685
823150476
812750463
803512764
134072685
103724685
384160275
813425607
602754813
618520734
261038754
763082154
312084765
417032658
143520876
104236857
423715806
364081275
102463785
102563874
152346708
123740685
137820645
152470863
804312765
813640275
172863504
872634501
203584167
134862705
123475806
205647138
374015286
678130542
123074685
153064827
123840765
204173658
315047268
138752604
613475802
123475806
801723465
284756103
106423758
123065478
741063825
582713406
356140827
243810765
261047853
834065172
152630847
138264705
712084635
104732685
145726803
613025847
173850642
836210754
182650734
812057643
742031685
134082765
314725806
712630845
306145728
708152634
163280754
132870465
102385674
835041762
813524706
402186753
105843726
102863475
405162738
713024685
614320875
241083756
283145706
103725864
143285706
248713605
134672805
103824657
301654287
153084726
203185746
235786401
703482615
602873154
683251704
236785104
134860752
123570846
814730652
123780654
154086723
602831754
283751604
245071863
802731465
235417806
701243685
385064217
801563274
205846137
614820573
134620875
853140276
821340765
802465371
832061574
152086734
203784615
183620475
714563208
345280617
104632875
103824765
682043715
243810657
341278605
823670514
835240761
234785601
234185706
803712654
672184305
603278415
835246107
253684107
712045638
134086275
803274615
142735608
134570826
241563708
638124705
123640875
513826704
142083765
123786504
572016438
208163754
123864705
341850726
273184605
234718605
361820754
137620854
134780652
123674805
123046578
203418765
326045187
145730628
813067254
368150472
408263175
823076154
764182305
835276401
208453176
813246507
782135604
642810573
167340285
234168705
602384175
507143862
613870524
613824705
713045268
834027615
304852761
128370465
234685107
261043875
803426751
374028615
608712543
203675184
238146705
705283416
451027386
841670253
283145706
134786502
607158432
263417805
841260537
814736502
813465702
123045876
178230546
283056174
124358607
738210654
628317504
207513846
726850143
123645807
352014876
821753604
263015847
162853704
174520683
102763584
312845706
783124605
812750634
234176805
684071325
742081653
306152874
304125687
415720386
103425768
871620534
678023514
283150746
123675408
283740615
812630754
324158706
284315706
421083765
123845706
146082735
374628105
134687205
801643752
365072814
873154602
134562807
102536478
803745216
607132584
812760543
634285701
135076284
506128347
102563874
134082765
841076352
608472513
128743605
127630584
364172805
136084725
423016758
812735604
835216704
801372654
851240763
864021753
326140875
524183706
803261745
105743286
713024685
185036427
835246107
346082751
134056872
123645807
308674521
347162805
283047165
682173405
386120754
203167854
123047865
234157806
263017485
781640253
842361705
814732605
834071625
136082754
162834705
123074685
613257804
346210875
802615743
402683175
704238165
401826753
623845107
348510726
182650473
123086754
234685107
314820756
812630475
162583407
103254876
254867301
873245601
123064875
123086754
601245837
621047583
103467852
682013754
123084765
104632875
236184705
103568742
803725146
376024158
813240765
138062574
364025187
825046713
134085726
614052837
631470852
326851704
345086172
384517602
283470165
173640852
826143507
408723165
465732801
214085736
801273456
134620875
123840765
817056432
246180573
304182765
103784265
382160574
402618753
403785126
102653784
403715628
104735862
123864705
251830764
783614205
234158607
483217605
163425807
653270184
154780362
123756408
835210746
412730865
231064875
145860327
271340865
123850746
152037846
248635107
583714206
301876254
203184765
203174685
283145706
745380126
123475806
781630524
123456807
142083765
861370254
614035827
706481253
236870415
834025716
712586304
134025687
452837601
268140735
103826754
134865207
816023745
136082754
674012583
164375802
713084652
145023876
641780532
763240158
234168705
102873564
304167285
523164708
304872165
136748502
324610875
153286704
234750816
618342705
601825743
801742653
124038765
402653187
103624875
135047286
812460753
672310854
123078654
804362175
258367401
835217406
246173805
801734652
734250186
145036728
814732605
821750643
712463508
408267153
103625478
518236704
813245706
301825764
451820763
714063852
218073465
123540867
637140852
163270845
134670852
802416753
813240765
231064758
143768502
235870146
274810536
305268147
356048271
703625148
263740185
703825164
134086275
156073284
856410732
