425310786
478321605
768325104
678245301
863051472
731054826
453081276
572814306
205183476
136052487
562140873
712053864
234170685
642350178
804721365
624350871
301268745
417086532
413082765
205164837
561240837
128356407
284317605
273641508
621347508
538027614
684370251
403612758
412758306
823510746
308721546
314857602
315820476
608214357
146570382
452013867
102864357
281360745
603782541
302815746
672083154
748630521
283574601
327568104
518230467
743165802
701362854
347150268
603714852
372860451
824071365
183027546
137840526
513087264
536480172
385160472
274630518
643052178
126587403
203674815
704681523
728614305
867510234
624038175
317540268
876341502
123840765
204685317
372640185
852074163
123657804
786312405
125674308
127385604
581326704
417032586
836510274
728053641
735064218
163052847
601235487
124075683
836150724
306812745
308264157
754120368
501287346
325871604
628130574
123640587
834627105
875231406
314027856
261034785
467038215
785023641
641028573
784563102
176832504
612784503
614370852
603185724
813670254
524016738
538076142
413860752
254036187
861023754
185346702
607485213
804523671
352078641
284367501
324176508
413260578
203781654
741250863
813024765
185264703
743025816
416023875
231784605
601583247
201438675
351870426
304257186
573421806
208514736
384176205
638012547
176053248
214350768
143680527
816350274
438012765
813756402
671035824
816730254
718063542
381740562
783054126
612734805
312645807
503146287
261370584
407263158
803612745
364850217
782053146
206843715
156328407
374012568
718432605
106235847
724035816
403521768
187320654
176354208
804732165
301674258
703186524
843052716
504631872
132785604
102764538
308265174
406518372
528013476
712063584
283150746
341620875
135028476
405613728
287064315
314065287
263041785
403812765
715042836
246870351
635278104
281043765
258710463
716430582
387410625
601438725
237056418
542310867
348012675
463215807
243087561
714065382
308645217
127680435
681273504
304782615
741652803
304516278
614780352
478365201
158273406
347210685
854630712
385240167
172650438
256073814
376480215
723864501
726538104
706358241
845360712
836210754
245087163
813072654
235078416
675413802
365017482
231864705
827310654
263085174
867024315
104523768
812645703
386520174
702586341
471260853
704586312
501382674
351820467
783610425
731520864
143570286
563870124
871462503
257143608
136250478
342016875
301768254
304268175
712048653
238061547
674123508
814075362
237168504
703241865
861054372
816024375
406382175
256730814
742613508
712063458
345870612
163280754
412053876
108372564
123584706
782630154
152840637
105423867
435261708
205147368
208613574
243068715
865721304
863270154
135684207
175486203
142673805
812673405
682045173
215846307
201765438
618345207
102865743
167425308
462175308
374280615
315720468
304251687
874230651
135862407
504172863
631285407
402316758
103825674
516043728
605847132
145063827
312456807
123645807
165430287
806342715
341025876
142783605
837125406
632045718
305246187
453082167
602583741
405183267
716035824
803527164
265180734
603287451
328456107
671425308
734015268
623071548
703185264
183267405
105863274
801275346
247165803
278013456
875031246
408162753
204371856
185043627
843725601
803421765
128035476
405137826
603714528
105273486
128570643
378064521
423180765
708315642
736415208
716830245
102846375
316025748
341250768
827345601
456087321
471650238
805321764
812370654
478063125
142850736
831067524
276013854
214075863
105367428
187254603
468320715
864210375
205471683
136480275
138074625
853426107
603124785
324180675
283064751
384270165
586241307
601824735
275610384
248073156
103452786
127643805
761032485
601532784
168072534
235074186
456270831
341576802
723085164
702684351
534071682
206473815
308716542
463078125
162583407
273154806
283461507
806312754
415263807
284061753
124763805
806523174
302715486
738154602
487016235
136285704
784031625
601845732
518230746
782360145
835041762
782043651
812435706
831274605
503614728
816350742
318462705
548320716
274613508
732416508
402875361
123784605
132085647
607418325
403518276
801347526
875360421
243058761
485127603
608257431
106237485
163084275
286031547
154638702
263057841
834510726
521830674
817042365
603271584
472035168
456031782
356014827
378621405
375468201
157320864
267150348
301752864
845016372
178642503
142563807
406823751
637042185
305642178
301875462
413075862
275043861
136847205
804375621
385160724
472863105
847210653
248673105
478610235
201536748
784250316
601783542
572618304
823640571
256081734
621478305
704315286
345671802
783540261
783645201
135086247
183720645
413250687
748513602
684230517
508132674
256180743
281450673
618032745
631478502
462730185
467135208
823710645
216073845
521048673
863274105
236071854
138065247
746032185
501486327
207368514
507286413
103258467
375182406
142057836
208164357
237180456
425610873
462135807
285617304
318642507
247635801
602715438
675420183
681034572
876231504
684072513
842063715
185620743
813056742
361782504
815046327
427615803
162048537
328014765
248510763
423710586
482063751
143582607
204835617
264017835
602571384
761540832
453170862
842675103
482035176
836017425
803621547
185427306
802417563
634180752
163870254
241350867
504387216
386450172
136874502
623170584
608234751
104386572
102748653
346510278
307518624
164832507
418036725
142730856
146720538
124768503
703526841
231645807
127068543
517486203
546720318
786042351
524076183
231067854
786415302
374580216
104875236
783016524
365018742
147632805
173085426
601834752
256830174
734625108
235084716
304281567
164523807
578342106
502164873
407831625
702415638
102785436
841752603
401362758
263017854
204135867
317045286
408325716
583216704
824035761
718632504
723064185
436218507
154032687
813054726
754386201
742013865
601345872
475086132
602341875
702463815
143760528
386217405
153860274
736041285
378160452
617254803
625741803
138025746
604238157
453126807
312647508
523817604
135084276
714083562
306485217
132450786
162540783
408372651
123064875
504678132
803127465
217658403
782015463
106837524
413627508
317856402
806231754
107436285
812470563
825143706
805146723
325017846
413576802
472016835
506234781
614735802
268034751
826370154
182360547
531024876
802516734
712543608
803274615
572168403
612740358
145720683
102647853
684135702
327865401
358026147
568431702
417320865
318054276
716053284
154026387
123756408
541086237
813465702
847230156
581032746
405318726
846053712
804153726
681340725
746351208
147230865
301846527
601238475
657238104
302781645
873650421
815072436
314865702
873054216
145830267
104863725
812460753
847053216
784560231
548027163
236470185
352740186
835076412
503426871
168025347
803467251
468350172
538476201
237650148
125467308
287413605
813260475
241630785
826450173
106534782
184230657
482160753
641073285
613247508
637024815
813076452
245780136
586023174
346250178
358271604
801763524
812376504
342780561
105837264
437258106
641753802
586374102
357014628
123540867
782143605
725480361
406138725
703628415
804231576
874316502
268410753
207531486
638041527
245630187
785360241
238046517
174683502
712840356
168053472
607234581
763450281
275048316
803476521
162573804
103854726
423180576
123480756
612345708
301572684
401723685
638254701
437265108
364527801
416530278
702563184
403586712
186230754
734580261
742051863
132860574
283074615
806431725
467032851
571082634
178346502
543062718
145837206
702483165
234715806
152843706
876430251
713024568
234170685
283047165
134820765
708314256
103842675
831024756
571830426
351640287
765031248
264730581
234015786
457816302
583216704
715630824
812064735
612038475
871630425
438761205
627081435
182756403
157063824
405326871
201756483
582146307
612783405
813240765
603187254
386740215
653780241
218730465
513078462
328541607
276014583
832450761
827460531
704251638
123680745
408235617
834510267
713285406
836025741
106473285
816057342
345218607
614372805
721580643
103246587
102863754
635420817
123785406
845720163
251384607
847023615
264813507
624715803
623741508
451073286
871263504
162074853
382170465
708413526
875120634
283756401
841026753
702413685
758640213
516248703
205347861
381640275
754012683
143068275
671540238
248035176
304721685
142830765
814563702
813256704
235470816
684325701
163784502
128073564
362870415
873160425
583016274
207531648
683024157
801543726
381762405
235160784
137580642
203641875
462078153
802537614
123057846
182635704
132048765
173045862
203157684
851073426
102685734
286750431
182473605
425186703
234180765
814623705
268374105
603178245
685234701
125438607
217058643
532170846
708351624
324670851
812560473
125634807
308754621
873264501
713620854
324085716
862714503
814035267
815720643
472863105
503746821
348026175
265083147
302587416
813720546
345670821
304165827
286750143
564210873
612740583
628013574
741526803
831624705
682310745
834021765
406125738
256083417
163057248
674130528
406327185
261870435
876045321
415287603
801376452
504826713
718064352
501783624
613075248
284610753
163024785
785610324
107354682
801237465
731820465
517048236
564321807
306425718
304287651
451076823
246780153
813056427
512048763
237650814
536018427
854023176
612037458
123840765
324086175
304715826
824360571
724810563
164823705
102635874
803762514
806521347
408652137
407815236
356047182
635081427
564037281
582670341
203856714
428053761
205146738
107435826
803415627
327460185
647280153
704362158
702463815
512483706
106753284
604823157
812463705
165420783
472130568
564082731
107643852
251034687
347128605
102836745
452738106
327180654
106583742
186730245
258130746
461372805
215437608
142578306
254160837
602718453
507826431
847021653
712684305
763240158
401263785
614820735
732048615
601753482
714650238
704128365
247130568
405126837
135820746
203564178
407286153
123075486
364270815
714823605
725643801
152643807
234618507
304568712
706284153
348126705
463580721
403572681
357180426
342750681
124658703
462053178
708164532
426815703
203174685
764258103
308724561
478625301
624058371
548067213
416728305
102537486
407368521
358146702
702814356
415638702
103875642
153248706
703614582
674851302
358740162
571832604
