813245076
120853746
130824765
120563487
273104685
123708654
123784650
280743615
243156870
823614750
013425876
024135786
013824765
283164075
234176085
123705486
123786540
423185760
841603275
813706524
120643875
130784265
123805746
836201754
123804765
120843765
174302865
134702685
813204765
130824765
123607485
780123654
135708462
123784065
281403765
780421653
384701652
012748653
123784065
142803765
023174685
283714650
130854726
356102874
083216754
283604175
123806754
830214765
123704685
123804765
123475086
123405876
314728065
123674850
162704538
083214765
123604875
134802765
012843765
123845760
283106754
014235876
813704625
830216754
172863054
132807654
234718065
134602875
830214765
712483650
134602875
130624875
134802765
835216074
054213876
813264075
013824765
152836740
230754816
013625478
834671250
142705638
852701643
283714650
123805746
130624875
134782065
712683054
172304685
231708654
263104875
813504726
016852743
013824765
271834065
841203765
813745062
123845760
236105874
812603475
130824765
073214685
140862753
160832754
263105847
248135760
135842760
214305876
814302765
134862750
230184765
123845760
861203754
123704685
816203745
813724065
014832765
012843765
142603875
023164875
142803765
142805736
083214765
014832765
134856720
123845076
230154786
130724685
345801276
034185726
120453876
123804765
234685170
230147658
813604275
125346870
136802754
813764052
123708654
123845760
254136870
135842076
123705648
023184765
236184075
136804725
123864075
013824765
346107582
813206754
230164875
340158762
013826754
134782065
623184750
123786540
172683045
713205648
813204765
162783054
123806754
023184765
134685720
123758064
015832746
152803746
813204765
128743650
423106875
468102753
120853746
073421685
013824765
812753046
134602875
230184765
083714625
134802765
234106758
260138754
230184765
130826754
013624875
123845760
068423175
813206754
280713465
120643875
084612753
813205746
380175642
123806754
023184765
472103685
123845760
123706584
283105746
123604875
073184625
130854726
123864075
120645837
082613754
160782543
123806754
812463750
123405876
248103765
120845736
142786530
130725486
123607854
034182765
134802765
138726540
072163854
123705648
815762034
342185760
081243765
083264175
123804765
834205716
014862753
140782653
142803765
813704625
712648530
263174085
841263750
283104765
043215876
810734652
364125870
680532174
082413765
630214875
142803765
123705648
420153786
812463075
712403685
123604875
134802765
142673085
812403765
140832765
012853746
180342765
813724065
826401753
154702386
123605847
812603754
240835176
253108764
813672540
812403765
123706584
813724065
012643875
812743650
812456730
023184765
482673015
142863075
145703286
123804765
023185746
234718065
813245076
263104875
013682754
140782653
123805746
861203754
120743685
013624875
123856074
830264175
130864752
134275860
713204685
142803765
120743685
820713564
283156740
120783546
273184065
712403685
024135786
134607852
123856074
276103854
823415760
234108765
142603875
083714625
743105286
123804765
230184765
142635870
230186754
683201754
123704685
063214875
234185076
142803765
123678054
830614275
134785026
813704625
813706524
123475086
468203175
123605847
234708615
246103875
280135764
230784615
482103765
034782615
142803765
120643875
142735680
612803745
123867054
364125087
234185760
340265187
623845170
123704685
283104765
162503874
123458076
234176850
123806754
023156874
120843765
813725046
812743065
283145076
281703564
120753648
123805746
280143765
013728654
124308765
384125760
814702635
348215760
582143076
154702638
182753640
023684175
813264750
134802765
283106754
142803765
013824765
123804765
123784065
364812075
230185746
612835740
013824765
281734560
123806754
123708546
423108765
280163754
245136780
047182365
073218654
140832765
123845760
014832765
083214765
135702486
813207564
182753064
130824765
712403685
263814075
210364857
485716032
023178654
130854726
162803754
023164875
013824765
413205768
834201765
013624875
142863075
810243765
123784650
813205746
123804765
231784065
172403865
012863754
384712065
782103564
034125876
374182065
482105736
314206875
814732065
834261075
720413685
134702685
216853740
230184765
135802746
124308765
861703245
231704685
482103765
813205746
123756048
235146870
025134876
324605817
134672085
123506874
162834750
782615034
123604875
162834750
814302765
130624875
283145076
120748653
162853740
123506874
142835760
812576430
083216754
812743065
083215746
120673854
234185760
230185746
012748653
523807146
812603754
138706524
712683054
812753460
810243765
134708652
324105876
283105746
013824765
482751630
012843765
123805746
283106754
418263075
013824765
012843765
130426857
813245760
123784650
812703645
283674150
270183654
123845760
812603754
472103685
012683574
034125876
130724685
134825760
813764520
123806754
810263754
134802765
310264758
128745360
012863754
023156874
283705416
123804765
810743625
123856074
273156480
813245760
142703685
130854726
120783654
083715642
023145876
082463175
280673154
123456870
083214765
340278615
123845076
234785061
813706524
023184765
142803765
135782460
012743685
345201867
123607854
134862750
283601745
714652038
346271850
142305687
248103765
138704625
135806724
023184765
280743615
123864750
123845760
462103875
123806754
123804765
328106754
140852736
012843765
234185760
086231754
280653147
234105678
812403765
684102753
810743625
364285017
123576840
123845760
281403765
123475086
134605827
123804765
120783654
123864750
281403765
713205648
012843765
128403765
123845760
142703685
130824765
384712650
083612574
134825076
123804765
134782065
023156874
182763045
036218754
813264075
142607853
283104765
160843275
012783654
230684175
142603875
163842075
023184765
863204175
713645820
152403876
240153876
012853746
120843765
023184765
123604875
120638754
813205746
623485710
026475183
120473865
482163075
123674085
130728546
813724650
834201765
230184765
123785046
035146827
463215870
283105746
813706524
360124875
861203754
134702685
230156874
123604875
283145760
120763584
281743065
263817540
152703648
340815276
243156870
162834750
073218654
124735860
283705416
128435760
123856740
012563874
023186754
480213765
482163075
814702356
123807645
123405876
413205876
023784615
283716054
042186753
160832754
123784650
023186754
834721065
123864750
123784065
036287154
123804765
813726540
016423875
123805746
123864750
263157840
124805763
034216758
123758064
263174850
612843075
123864750
142803765
283156074
123845760
218703465
123405876
482163075
283164750
813745620
273104685
130645287
123856740
013624875
472183650
134806752
235186740
130826754
134702685
140862753
170634825
845321760
134705286
023164875
814732650
813702546
023164875
234685017
120783465
234108657
814736052
034125876
123804765
123804765
120743685
028143765
162783054
182745630
612435870
314206875
170853642
140732685
036124875
023186754
236108754
123784065
142783650
345208176
123784650
123675048
045273816
123806754
810743625
123845760
460132875
613782054
130254876
012863754
281763540
810243765
123806754
340215786
142735680
123704685
123856740
123864750
813704625
283145760
034285176
162853740
123804765
283104765
130874625
263107854
173204865
130865472
234185760
813245076
150836724
234168075
023854176
630214875
042135876
713258064
381724650
810735462
162504837
083215746
823405716
863104725
123405876
814325760
250134876
072184653
230164875
012863754
240136875
186704532
152804763
723608154
263145870
123856740
263104875
023185746
230156874
140732685
423185076
028143765
812403765
012743685
013824765
130854726
134702685
046132875
810253746
142835760
813204765
134862075
248735610
810752634
123758640
123678054
810462753
123845760
283104765
813752064
613274850
023684175
013427865
823701645
134205768
812743650
120473865
123678054
234175680
781642530
123508764
013724685
860352174
263104875
142603875
813724065
012853674
012643875
813724065
134805726
123706458
064312875
134702685
123856740
045213786
612403875
812403765
812503746
134862075
123805746
142786053
123845076
831462075
812653740
234105786
120643875
014235687
014873265
841607253
342105786
134672850
234165870
712603845
013825746
123845760
283104765
123708654
230814756
316402875
814732065
280163754
123864750
240137685
134802765
134205876
813265470
023156487
814306752
813702654
178623054
712643085
814732650
814672035
814306752
084235716
234805176
614832075
234156780
130856274
870132654
134806275
813704625
013724685
123405768
364102875
418605237
630214875
234108765
134805726
142863075
813704625
274618035
120753648
123604875
034182765
243801765
234108765
813702546
283714650
340182765
230184765
314276085
123804765
182703654
423105786
123405876
235704186
134602875
023184765
812403765
128653740
830712654
812763054
812403765
013825746
123705648
812734560
263104875
142805736
012846753
142863075
348715062
120853746
013824765
863254710
132608754
142856730
713245680
513784620
124735860
023184765
132745860
012863754
123805746
123856074
460172853
820713564
124375680
812576043
613204875
012643875
163807254
135804762
135402876
712803654
013826754
053124876
283145760
342165870
230184765
120653847
142603875
162803754
536214870
123405687
263104875
812746053
438102765
162803754
136852074
134825760
812456073
162803754
682103754
134806752
283716054
042163875
142863750
123784650
142673085
142803765
134785260
023185746
714682053
834261075
064385217
812743065
134802765
812703645
652173084
130824765
123784065
740312685
123806754
134602875
134805726
134782065
810742653
136702584
016832754
130254687
813705642
123864750
062134875
162734580
813605247
123506874
120843765
812406753
230164875
863274150
283104765
813205746
821673054
236184750
230164875
812635470
123704685
713258064
023176458
023164875
812763054
163784520
230684175
283105746
120843765
123405876
123804765
814735026
120853746
120863754
014832765
123784065
412703865
123407865
841703625
263105847
813204765
123864075
234785610
283104765
812603475
023184765
234165087
123405876
247136850
123745680
283706514
134825760
142803765
134862075
123405876
273104685
135802746
145836720
234168750
240135786
062183754
