142680573
803214765
123864705
107632854
304215867
351842706
802513746
123674805
812743605
126843705
125340876
613840725
234670158
325781406
123784605
472058163
123780654
231470658
123845706
423081675
472013685
123860754
258130746
142683507
162830754
831046752
204138765
872430615
234015867
834017652
872013654
103826754
485270631
834021765
162085743
813726504
342180765
873014652
683240157
781452603
612034785
472083165
503174286
812463705
134078652
273514608
352140768
806723514
103825746
123780465
102843765
253874106
374250681
142835706
812670453
206145837
308217654
174625308
712043856
123856704
284361705
842315706
612083745
126870543
783120654
103528647
814327605
123845706
123840765
701243685
574023618
704532168
803264175
203145768
204168375
607213845
384625107
136074528
134275806
153876204
456137208
602714835
813027456
352014876
812450736
134672805
103826475
803421765
306821754
248673105
708631245
283740615
162784305
102673854
602813745
103624758
134760258
306218754
104723586
134025687
213056478
304821765
123845706
123650847
168273504
423180765
152083746
803612745
152836704
235814706
713628504
812530746
816052743
413625807
642175803
801243765
123584706
283450761
275180643
682417503
408135726
184320675
425638107
123084765
642815703
781230654
236187504
103728654
803174265
263174805
128460753
605143287
801723654
803725461
234650187
324017658
301784625
723648501
723014658
802731654
627841503
412073865
103528476
436180257
782610534
482350176
208153746
125830764
204153876
123845706
103826475
684271503
314026758
612045837
123075648
172035486
813064275
501632874
271483605
103854726
203164875
813674205
402178653
682145703
123470865
123075486
231074685
103485267
834715602
208145736
502673184
134860752
258160734
812630475
103826754
421830765
834061275
812645703
841752603
124380765
813056274
814356702
145736208
813726504
418063275
513026748
803517246
123076584
418235706
136782504
108724653
834250716
345086217
813245706
652130874
102783654
605123784
345061287
102863754
235180746
206873514
435280716
801563274
482160753
807143265
204835176
386012754
135670824
728453106
213684705
345687102
142750638
601732485
123850746
102743685
203184765
624385107
803712465
801432765
123064875
268053174
712043685
302148765
248130765
123657804
136845702
134620875
234065187
523814706
103624875
123784605
583021746
307184265
823410765
802614735
305248761
106873254
103725648
632480175
104736258
354218706
462173805
713064825
613480527
431085276
102643875
204718653
154372806
605831742
804312765
813240765
364017852
734150268
162357804
135082746
236084175
703285146
851634702
134085726
354062187
123864705
208541763
702815643
208561734
613257804
306178542
208167453
802613754
523064817
473025618
284036175
123674805
203184765
245318706
238461705
102743685
374820165
103824765
268013754
283761405
302615847
165872403
814032657
136750824
102783654
124068375
104835726
714062358
248013765
802713564
134085726
304162875
362054187
103874256
253086714
136052874
103824765
104632875
813026754
178023654
712483605
123450876
283710546
103824765
803214765
123084765
135480672
205473186
132748605
813260754
714620835
813520764
631574802
804235716
426053187
425037168
745310286
813072654
145376802
206843715
107623845
136752408
842750136
263810475
206813754
134082765
846250713
283140765
123750486
123056874
346180752
873214605
152730486
832710465
203158764
123045876
148320765
134825706
238146705
841560732
346270851
735210648
463085127
821673504
413578206
235480761
482013765
186032745
283140765
123057684
302617854
123864705
162078543
142560873
712853604
834610275
142065837
341865207
482135706
162834705
603825147
402815376
712653408
425381706
104832765
102834675
124783506
135026874
102863754
204138765
342170685
123780654
145083726
138724605
243165708
812645703
813064275
813752604
134250876
614028375
283714605
801673254
138726504
812063475
281073645
102863475
105642873
135420876
341086752
128743605
482160753
482150736
438162705
821073654
846710532
801723546
814035726
142758603
364270158
802435176
134075628
134782605
143570862
713028654
152043876
851243706
782135604
783014625
803714625
206143875
516470823
123084765
123784605
103825746
348021765
283075416
243781605
534186702
138064752
512064837
142350876
834261705
813674205
423180765
103847265
384056172
724036518
138052764
723480165
641023875
134782605
145836702
623084175
603718254
123056874
102453768
465123807
345081276
861452703
712053486
286014753
702853641
582173604
204735168
384027165
123758604
203687541
813740625
825340716
302154768
813724605
134782605
123780654
108346752
304186752
508273416
126054873
204735168
102863475
254018736
482163705
182750643
742085316
374012685
581032746
103425768
235160847
384156702
123845706
624130587
152736408
402875613
103624875
403821756
602417853
201483765
701582463
713084265
213850764
301684752
103824765
304182765
203174856
105732486
841723605
106532874
138752604
124685307
602183754
314280657
513627804
803216754
652173804
821073654
142065783
806234715
253874106
123684507
103825746
432017865
835021746
106835742
738560124
365021874
803164725
435180276
723180645
812063754
238170654
204813765
704682315
203468175
641820753
102673854
284035716
123850746
364850217
123475806
123854607
284310765
421086753
201853764
812056473
145820763
813056274
123560874
526340187
123740685
162530874
263150847
106853724
408213765
653810247
103726458
123087645
273014685
246157803
812756304
603245187
723180645
263017854
206738514
604312875
625410837
127643805
147062583
123740685
713480625
283047165
716034285
847035126
105832746
281630754
384072615
253147806
123045876
123856704
321876504
812753406
673124805
123074685
342180765
416035872
123840765
124368705
831425706
482130765
806743215
136820754
623084175
863714205
236180754
123046785
508321746
812460753
503827614
123864705
273610548
802613754
425136807
814536207
462013875
513276804
123084765
142630875
142730685
123845706
234150867
154830762
302145786
813245706
412850763
263145807
273614805
614085237
123640875
305261874
485216703
123640875
136052874
208531746
123640875
421860753
123085746
142783605
142860753
287061435
287150643
572614803
124780563
803215746
123085746
135062478
624815307
403128765
812456703
673124805
145023876
283150746
214037865
426153807
628470153
807631254
283014765
123786504
374180652
512863704
138024657
123067854
813240765
378654102
283014765
238670514
241085763
834025671
823740516
702613845
432170865
123064875
103854726
423168705
135860724
153826407
812463705
403182756
283014765
471852603
257014836
503276184
137860542
283714605
308624175
482075316
103874625
142785306
248063175
347680215
813024765
283165407
342086715
283016754
103825746
123784605
846732105
813720654
283674105
123680574
106834725
142735608
802415736
142830765
436125807
362154807
841260753
781623504
342176805
602713485
342160875
142735608
152830746
268053174
248130765
123680574
243810765
368214705
801723465
472035816
142083765
804162735
134025876
142583706
138075642
142083765
164230875
426018753
813245706
243157608
142863705
178452603
402173685
348210765
123864705
163874205
123085746
803516274
835671402
834750126
273180654
137840652
506832174
135867204
123784605
172843605
146783502
815364702
234150867
235486107
812630475
452810736
783124605
104632875
146782305
813250746
803415762
204136875
328140765
405386172
123750648
123674805
142863705
234170685
204815736
134062875
146032758
235486107
142863705
713286504
812645703
123786504
863074215
136024587
273650841
514370826
142083765
135420876
134862705
253164807
123860754
134750628
815043726
402183765
802673514
283140765
134065827
263540817
162853704
203185746
263781504
513026748
136045287
306157284
324810765
123845706
103825746
812763504
105824736
801452736
704231685
342180765
208753641
158673204
103245786
364518702
384712605
503246178
374180265
142587603
802715346
206431875
815740632
462013587
123748506
204138765
283740615
723845601
182634507
162853704
183624705
485160732
502831746
216043857
123574608
385047216
104283765
123057684
813074625
314760285
102863754
832450761
612083745
168720534
761283504
103825746
103624875
102853746
304182765
402176583
812673405
364120875
215043876
263017854
106384275
502136748
623145708
124056378
613057284
203186754
436120758
103728546
813256704
472013685
381452706
804713526
315026784
708451632
604271853
805132764
208137654
601523874
302478165
104328765
163045827
816324705
246835701
283560174
781634502
234680175
123870645
103824765
238015647
784012635
153740286
304182765
641082753
134862705
412053876
234160875
802613754
586012743
102748653
103824765
123845706
182043675
813026754
781260534
174023685
613045728
123784605
102753648
108345726
148032765
813045762
823041765
203176584
103874625
352718406
704152368
128036574
712435608
604813752
147382605
561023874
801743625
123045768
164230587
103724685
364025187
107632854
203567184
123485607
248130765
134072685
348157602
256870143
281463705
105823764
123784605
482156703
718032465
137864205
813025746
234851706
403258176
503214867
813740625
813672504
263145807
247860153
123064875
713085462
408162753
367012548
284731605
103425687
203165847
207413586
813720654
153240876
263150847
137024856
812745306
142083765
403216857
812570643
713520684
345017286
136720584
123058764
856437201
345812706
712435608
135026874
134072685
362158704
814032765
421835706
274038651
142670853
862541703
613287405
103624875
472630815
302178645
234075816
135027684
403215876
682071543
123850746
701682543
714825306
854320716
462013875
813724605
421073685
102865743
243015876
853214706
836240715
123860547
813250746
123560874
278145306
714680532
546380271
105437628
706312584
283714605
572830614
402183765
134062875
401832675
123045687
812650743
472183605
123640875
304182765
281463705
812043765
813742506
813024765
234187605
873214605
123670548
701432685
704325168
863027154
142750638
203186754
623058174
481032765
135864702
162480753
403128765
103724685
168735402
703685412
134620875
153240876
612074835
861034752
103826754
162853704
503826417
123784605
142673805
108253647
134072685
761283504
347810652
134758602
