160782354
813507246
012673854
350246187
134756028
361582047
123678054
810723654
134702685
612873054
834206175
134782065
130674852
120743685
364102875
234875160
823601754
174805236
123845760
723561084
230184765
248713065
268153740
864721053
023854761
137628054
125804736
825401736
074315628
123804765
140732685
425367180
247613085
086251743
082415736
012643587
682741530
142673085
043275186
814236075
263104875
461753280
728153064
230486157
810635274
123784650
253176840
023165847
813724065
134862075
130425876
081432765
682503174
823461075
524108763
013824765
280143765
163804752
281743065
271643085
120843765
140852736
013826754
714385260
135467820
712503648
062148753
012873645
623845170
123504867
650431287
482163750
013246758
152843076
386152074
720618543
360871524
120453876
364702185
083514726
134807256
012863754
012743685
812604735
083715426
123784065
123806754
841203765
138602574
810253746
120843765
613205784
014835726
038215764
813706524
813726054
542103876
023184765
813764052
835701426
851243760
142603875
713205486
130824765
014836275
123567048
083516274
618253740
814305726
816324075
815204736
085316724
312785046
720148635
134785026
230174685
286703154
013845762
135602847
128653074
140782365
123674850
532804761
014835726
280143576
023145876
341865270
134825076
420318576
810342756
120764538
163805724
048356127
156804732
023176845
382175460
820713645
154862370
142653780
123704685
236145780
712408653
130685742
123745680
123405876
312605847
613804725
835102764
123864750
432805716
480132765
123864750
812705634
125704386
483105276
743628150
162835470
120864735
630128754
645321870
136824750
134602875
123864750
830264175
381724065
023185746
123805746
072813654
065234187
263581470
130254876
380526174
364102875
173502864
812607534
263105847
126853047
123786540
423701658
152603847
812673450
162783540
143206875
083615724
041583276
245106738
380124765
812435760
647203185
142806753
710632845
381724065
813406257
751803624
415302876
683214075
240753186
035182746
015738246
126307584
186502473
014687532
634107825
072184653
813724065
013725648
134705862
012783546
012863547
724135068
134802765
134862075
163208754
136802754
034185726
126843750
823401765
143802756
142803765
823401765
257104836
240731658
810263754
162805743
152806734
254106837
134806752
810573246
014832765
152703486
234105786
360154827
230185746
235704618
150832746
180725346
162783054
162834075
023184765
712803546
014753682
146502837
018632574
142703685
035176284
813564270
710586432
012867453
023781654
712803654
078423615
140632875
142806753
613802547
283714650
813205746
120863754
120768543
720413685
283104765
684102753
123564870
813624570
253107846
083617254
042613785
142673085
428305671
840315726
712534860
435271860
673105842
342185760
420163875
173852064
342165870
123804765
241803675
120673854
385712460
613807524
134802765
413508276
016234875
142605837
125803764
723601584
316802574
314728065
234678150
781502463
123864750
012345768
420851736
041382765
241368075
634271085
123506874
832714065
135802746
814502673
810642735
812405736
083264751
250136784
142708653
283156740
163207458
015732486
123805746
130875426
134782650
182703654
246813075
436125870
421783065
682713054
154783620
316728054
482106753
710283465
623174580
680532174
142576083
123804765
120853746
234865710
324801765
271643850
136572084
150834762
123674850
142803765
680253741
026473158
425813076
628713450
283107564
018623754
051823746
136852740
263105847
723604185
074162853
028745316
123608574
012643875
013756824
140836752
035481726
260143758
234678015
152836740
840236751
083715426
834205716
142607853
324105687
130854267
034782615
172503684
012643875
283164075
821706534
123674085
810473265
243178650
145806732
872613054
781603245
240836715
083712654
086421753
236718054
023145876
023174685
154703826
074213865
142856073
130824765
234165087
123604875
460213875
610324875
510843627
013824765
130826754
612435087
874612053
054623187
138546720
162708543
283104765
520173486
135826740
134625870
072165438
037186254
084271635
123805746
324175086
871642035
240813765
830245176
031874652
013852764
341875062
823415076
071845362
134785026
230186754
845203716
014328765
028745316
280563174
812765043
015273864
013876524
130254768
086315274
281753046
610273854
427106853
312674850
246103875
028143765
078321564
013825746
714325680
423718650
813264750
035248176
012845736
784302651
724685130
861704532
123506487
130845762
813702654
713402865
326174085
023168574
810324765
123708465
032145678
842503761
812435076
376105824
052183746
123607854
810734652
487263015
641375082
836201754
123864075
823607451
081263754
143286057
723451860
028743615
236754180
072684135
132807465
813724065
834207615
136708542
710283654
230784615
712683540
134672850
162803754
035217648
248135076
140782365
623105874
810723465
813764052
234715860
836214750
135708246
142803765
134672850
284735016
134672085
013824765
840735612
140852736
152804763
360182754
713284650
025134876
845301726
840235716
526104837
140632875
368501274
813256740
238601475
813245076
620713485
723164085
142657830
612847530
152864730
483207615
023184765
152703486
268713540
123706584
845236710
230758614
350147862
034265871
012863754
312456087
163784052
025186743
234105678
253108764
613204875
150324768
812743065
137806254
138264750
346105287
013724685
138724650
730185642
384162075
324105876
014837625
248103765
364257180
035186247
183704652
142673085
012473865
135802746
142863750
671452083
430258176
084712635
083275416
340215786
130865724
721304685
123804765
024138765
630178524
234765180
354106872
536802741
813724065
173265048
235748061
123674850
172543860
430215768
153806274
573206184
142305687
135402876
843526071
134806752
037185462
173206548
483201765
845103276
281435076
146782035
034182765
120843765
248103765
813264750
034815276
130624875
813745620
150843726
128674053
230176845
136204587
153724680
836205741
213804675
053174286
634821075
134768250
154372086
340162875
451863027
841723065
123856074
384125076
374152086
162734580
816403275
235174860
216703584
036182754
345208761
083415276
810723654
673814025
153246870
841723065
142805736
610243875
120458736
263807514
148503762
134702685
240168753
834715620
612308754
034268175
034285176
834256710
016823574
835701426
823715640
173825460
152438760
042168573
382461750
084631275
762413085
123605847
124735086
126804753
243705186
012673854
812763540
520367184
160234875
851723460
123604875
123705648
032874615
023158764
234516870
423708615
083714625
734815260
016542837
123784065
462851730
134275086
435126780
240136758
130745268
021754386
365102847
861723054
471263085
163804752
536271840
245603187
023156874
283704615
123708654
012364875
283745610
253874016
037614285
240138765
123704685
264107358
064183725
138264075
853204167
123705486
635108724
867502431
123785460
123645870
640218375
258403176
713806254
142863750
514836072
684312750
021873465
823107546
024185763
276183450
258604173
136274085
781563024
283145076
134702685
813705426
142783065
123864075
134702685
124836750
064713825
238641057
123764058
423718065
230174685
384712065
812403765
810652743
834276150
234706851
035146827
123708654
374108652
140836752
120643875
612753084
120463857
834615270
013624875
713284650
762103854
073245168
142603875
023156874
140328765
812475630
340821765
283164075
273104685
026834175
168732540
123645870
835176024
345268710
841703625
340275681
723604185
526134870
016832754
410386752
135842076
812703564
234107856
374168025
283104765
045861273
052136487
078514632
423185760
130865724
134782065
452786013
234185076
835724061
123856740
147203865
243861750
028143765
042135876
214807635
180732654
812635470
813264750
082534167
810324765
136572840
415832760
746325180
813204765
374102685
815234760
814706532
810632475
142786053
831542076
374805261
023674815
230168574
123475860
427631085
345102876
014836752
427683015
120573846
860231754
023814675
718632054
248103765
134805726
254167830
042183765
386102754
023184765
142863750
812405736
320847165
163582740
042175386
812657430
135846027
841263075
651872043
460231857
234106875
071283465
613704285
283705641
384672150
251386740
140285736
421783065
618724035
732601548
810743625
283104765
160852743
134725680
742503816
083214765
340167852
482163750
810263754
820614735
120563874
860721435
256803417
124307685
751803246
610253847
134806275
713284650
280143765
273184650
480273615
142863075
120863754
248156073
245713086
084235716
036152874
816345072
052173648
812406753
813702654
812743065
063812547
230164758
027153648
613824750
051246738
652173084
413702685
460182735
123804765
281403765
123604875
120643875
042186753
342805176
283715046
614807532
123608574
142835760
062185743
521738064
035812476
230685147
485702136
160532874
123856740
013526874
834725016
243815760
082471653
123784650
085463271
073284165
034218765
152804763
713245680
851206734
613245870
037152846
674103852
783614025
851236740
123805746
014765382
248135076
142803765
024781635
273184065
740135682
013824765
435106287
025184736
473102865
813206754
783205146
513207846
230145768
123804765
438602175
123804765
123704685
143785620
832501764
012783654
142305687
480213765
846135072
283106547
085312746
735418260
283164750
135802746
840253176
035716824
763184250
138702654
123806754
613824075
813674025
713204685
234108765
013756248
256104738
023164875
134802765
135842076
548203176
134806752
813245760
145386270
510834726
283156740
235718046
713425086
342156780
850732461
152843076
134702685
752164830
435207186
123508764
120643875
815307642
164273085
813724065
174683052
423185760
465208317
731602584
734801265
136824750
823617054
123704685
730465812
120843765
230684175
782104653
174853620
230841576
821473065
723645180
253106874
134805267
028346157
283605147
081263754
162753480
218753640
142803765
023145876
234708615
142603875
153806427
134785260
012735468
268134750
146803752
136802754
850143762
830741652
834201765
027863154
136824750
345128760
135467082
713204685
016842735
412368075
168352740
071623548
263801754
381742560
135842076
384602175
283105746
734802615
045167328
182605473
123804765
570218463
714235086
