613475802
203816574
123786504
384016752
826130754
105432876
435180276
823450167
702416358
162045738
425130768
718530624
243670851
415032876
537028641
106852743
821043756
157682304
348026175
421086753
146032875
486750213
704281653
713046528
427065138
405386217
146528307
206314875
135270468
486130752
278415603
631820745
376450128
803215746
803216754
142086753
713425806
283710546
204173865
753026148
285470136
384160527
283150746
845213706
381074256
716035482
784653201
617420835
564120837
612035874
135782406
781032564
203861547
248067531
852170634
132470685
312064875
182465703
807613524
672138405
735621408
304218765
408271653
328150746
801324765
671430825
308264715
834721605
125780643
783516204
412750368
173854206
381657204
123076584
382461705
835642701
813065724
206743185
123784605
871640523
812053746
482170356
605718432
104836752
426053187
162830754
612470853
243715608
325861407
782530146
308172654
241085763
217465308
683514207
107634258
813075426
602531874
602513847
452678103
502164873
756034218
613024875
134782605
253176804
172048563
126453708
263587104
813264705
601425873
542017863
523086174
582043617
184630275
706428531
381260754
812650743
508143726
205683174
134076582
302481576
352170648
253016874
706358124
706185432
724035168
356782104
413870625
834075126
814250763
608251473
275043186
534160827
306845271
172548603
512830764
234087165
107583624
801732645
478163205
841025736
364052178
486210753
812746503
412087653
521076384
513264807
234165807
163084752
356018472
453078621
731584602
305218746
175246803
813054726
142035687
715680423
504836172
806542173
314025867
507814326
813547206
123640587
236017584
423085761
104762583
483721605
142083765
867520431
345067218
861230547
485032167
813024765
135768402
372056418
704382165
152760438
403728615
341750862
176034825
128740653
608437125
542013876
712053864
635071482
384162705
134758602
403781625
361085742
804231765
613250847
873051426
134860752
713240685
864075132
256083417
245083761
623145708
154780623
813024765
635412807
108436725
138650247
532067148
163074825
853261704
861420753
402861375
145673208
682130754
205648173
814032765
802413765
402163875
843125706
802743165
748360251
732610854
201875364
134856702
368120574
813064752
382046751
476023185
106328754
204375861
247513608
783240165
384150726
813045627
601827534
627014835
107853642
103286457
142673805
203456178
605132748
104735628
823710564
264315807
602185743
801462753
403126875
401238765
526013487
301842765
203176584
234076185
527431806
714025368
123084765
184720653
701436825
716230485
835410276
712038645
236870541
813640275
623154807
786450123
643725108
152730486
783621405
376250184
405162873
612370458
846123705
813064275
435820617
842753601
856014372
815032674
345278106
134065827
124870365
103624587
812546307
401867325
873065421
724350681
853026174
504321768
154780236
563140782
103842675
834021765
834210576
783621405
103857624
813026754
702315684
302185764
104836752
208315746
283076451
862730154
612380475
851042736
308124765
574328106
723560184
123560748
137068524
613084725
284160573
604813752
458213706
327540861
153074628
716324508
521470386
813576204
612340785
813265407
273460518
305821746
607821435
162783504
268053174
674013285
263174805
423017856
682043715
123078465
801745632
235046187
462170385
284076315
253014867
678024531
103826754
234168705
706483215
584031726
152740683
684125307
403685217
385246701
153270864
413275806
683517402
182756403
784031625
801374625
785460213
803421765
354210876
125086743
813760524
803526147
413625807
864710235
203768154
152074683
826135407
134820657
763042185
308246175
841675302
503618742
423850761
145073628
813240765
134072685
718034562
714863502
724350681
635410728
102865743
541076832
862071534
167524803
764850231
234185706
701628453
327648105
802314675
853246701
813045762
836045271
123056874
834215706
206345187
871320654
816032475
637415802
186372504
582413607
617250834
312560748
134678502
482160753
546730281
435287106
851430276
103826754
538027614
123460857
801235476
135820746
852730614
103842756
567123804
451267803
542613807
482160753
845327601
507238641
705382461
513640287
208741653
236170458
674321805
273180654
203684751
163072854
834275601
342158607
402653187
248630517
472185306
534017862
867413205
624851703
803715426
783560214
705143682
356278104
603184752
386054127
842650317
814625307
342081675
806123475
385014276
714582306
281045367
123850746
821640375
357084612
842763105
127640385
435287106
315024876
723856401
134780652
345870126
602147835
203856147
603784125
562073814
213874605
468013725
243018675
412065873
712053864
302657418
274356108
581032746
405386172
261037845
583076124
261750384
204356187
105872436
684310275
784021536
201657384
201783645
841370265
247613805
601843725
263745108
107832456
708135246
813724605
142537806
703821654
723814605
645387201
217384605
813750642
134825706
234610578
512730846
281650374
238715604
428057163
618250743
821076534
174056823
705412683
173640852
281754603
514036287
704821356
652143708
134025768
812045736
184023765
263570184
103245867
142830765
354168702
428560137
518234607
173826504
728610354
238750614
163087254
264780135
475083126
146735802
602513478
724831605
104853762
304187625
702513486
651820473
821340765
205683174
507361428
708641253
708253146
258430761
123075648
712584603
251638704
832640175
136820754
613754802
613240875
361875204
716032584
813256704
305218746
721036584
238140675
306274581
641250783
312580764
624780531
142750386
853014276
135640872
502813647
548623107
103826754
613250847
825710463
712583406
378624501
713860254
523018746
273158604
426035178
204738561
258761403
345827106
843216705
208654173
425786301
302816754
704283156
621083754
813024765
123640758
326481705
601548372
614083275
465032178
108537462
374251608
238540176
207356814
802463175
812430765
486013275
408761325
105862734
283054716
781034652
371024685
236057148
326847105
623148507
843120765
635240187
142085736
814732605
124085763
103685274
304178265
182530764
804763251
712430685
236870154
285013647
513268704
342650187
465371802
346028715
735810624
238154706
654280173
803214765
603421875
517840326
324081765
837041652
813024576
213748605
263470158
203165784
674310825
801253746
701543628
123046785
213540876
623184705
134068572
182630574
516043872
813250746
724018536
142035687
284735106
708312546
813645207
273158604
107635842
214630875
183270465
618034752
532160874
506124837
354280167
374125608
201683754
601324875
647083152
203674815
607132458
812743605
204831675
604285137
683140275
861075234
812674503
123657804
824013765
503146872
407231658
812653704
183265704
651834207
134862705
805364172
687510324
365214807
561037824
154720638
416083257
425037681
183462705
712360548
703124658
834167205
753048126
253740168
203176458
285041376
364810752
738260145
401872365
701534682
314057862
751620483
401582673
623047518
571023846
263148705
108765324
407586132
302467851
712645308
735082641
714865203
273184605
278514306
173026485
643210785
203856714
203468175
104786523
142760835
841062735
624031857
241086735
104873265
365028147
382650741
582140637
542067318
137046852
465012873
731428506
235718406
604713825
402635817
532647108
206453718
204187653
705614328
172053846
305248761
785630142
408731265
486312507
164073852
204638175
246073185
314250867
203817546
283057146
102846753
104637852
362841705
254013768
824630175
284135607
801745263
823054176
104732856
157820634
135627804
315728406
814356702
158720364
204168375
813065247
142650837
831425706
263784105
354028716
726350184
742058136
841235706
243715608
207453168
802167435
483025716
457630128
715028643
134052867
801624753
423576108
124738605
287613504
483526107
314062857
736018452
203875146
651827304
807514362
516032874
613780254
603287451
324076815
145067283
124053687
283140657
105842637
501478326
107243865
713084526
682073451
701482653
261374508
142683507
731256804
382174605
234615708
801246753
785023416
243780651
268037415
502317864
671023485
812750634
308612754
834210765
163540872
608152743
256134708
236580174
132048765
681542703
203164875
283576104
186470523
813024765
153760482
713845206
582716304
213564708
602317458
283160475
248761305
817230546
173862405
625084137
123840765
208167453
721048563
643027158
813062745
248160753
204158736
784612305
314685207
138520476
346820751
258046371
728164503
132540768
413785206
805741623
608132754
803714625
817053642
472136805
461073825
204751368
182365407
108573426
713028654
123750864
873056412
841730625
245380167
365481702
308417625
217380465
608253741
208153746
423168705
714320568
405312876
281056347
142536708
304521867
386710542
216035847
135726408
304712865
713642508
623714805
581340276
824056317
162087453
147620358
128560734
704213865
841723605
281063754
143027685
617450823
714382605
543620187
413870625
403765218
263150847
745380612
154073682
872640153
814736502
123540786
253170846
354260178
203746815
218736504
237640185
352017864
347268105
781052463
425071836
712054836
234180765
184065723
327048156
103725486
326180745
645013728
104632875
405382716
802463517
234175608
841670253
412386507
371062854
813724605
478053162
703682514
718345602
712683504
862743501
153680724
384012657
285630417
164075238
243516708
813450276
723064185
748523106
124035786
813725406
712643805
783014625
203147586
602758143
642381507
873160254
148032765
402513876
301764285
508612374
356841702
201563784
134652708
125048376
142063875
132765408
312068574
603524718
374215806
802743516
871042563
241085637
127038456
425037168
761053824
826351407
236180754
803256174
764015832
731024658
134820765
207584136
126470853
782031465
753016284
251780364
203154867
635847201
732514608
812037546
364812705
835741602
132658704
247180365
342168705
637180254
805437126
172583604
253064718
503174862
734521608
301784625
702314865
324815706
507361842
216340875
103754862
268013754
835610247
203178654
203657814
163045827
203846175
104736825
712648503
704532681
328056741
826150743
348576201
164028735
134827605
651034278
205746318
465310287
273018654
453120876
256430187
104275863
185630472
723450186
283164705
236018754
407658132
762830451
