testcase:1
123084765
123864705
123084765
123084765
123084765
123864705
123840765
123084765
123084765
123840765
123084765
123840765
103824765
123864705
123084765
103824765
123864705
103824765
123084765
103824765
103824765
123864705
123864705
123864705
103824765
123084765
103824765
123084765
103824765
123864705
123084765
103824765
103824765
103824765
123864705
123084765
123840765
103824765
123840765
123864705
123840765
103824765
123864705
103824765
123864705
103824765
103824765
123084765
103824765
123864705
123840765
123864705
123840765
123864705
103824765
123840765
123084765
123840765
123864705
123084765
103824765
103824765
123084765
123864705
123864705
123840765
123084765
123840765
103824765
103824765
103824765
123840765
103824765
123864705
123840765
103824765
103824765
103824765
123840765
123840765
123084765
123840765
123084765
123840765
123840765
123084765
123864705
123840765
123084765
103824765
123084765
123840765
123840765
123864705
123840765
103824765
123864705
103824765
103824765
103824765
103824765
123084765
103824765
123864705
123864705
123840765
123084765
103824765
123084765
103824765
103824765
123084765
123864705
123840765
123084765
123840765
123084765
123864705
103824765
123084765
123864705
123084765
123864705
123840765
123840765
123840765
123864705
123840765
123864705
123084765
123084765
123864705
103824765
123864705
123864705
103824765
123084765
123864705
103824765
123864705
123084765
123084765
103824765
123864705
103824765
103824765
123840765
123084765
123840765
123864705
103824765
123084765
123084765
103824765
123864705
123840765
103824765
123840765
103824765
123084765
123840765
123864705
103824765
123864705
123084765
123840765
103824765
123840765
103824765
103824765
123864705
123084765
123084765
123840765
123840765
103824765
103824765
123864705
123084765
123840765
123840765
123864705
103824765
123864705
123084765
123084765
123084765
103824765
123840765
123840765
123084765
123840765
123840765
123084765
123864705
123864705
123084765
103824765
123084765
123084765
testcase:2
103824765
103824765
103824765
123840765
123840765
123840765
123840765
103824765
123840765
103824765
123084765
103824765
123864705
103824765
123084765
123084765
123864705
123084765
123840765
123840765
123084765
123084765
123864705
123840765
103824765
123864705
123864705
123084765
123084765
103824765
103824765
103824765
103824765
103824765
123084765
123864705
123864705
123840765
123084765
103824765
123084765
123840765
123084765
123840765
103824765
123840765
123084765
123840765
103824765
123084765
123864705
123840765
123864705
123864705
123840765
123840765
103824765
103824765
123864705
123084765
123840765
123840765
123840765
123084765
123864705
123864705
103824765
123840765
103824765
123840765
123864705
103824765
123840765
103824765
123840765
123864705
123840765
123864705
103824765
123840765
103824765
103824765
123840765
123840765
123864705
103824765
123864705
123864705
123864705
123840765
123840765
123840765
123864705
123864705
103824765
123084765
103824765
123840765
123084765
123864705
123864705
103824765
123840765
123084765
123864705
123840765
123840765
123084765
123084765
123864705
103824765
123084765
123864705
103824765
103824765
123084765
103824765
123084765
123864705
103824765
123864705
123864705
123084765
103824765
123864705
123840765
123840765
123840765
123840765
103824765
123864705
123864705
123840765
123864705
123084765
123864705
123840765
123864705
123840765
123840765
123840765
123084765
123864705
103824765
103824765
123864705
123840765
123864705
123840765
123864705
103824765
123084765
123840765
123084765
123840765
103824765
103824765
103824765
123084765
103824765
123864705
123864705
123864705
123084765
123084765
123084765
103824765
103824765
123864705
123084765
103824765
123840765
123840765
123840765
103824765
123084765
103824765
123864705
123084765
123084765
123840765
123084765
123084765
123864705
123864705
123084765
123840765
123840765
123864705
123084765
123084765
123864705
123840765
123084765
123864705
123840765
123084765
123084765
103824765
103824765
testcase:3
130824765
123845760
123804765
123845760
123784065
123804765
123784065
123784065
023184765
120843765
123804765
023184765
123804765
123804765
123804765
123864075
123864750
123804765
120843765
123864750
123804765
123804765
013824765
123864750
123864750
120843765
120843765
123804765
123864750
023184765
120843765
130824765
123804765
123804765
120843765
123784065
123784065
123804765
123864075
123864750
123864075
123845760
123804765
123804765
120843765
023184765
123804765
123804765
123864750
130824765
120843765
023184765
013824765
123864750
123845760
123804765
123804765
130824765
123784065
123864750
123804765
123784065
123804765
023184765
123864750
123864075
123864750
130824765
120843765
123804765
123804765
123804765
123804765
120843765
123784065
123845760
023184765
123784065
123804765
123804765
123804765
123804765
123864750
013824765
023184765
123864075
123804765
023184765
123804765
120843765
123804765
123804765
123804765
130824765
123864075
013824765
123864750
130824765
123864075
123804765
013824765
123804765
123864750
123804765
123804765
123804765
120843765
123845760
123804765
123804765
123804765
120843765
123804765
023184765
120843765
123804765
123804765
123804765
123845760
123804765
013824765
123845760
013824765
123784065
123804765
123864750
123804765
023184765
013824765
130824765
123864075
123804765
123804765
130824765
123845760
123804765
123784065
123864750
123864075
023184765
123804765
123804765
123804765
130824765
023184765
123804765
123804765
013824765
123804765
123864750
120843765
013824765
123804765
123804765
013824765
130824765
123845760
120843765
123804765
123804765
130824765
123864750
123804765
130824765
123784065
123864750
123784065
123804765
013824765
123804765
123804765
123864750
013824765
123784065
013824765
123864750
123804765
123804765
123804765
123804765
013824765
130824765
123864750
023184765
023184765
123864075
123864075
123804765
123864750
123804765
123784065
123864075
120843765
123804765
123864075
123864075
130824765
120843765
123784065
123784065
testcase:4
102843765
103824765
123864705
123840765
123840765
123084765
103824765
103824765
123784605
102843765
123864705
123864705
123840765
123784605
134820765
123084765
123084765
123864705
123084765
123864705
123840765
123840765
103824765
123084765
103824765
123840765
123860754
123864705
134820765
123840765
123084765
123784605
123840765
123845706
123840765
813024765
123084765
123860754
203184765
123084765
123084765
134820765
123784605
123084765
123864705
123064875
123064875
813024765
203184765
123784605
134820765
123064875
102843765
103824765
123084765
123840765
123840765
123084765
103824765
103824765
123864705
123864705
134820765
123084765
123784605
123084765
123784605
123064875
123864705
123064875
103824765
123084765
123064875
123840765
134820765
123864705
103824765
123860754
123840765
123864705
123840765
103824765
123084765
103824765
103824765
123864705
103824765
813024765
123064875
123084765
123840765
813024765
123084765
123084765
103824765
123084765
123864705
123860754
123864705
123084765
103824765
123864705
123840765
123084765
134820765
103824765
123084765
123840765
103824765
123084765
134820765
103824765
103824765
203184765
123864705
813024765
123084765
103824765
123064875
123864705
103824765
123840765
123084765
123840765
123784605
102843765
102843765
123864705
203184765
123084765
103824765
103824765
103824765
123864705
123864705
123084765
123084765
813024765
123840765
123864705
103824765
123840765
103824765
103824765
123864705
203184765
123840765
102843765
813024765
134820765
123084765
103824765
123860754
103824765
134820765
123840765
123064875
123840765
123864705
123864705
123084765
813024765
103824765
103824765
123845706
103824765
123864705
134820765
123864705
123864705
103824765
123784605
123840765
134820765
203184765
103824765
103824765
123840765
123840765
123864705
123864705
102843765
123084765
123840765
134820765
123864705
123845706
123840765
123084765
123860754
123864705
102843765
123864705
123864705
102843765
134820765
123840765
123864705
123840765
123784605
testcase:5
123864075
130824765
123704685
123845760
120843765
013824765
013824765
123864075
123804765
123804765
123805746
813724065
123864750
123804765
123804765
123864750
013824765
283104765
123804765
123806754
134802765
123845760
123804765
123804765
123704685
130824765
023184765
230184765
123864075
123784650
123845760
123845076
123805746
123804765
123805746
123845076
013824765
120843765
123804765
123864750
120863754
123784650
142803765
130824765
123804765
123864075
130824765
123804765
123804765
130824765
123845760
123804765
134825760
123845076
123804765
123804765
123804765
023184765
123804765
134802765
123804765
134802765
123784650
130824765
023184765
123784065
123784065
120863754
123804765
230184765
120843765
123704685
123845760
123845760
123804765
120843765
120843765
023164875
230184765
123704685
123845760
120843765
123804765
120843765
123804765
013824765
120843765
123804765
123804765
123804765
130824765
123704685
123845760
123804765
123864075
123804765
123784065
023184765
123784650
123806754
123864750
813204765
123804765
013824765
123864075
013824765
123805746
123845760
120843765
123804765
130824765
123804765
134825760
123845076
123784065
123864075
123864750
123864750
023164875
023184765
123804765
123864075
123804765
123805746
123784065
023184765
123804765
012843765
120843765
123864075
123804765
123864075
120843765
283104765
013824765
123804765
123804765
123804765
013824765
023184765
123806754
130824765
123864750
123804765
130824765
123864075
123864075
013824765
123864075
120843765
130824765
120843765
123864075
130824765
023184765
123864750
123845760
023184765
120843765
123804765
123864750
123804765
120863754
123864750
123845760
123804765
283104765
283104765
813724065
123784065
123804765
120843765
123804765
123804765
813204765
123804765
013824765
123845760
123804765
123845760
123845760
013824765
123804765
134802765
230184765
123804765
130824765
813724065
123704685
123845760
120843765
123784650
123845760
123845760
123845760
130824765
123864750
120843765
130824765
123864750
testcase:6
134082765
123064875
123064875
104832765
134082765
123864705
123840765
123840765
103824765
123864705
203184765
123084765
123860754
123084765
103824765
123840765
123864705
123064875
123045876
123740685
123045876
123864705
123064875
123864705
123084765
123864705
123064875
283140765
123864705
203164875
134820765
123840765
142083765
123064875
123084765
123840765
813024765
103824765
123084765
134820765
123084765
203184765
102863754
123064875
123840765
123840765
123845706
123840765
123084765
102843765
813024765
134820765
123840765
123864705
103824765
103826754
123864705
123840765
103824765
123845706
123864705
103826754
134862705
123064875
103824765
123084765
123840765
123864705
283140765
123864705
123864705
123784605
102843765
123845706
123840765
123840765
123845706
123864705
123064875
123084765
203184765
123784605
123864705
123864705
123864705
134820765
123864705
813024765
123840765
203184765
134820765
123084765
123084765
123864705
103824765
123864705
123840765
123840765
123864705
123084765
123840765
102843765
123840765
103724685
103824765
102843765
103824765
203184765
103824765
123084765
123840765
123864705
123840765
134820765
123840765
142083765
123084765
123674805
123840765
123840765
123084765
103824765
123084765
123784605
103624875
134820765
203184765
123840765
123845706
203184765
813024765
123864705
123084765
103824765
123840765
123845706
803214765
103824765
123064875
123084765
123084765
123864705
123845706
123864705
103824765
123640875
123674805
123845706
283014765
123840765
123064875
123864705
123864705
123860754
142083765
103824765
123845706
123084765
123064875
103824765
142830765
123084765
103824765
203184765
123845706
123784605
123784605
813024765
102843765
134825706
102843765
123084765
123840765
813024765
103824765
123780654
123086754
123864705
103824765
103824765
123860754
123864705
123064875
123086754
123084765
123864705
123845706
123064875
103825746
103824765
102843765
123840765
134825706
103824765
123784605
123840765
103824765
134820765
123864705
123064875
testcase:7
123864750
123864075
123804765
123784065
134802765
813724065
123864750
123804765
123704685
013824765
123804765
123784650
123804765
123804765
142863075
023184765
123784650
123784650
123704685
134802765
123806754
123604875
123806754
123804765
123784065
120843765
130724685
123804765
012843765
123864750
123845760
123784650
140832765
283104765
130824765
023184765
123864750
130824765
123845760
123864750
130824765
283104765
130824765
123864750
142803765
123804765
123784650
123845760
123845760
123804765
023184765
123784065
123804765
012843765
123804765
140832765
123804765
012843765
023184765
023184765
813704625
134825760
013824765
142783065
023164875
283104765
123845760
123804765
013824765
283104765
123806754
123864075
123864750
123804765
123804765
123804765
123784065
120843765
130824765
013824765
123804765
123784065
012843765
123804765
123784065
130824765
123784065
120863754
023145876
120863754
283104765
013824765
123804765
013824765
123864075
123804765
123804765
123864075
123784065
134802765
120843765
012843765
810243765
230184765
013824765
123804765
123806754
120743685
023184765
123845760
013826754
123864750
013824765
023174685
123804765
123845760
123845760
123804765
013824765
123845760
134825760
013825746
120843765
013824765
230184765
012863754
023184765
123805746
123845076
813204765
120783654
123845760
123804765
123864750
123784065
013824765
134805726
123804765
123864750
123784650
120843765
142803765
123845076
123845760
023184765
123805746
283104765
134802765
123804765
813204765
023184765
123804765
120783654
123804765
230184765
813204765
283104765
130724685
123864075
123604875
013824765
134805726
023184765
120743685
813204765
123604875
123845076
123804765
123405876
123784065
123864075
023184765
123784650
283104765
120863754
123804765
123864075
013824765
123704685
123804765
123804765
123804765
123804765
134802765
283104765
123806754
012843765
012863754
013824765
120843765
120843765
123784065
123708654
123845760
123804765
120863754
120843765
123804765
123864075
123864075
testcase:8
102843765
123780654
134820765
103824765
123074685
162083754
142863705
123840765
103824765
134820765
123784605
123084765
123860754
123085746
134820765
123845706
123064875
102843765
134862705
234180765
203184765
123784605
203184765
102843765
123084765
123084765
123084765
203184765
102843765
123840765
103824765
803214765
123845706
123784605
123670854
102863754
123864705
134862705
123840765
102843765
813240765
123084765
102843765
123840765
134820765
103824765
102843765
102863754
123840765
123086754
234180765
135820746
123840765
283014765
123840765
123084765
102843765
123085746
102863754
812043765
123084765
123845706
123864705
123670854
142830765
123864705
102863754
813724605
123084765
813264705
103824765
123084765
103824765
123864705
123045876
142863705
123784605
123084765
123860754
283014765
103624875
123864705
123864705
123856704
234180765
123840765
123084765
123864705
234180765
203184765
123864705
123845706
123864705
123086754
102843765
123845706
103824765
123864705
123864705
123084765
123860754
123840765
103624875
103824765
123864705
123864705
123860754
283164705
123084765
123840765
123864705
123085746
203184765
803214765
123074685
123850746
123840765
134820765
203184765
813024765
812043765
123084765
134820765
103824765
123784605
203184765
812043765
283140765
103824765
142083765
123084765
123084765
123864705
134820765
123740685
123864705
123084765
142830765
203184765
813024765
234180765
142863705
103824765
123064875
123064875
123064875
123084765
123840765
123840765
123840765
123084765
103624875
123845706
123856704
103824765
123084765
123084765
123084765
123860754
123864705
123864705
123845706
123864705
103824765
103824765
134820765
813724605
123840765
203184765
134025876
103824765
103824765
123840765
102843765
123845706
103824765
203184765
123840765
123860754
203164875
123674805
123845706
103724685
803214765
134820765
123064875
123864705
123840765
123864705
123845706
103824765
123084765
134025876
234180765
123084765
123084765
135820746
123784605
813024765
123864705
testcase:9
813724065
023184765
810243765
123674850
813724065
134825076
142803765
230184765
123805746
134805726
123864750
230184765
813204765
023184765
230164875
123604875
123784650
263104875
142803765
123864075
123804765
123864075
130824765
123864750
123845760
813264075
123856740
013824765
120843765
123804765
134805726
162803754
123806754
123784065
813704625
123845760
123856740
023164875
120853746
134802765
013826754
023184765
134825760
130824765
120843765
142835760
120843765
123804765
123864075
142803765
123784065
134825760
123864750
123805746
130824765
123674850
123804765
123864750
123864075
013824765
123784065
023164875
023164875
123804765
123645870
123864075
013824765
123804765
134602875
123674850
120643875
130824765
123604875
023184765
142803765
123786054
130824765
123758064
120843765
123784065
023164875
123804765
023185746
012783654
123864075
023164875
120843765
142803765
012843765
123845760
013824765
123864750
123845760
120783654
130824765
123804765
234108765
012843765
142863750
123845076
120853746
123784065
123864075
120843765
013824765
123784650
123604875
134802765
134802765
023145876
023164875
123784650
123804765
142783065
134862075
123674085
123806754
123806754
162803754
123804765
130824765
134825760
123845076
120843765
130824765
123604875
123845760
123804765
123864075
123806754
123864750
813245760
142803765
123784065
023184765
023145876
120843765
134825760
123864750
123864750
120843765
123864750
130826754
123804765
012843765
120863754
813264750
134825760
120843765
042183765
123784065
013824765
120863754
123864750
813264075
012843765
123864075
813704625
283104765
013824765
123804765
023184765
120843765
230164875
082413765
123845760
123804765
120843765
123864750
123804765
234108765
130824765
123784065
123758640
283145760
123804765
123784065
230184765
123784065
130824765
123784650
123804765
023184765
123804765
123785046
120843765
123785046
123784650
123845760
123804765
812403765
123864075
123864075
123864750
123804765
130824765
134802765
034182765
012843765
123784065
testcase:10
813024765
123840765
713624805
123840765
103824765
123084765
123084765
134082765
103826754
123840765
123840765
123860754
123074685
123860754
134082765
813064275
263140875
123864705
123056874
203145876
123840765
123856704
103728654
812043765
134820765
283140765
103826754
812043765
123780654
234160875
123084765
813724605
123064875
123784605
203184765
123864705
142083765
123845706
142863705
123864705
123840765
613024875
123864705
123845706
104835726
102843765
123084765
102863754
813724605
812743605
234160758
283140765
123864705
713028654
123840765
123640875
123840765
813024765
123084765
234180765
134820765
134862705
123845706
123784605
123840765
813240765
103824765
103824765
813240765
283014765
123840765
102843765
103824765
123064875
103826754
283014765
123864705
134862705
103824765
103824765
123074685
123740685
123064875
103826754
134825706
813240765
123845706
123840765
123864705
123864705
813724605
813724605
123860754
162830754
103824765
103826754
103824765
123450876
123740685
123864705
103824765
123860754
123784605
203184765
123856704
812043765
136820754
123840765
123784605
283014765
812043765
812063754
123864705
102863754
134850726
123860754
123864705
813024765
123840765
813264705
123064875
123084765
123840765
104832765
123840765
134862705
123084765
203184765
142830765
102843765
104832765
123864705
102843765
123840765
123860754
203185746
123864705
813024765
142083765
123850746
103826754
123864705
812463705
103824765
102843765
813026754
203184765
134825706
813024765
234718605
123045876
123084765
123864705
123864705
103824765
123860754
103824765
123845706
203184765
142083765
402183765
134862705
813724605
123784605
813740625
204138765
123845706
102843765
234180765
123864705
103826754
103824765
123064875
123860754
813240765
103826754
812043765
142863705
134820765
123864705
103824765
134082765
123084765
123864705
123840765
203164875
123845706
123860754
123674805
123084765
123850746
123780654
123084765
123864705
813024765
813720654
103824765
123084765
103824765
342180765
testcase:11
123845760
123405876
123784065
142863750
230164875
810243765
023184765
123708654
123864750
230164875
123405876
120843765
123786054
120843765
123845760
123864075
123704685
123784065
130824765
142803765
123864750
123864750
283104765
283104765
123804765
023184765
813204765
123804765
234185760
123804765
123784650
123604875
123804765
123864750
123784065
123784650
142703685
134825760
123804765
812743065
123845076
123804765
123856740
248103765
123784065
130824765
134802765
023164875
230184765
123804765
283104765
123864075
123864750
123784650
123804765
120843765
123845076
123845076
012843765
123805746
123864075
123864750
134825760
134805726
234185760
123806754
123806754
012843765
013826754
813704625
120843765
123708654
012843765
023184765
123784065
830214765
123804765
123864075
813206754
013825746
023164875
834201765
130824765
123804765
013624875
023186754
134805726
123845076
123804765
813704625
234108765
283104765
812403765
123806754
283105746
283104765
813704625
023184765
123784065
123864750
023184765
813704625
134825760
813204765
813204765
234185760
123864075
013824765
830214765
120643875
123804765
123804765
123864750
123804765
120843765
830214765
123804765
123784065
012743685
813245760
123784650
123804765
134825076
013824765
123845760
123704685
123805746
013824765
123784065
013824765
123804765
230186754
123804765
613204875
123804765
134825760
013824765
142863750
034182765
013824765
120843765
283104765
830712654
012843765
023184765
234108765
123805746
123805746
123784065
013824765
023184765
123704685
013824765
123804765
120843765
134802765
123804765
120743685
142835760
283104765
230184765
123864750
813674025
123864750
813204765
123745680
120863754
123845076
130724685
123804765
123604875
140832765
123804765
023164875
834201765
120853746
123804765
123804765
023184765
134825760
123804765
462103875
123845076
013824765
134825760
123856074
813204765
013824765
813704625
134805726
130824765
123804765
023164875
120843765
023164875
120843765
123804765
283104765
134825760
120843765
testcase:12
834210765
103824765
123864705
123084765
104832765
103824765
104835726
123864705
123674805
234170685
234180765
123784605
613240875
134825706
123064875
102843765
203184765
103826754
123840765
203184765
123856704
123840765
134082765
204138765
123845706
283140765
103824765
803214765
123045876
123860754
813240765
162083754
134820765
813264705
283140765
103824765
123864705
813740625
123780465
812043765
123864705
123864705
134862705
134820765
813240765
123864705
123084765
123845706
102843765
142830765
234168705
134082765
123864705
102843765
123780654
103824765
123840765
142863705
142083765
123840765
123845706
123840765
123840765
134820765
123784605
812463705
123840765
123085746
103824765
102843765
123045876
134862705
134820765
713284605
123864705
142863705
813024765
123084765
123064875
123864705
123064875
134820765
123064875
123845706
123784605
123784605
203184765
813026754
123840765
123064875
123864705
123674805
813724605
123086754
123076584
603214875
813024765
103824765
813024765
123864705
123784605
103728654
103425876
123845706
123845706
812043765
123860754
203184765
123084765
234180765
123864705
103824765
142073685
104832765
123084765
123064875
813745602
123864705
812063475
123864705
136820754
103724685
813724605
813240765
203184765
123840765
103824765
123860754
123864705
203184765
123840765
102843765
812043765
102843765
123084765
813024765
123864705
123085746
153840726
123840765
123840765
123864705
123780654
142830765
123864705
134082765
103824765
203164875
142863705
813240765
142783605
384120765
123064875
304182765
803214765
234180765
123864705
123640875
123785406
102743685
123064875
123860754
123784605
283714605
802413765
283164705
102843765
123784605
103824765
123084765
102863754
123085746
803214765
152843706
234180765
103826754
123084765
123780654
123860754
123064875
123845706
123860754
103824765
123864705
123780654
103824765
103824765
812043765
102843765
123784605
482163705
234180765
123845706
123064875
813720654
813240765
123864705
123864705
123845706
123674805
testcase:13
013824765
283145076
783104625
283714065
123856074
123806754
023164875
134805726
283164075
123645870
134802765
142783065
123804765
123804765
123784065
123784065
023186754
142863075
230164875
130824765
142783065
123456870
834215760
134802765
123784065
034125876
234816075
023184765
283104765
142835760
813204765
023164875
123804765
142835076
123804765
123784650
810743625
123804765
123804765
123806754
134825760
123856740
123864750
120863754
123674850
134805726
813704625
123864750
230184765
812743065
123784065
813726054
013826754
123864075
123806754
130824765
123674850
034182765
612403875
142703685
812653740
130824765
013825746
123864750
123864750
123806754
123804765
480132765
283104765
813204765
142803765
123804765
813205746
142863750
134782065
813204765
120863754
123784650
123805746
034182765
134802765
123604875
230164875
263174850
023184765
123845076
123804765
123784065
813724065
140832765
120643875
023164875
134802765
130825746
142863075
123804765
123604875
013824765
013724685
023184765
283714065
813704625
023184765
023184765
130824765
123784650
123864075
130824765
134802765
134802765
612403875
012863754
123864075
123704685
712683054
813724065
123704685
123604875
123804765
812763054
123784065
012853746
813264750
123804765
142803765
028143765
163804275
123704685
182703654
123864075
812743065
134825760
813204765
123705648
130824765
123804765
123405876
813724650
134802765
134782065
123804765
130824765
120843765
123786054
130824765
123804765
813724065
123674085
130825746
120843765
123804765
123708654
813724065
023184765
012843765
014832765
120843765
123856740
123805746
042163875
283714065
013874625
023184765
123864750
123845760
123784650
123845760
142863075
134805726
120743685
012843765
613204875
283145760
123864750
023164875
813704625
013824765
162803754
263104875
120843765
123745680
123805746
120853746
123845760
283105746
123864075
120843765
142603875
120843765
123506874
123805746
013824765
123784065
123784065
142835760
280163754
283106754
813204765
134862750
123784065
testcase:14
104832765
813724605
123864705
123084765
283064175
104832765
802613475
123840765
123864705
134782605
123084765
134850726
813240765
103724685
283140765
482130765
203164875
142830765
134085726
123784605
813245706
123084765
103824765
103824765
123845706
123864705
134820765
123064875
813724605
813264705
814032765
123084765
103724685
103824765
283164705
234180765
123064875
281043765
813264705
123780654
813024765
283064175
812043765
134862705
103624875
283014765
152083746
104832765
142830765
134062875
103624875
203164875
134820765
123864705
136820754
102843765
248130765
134820765
813724605
123785406
102863754
123864705
134862705
783124605
103824765
103824765
102843765
812043765
203145876
123084765
162083754
123840765
134820765
103824765
123674805
103624875
123864705
103824765
813024765
813250746
203184765
123084765
235146807
234180765
123840765
123845706
134820765
123864705
123860754
203164875
123084765
813724605
123840765
841023765
123864705
813045276
613240875
123784605
123860754
134720685
203164875
123645807
813074625
102843765
283160754
134820765
134825706
402183765
123470865
102863754
812740653
713028654
234180765
803214765
234180765
123864705
103824765
803214765
283064175
123856704
103724685
123085746
234168705
203164875
283145706
812043765
123784605
102853746
103824765
283014765
813752604
103824765
123780654
123084765
142863705
123784605
103824765
134820765
103824765
134062875
234180765
103728654
283140765
123860754
134860752
123086754
123064875
123084765
123856704
134850726
123845706
103824765
813024765
712043685
813024765
402183765
123076584
123864705
803214765
123840765
103724685
123864705
203164875
283164705
204138765
813024765
103824765
123084765
102863754
103824765
248013765
813240765
123860754
103624875
123674805
423185706
123674805
123864705
123640875
123860754
102843765
145830726
103824765
203684175
283160754
283714605
123856704
134825706
813024765
134820765
813264705
123084765
283014765
123864705
123085746
812043765
103824765
834710625
102853746
123084765
testcase:15
813204765
123864750
120453687
013825746
013824765
013824765
123845760
120843765
283145760
024138765
123856740
013824765
120863754
142803765
130824765
120783654
123784065
120743685
134856720
230184765
123784065
023184765
812743065
130824765
283104765
123804765
283145760
230185746
134802765
123845760
123845076
812403765
123845760
120863754
023164875
120743685
023164875
034162875
140835726
142835760
134805726
123864075
123704685
013824765
123804765
013826754
013724685
142803765
123864075
123805746
123704685
123856740
123864750
140832765
123845760
023164875
123804765
013864275
240138765
813724065
023184765
013824765
123475086
123604875
134802765
120863754
123784065
123856740
142856730
813204765
230184765
130824765
263145087
812735640
123806754
142835760
120843765
023184765
813204765
123864750
123804765
823401765
812743065
123864075
013624875
136824750
384102765
123804765
123785046
012743685
123856740
134805726
012863754
013824765
234175068
283105746
130824765
123604875
134825760
142803765
120643875
834215760
236108754
123845760
813204765
283714065
123806754
130824765
123784065
123806754
123864750
123784065
120843765
142835760
130824765
813724065
182703654
123804765
012843765
123805746
123456870
120783654
123784065
023176584
134802765
123845760
120853746
042163875
130824765
123604875
123475860
123864750
130826754
123845760
142863075
142863750
023164875
123784065
830214765
283164750
813724065
123804765
123784065
283714065
123804765
813245760
813724065
123784650
123864075
013824765
134825760
813245760
123708654
130724685
812743065
283104765
135402876
130824765
283714065
142803765
123804765
130624875
123805746
135826740
123704685
123784065
123845076
120843765
130784652
813204765
130824765
142803765
014832765
123806754
230184765
123806754
123845760
134825760
283164075
813724065
123804765
123845760
273104685
013824765
123804765
123704685
123806754
123405876
123864075
240138765
023184765
123804765
013724685
142863075
130824765
123784650
023186754
384162075
283106754
813704625
testcase:16
123084765
102843765
813024765
613845702
123084765
134720685
402183765
203164875
134862705
123074685
106732584
123084765
104835726
123450876
123064875
203184765
142863705
104832765
803214765
234180765
413025876
203186754
801263754
123864705
123845706
123856704
203145768
123084765
123845706
123084765
135820746
602813745
234180765
234180765
801723654
102843765
123084765
134082765
123045876
813024765
123784605
123085746
203184765
134782605
103825746
123064875
283714605
283140765
123845706
123780654
142063875
134782605
123075648
123780654
123045876
812043765
123740685
123084765
813720654
123864705
134082765
103824765
123064875
123850746
603274185
142830765
813720654
123864705
142863705
803714625
134820765
324175806
123640875
103824765
123784605
812743605
203184765
713024685
123864705
345120876
134862705
812043765
123740685
283164705
134825706
203165847
103824765
123064875
813264705
801243765
123840765
102843765
234180765
134850726
812043765
348210765
103824765
813024765
103824765
283674105
234180765
123860754
103824765
123045876
102843765
136820754
234185706
123784605
134862705
123840765
803214765
123864705
102843765
123084765
123674805
813724605
123840765
142083765
804362175
123845706
203164875
283674105
123864705
812043765
134820765
283164705
812730645
803264175
104832765
402183765
123780654
102743685
123864705
134825706
203174685
123758604
823410765
142073685
123864705
123078654
203145876
243175806
102863754
123845706
152083746
234085176
283164705
123780546
134782605
123860754
203164875
142863705
234160875
134720685
134820765
813724605
813264705
801243765
123864705
234816705
813726504
123086754
813072654
123084765
123084765
123840765
103627854
123860754
812043765
102853746
102843765
812743605
134820765
103825746
123850746
613024875
813024765
106832754
123085746
103425876
135820746
813024765
304162875
123084765
142083765
123780654
134825706
103824765
123845706
103826754
102843765
123084765
123045876
123784605
123074685
208145736
102843765
103824765
123784605
134850726
testcase:17
123804765
123804765
123806754
280163754
034182765
120843765
142803765
248135760
123706584
123856074
123804765
123706584
230184765
834261750
120843765
813204765
813724065
142703685
123784065
123804765
123804765
123804765
134802765
230164875
123506874
123845076
123645870
273184650
283145076
283164075
134785026
123804765
142783065
130724685
083214765
142703685
234168075
123805746
023164875
814302765
813264750
482103765
134785026
012843765
142835760
120673854
123804765
123845076
134825760
123704685
083214765
283164750
134802765
120853746
123804765
283714065
023145876
283104765
123864075
830214765
123864750
123706584
182703654
023184765
123845760
013824765
134862750
813204765
123804765
812763054
012843765
134205876
230156874
034285176
613824075
012863754
135426870
162853074
140862753
610743285
123856740
123804765
123805746
813256740
120843765
230164875
123804765
123784065
123845760
142835076
123804765
123856740
123745680
023186754
142783065
130824765
123784065
812403765
283164075
123804765
123804765
283104765
142803765
140832765
023164875
123845076
830214765
823401765
134802765
120853746
134825760
023184765
162853074
123784065
012863754
123845076
162853740
123756480
012843765
134782065
813204765
123605847
120853746
142708653
142803765
234805176
123784650
123804765
123745680
813245760
013824765
283156740
134825760
123704685
134602875
386124750
813206754
134806752
123804765
134702685
140832765
023164875
813264075
812743065
123804765
142835760
230164875
123784065
123845760
123845760
013826754
023145876
123708654
012853746
283104765
142805736
123784065
123785460
230184765
123645870
123784065
123784650
230184765
042183765
123806754
134802765
023184765
123864750
234108765
283145760
013864752
123405876
123804765
123806754
283104765
123864075
123804765
082413765
263174085
243105876
014832765
140832765
012843765
034215786
420163875
283104765
123706584
120846753
210483765
123784650
123845076
813204765
123845076
283145760
813724650
120863754
280143765
134802765
123607854
123804765
testcase:18
123674805
203178654
103526874
203174685
234068175
812430765
203184765
134850726
134720685
813264705
203184765
123084765
123045768
134062875
203164875
234875106
123860754
613824705
104832765
283140765
142830765
123576804
162083754
123086754
123074685
203184765
104832765
814032765
364172805
103824765
234150867
812043765
402183765
123780654
103824765
123084765
613024875
123845706
123860754
208143765
123840765
103824765
123845706
123850746
123064875
103824765
123845706
104832765
123780654
123758604
103825746
203164875
136084725
134085726
123674805
813724605
123784605
713240685
142863705
813026754
204738615
813024765
134825706
123067854
102673854
283140765
103826754
123084765
203164875
812463705
104832765
123864705
104835726
134856702
123084765
123856704
153840726
103824765
123864705
123845706
123674805
813724605
123864705
823410765
123860754
123845706
123840765
142863705
123856704
142835706
123840765
283164705
123674805
813024765
162830754
103824765
345012876
103824765
812653704
162834705
134850726
813024765
123860754
413275806
263174805
123850746
162845703
123784605
103824765
134062875
203185746
104835726
203184765
812043765
812430765
123840765
481032765
283064175
123864705
263014875
134075286
123864705
123780654
103872654
134820765
207183654
142830765
123864705
123845706
123086754
136820754
102643875
103824765
123576804
813024765
203145876
135842706
103826754
123084765
136820754
142083765
103824765
134672805
283164705
123840765
208143765
234165807
203184765
123840765
123086754
123840765
102643875
123064875
103825746
123864705
123074685
123085746
834210765
123674805
102843765
813024765
135820746
234180765
123084765
813740625
106832754
304218765
801723654
134825706
142863705
813074625
813264705
813024765
123640875
283140765
123845706
142063875
123864705
813074625
123864705
208743615
813726504
613274805
803214765
103824765
234180765
123064875
142860753
813025746
243810765
123064875
123084765
102743685
134025876
813026754
134085726
102863754
123046857
102843765
162850743
testcase:19
134862750
120843765
120643875
042183765
813504726
134705286
813752064
813724065
023184765
123674085
760213854
280143765
283104765
134825760
023186754
123674850
023184765
162803754
813204765
023164875
123864750
246103875
120843765
023184765
123864750
123856740
123805746
123864750
134625870
813264075
813724065
125846730
230184765
123645870
283506174
023186754
083264175
062183754
123784650
130824765
123845076
812403765
134805726
123704685
813245076
120673854
283604175
123804765
140235876
042183765
134802765
283714065
142803765
812403765
123785460
142603875
130826754
123708654
123786054
136824750
810723654
134602875
142803765
123804765
813204765
120863754
123785046
123845760
834206175
123604875
123804765
123864075
130624875
142805736
023164875
813204765
123864075
062153874
841203765
123674850
023174685
120843765
134802765
123784065
130845276
813264750
123784065
123704685
263104875
120843765
123864750
130824765
012453876
813724065
230164875
123864075
230184765
162853074
234108765
042163875
082413765
142703685
134256870
042183765
280143765
813405276
123784065
123804765
248103765
140862753
813604275
813724650
123784065
142803765
812435760
250134876
142863075
830214765
123704685
014835726
134862075
134782065
083214765
012643875
240138765
013624875
123804765
120743685
083214765
812463750
134825760
123864075
083214765
130824765
123845760
248135760
130824765
134782650
283671054
123864075
123804765
123405876
023184765
134805726
162803754
812743065
134862075
812743065
142803765
235106784
140832765
123784065
230185746
013824765
130826754
013826754
613824750
012863754
123864750
123864075
812463750
123806754
123674850
023174685
813704625
812763054
012843765
130826754
123745680
123845076
123864075
123674085
123845760
084362175
263817540
123805746
123845076
234168750
123864075
028163754
230784615
123804765
083214765
123804765
120643875
142783065
123704685
023184765
123784065
140832765
123784650
813724065
234165870
123806754
345126870
120843765
123856740
013826754
120863754
123674850
testcase:20
135826704
123084765
134862705
102843765
234018765
123084765
201873654
123045876
134082765
123674805
234180765
123840765
102863754
813240765
834210765
123785406
134820765
208143765
123784605
812430765
203184765
123864705
182730654
103726584
103824765
123864705
162834705
835024761
813024765
263014875
123840765
613028574
142083765
812073645
123084765
803214765
283140765
104832765
142063875
283156704
102843765
123086754
123084765
123056487
203175486
203145768
134825706
102783654
123064875
123864705
803214765
203184765
804231765
813750426
123084765
123084765
102843765
134620875
813026754
123064875
103826754
123740685
813726504
123064875
802713645
123856704
813250746
203184765
203184765
123780654
813024765
813264705
134820765
103825746
142083765
123840765
123064875
102843765
103824765
812043765
134672805
283074615
283164705
123084765
123640875
123074685
123840765
283160754
103728654
123084765
283074615
123670854
234180765
234185706
123084765
123864705
123860754
123064875
102843765
812043765
203164875
124038765
142083765
283016754
234085176
103826754
283164705
123864705
135420876
135842706
803714625
104832765
812743605
123840765
102853746
123064875
482713605
134085726
123845706
142860753
134825706
813740625
748123605
123840765
123856704
813024765
235140876
102863754
203164875
134780652
103728654
812043765
134085726
123084765
203164875
102843765
123085746
123840765
283164705
123845706
814032765
813064275
812043765
203184765
102843765
814032765
134082765
123864705
203184765
123864705
142083765
123678504
123074685
134862705
813025746
263074185
123785406
283015746
123840765
123784605
142063875
263170854
123784605
801432765
134860752
123850746
203185746
813264705
136820754
123086754
283710654
103425876
103824765
123860754
103624875
614032875
813024765
123064875
123046857
123784605
203184765
813024765
203185746
123864705
283015746
123864705
123860754
142730685
123084765
103624875
123064875
123840765
102563874
123475806
123745608
136852704
123845706
103724685
123856704
102643875
