803214765
103824765
283164705
813724605
123845706
813264705
102843765
813024765
102783654
204138765
123864705
103624875
123784605
813724605
123085746
203184765
142073685
123064875
142830765
813674205
123085746
203164875
813260754
813260754
234180765
263140875
123784605
834210765
142780653
134620875
123750648
123085746
134720685
123864705
103724685
123860754
134820765
134072685
134820765
384120765
103824765
123845706
123785406
123064875
123856704
123086754
152830746
123064875
123845706
123784605
134620875
123850746
803214765
123784605
103826754
134820765
123064875
142085736
248130765
123850746
134862705
134860752
123840765
102853746
123084765
204638175
123840765
123064875
203184765
102843765
123064875
123740685
134820765
103824765
206143875
102743685
123864705
103824765
103824765
123084765
103824765
203184765
203184765
103824765
203185746
123084765
123860754
123864705
123840765
123856704
103624875
103624875
123840765
142860753
134862705
142730685
102853746
123085746
812430765
123864705
