123804765
123784065
134802765
123804765
230184765
123804765
120843765
283104765
123804765
123804765
123864075
123784065
123804765
123604875
023184765
123864750
123864750
813724065
013824765
123864075
123804765
134802765
813204765
123845760
123704685
134802765
123804765
123784065
120843765
130824765
142803765
123864750
120843765
123784065
813724065
120843765
123864750
130824765
023184765
123845760
130824765
023184765
123804765
123806754
123845760
123804765
123804765
283104765
123864750
123804765
023184765
123864075
120843765
023184765
123864075
120843765
023184765
013824765
230184765
120843765
123864075
123806754
023184765
123784065
123804765
123864075
120843765
013824765
012843765
013824765
130824765
123864750
813204765
134802765
123604875
123804765
123864075
813204765
123804765
120843765
123784065
123845760
134825760
120843765
130824765
142803765
013824765
123805746
120843765
123845760
123864750
123864075
123804765
123804765
123845760
123864750
123864075
013824765
123864075
123804765
120843765
130824765
123704685
123806754
123864750
123804765
134802765
123864075
123804765
123804765
123805746
123845760
813204765
123784065
130824765
123784065
013824765
023184765
123845076
123804765
123804765
123784650
123604875
123804765
123704685
130824765
123804765
123845760
813204765
123804765
013824765
120843765
123804765
123864075
123784065
023164875
123845760
123845760
023184765
123804765
123804765
123784065
023184765
283104765
123864075
123864075
123784065
123864075
123845760
123845760
123864750
123804765
120843765
130824765
130824765
123864075
123784065
120843765
123604875
123805746
013824765
130824765
123864075
120843765
283104765
123864075
123604875
123804765
123845076
130824765
123804765
123845760
123784065
013824765
123804765
023184765
123804765
123864750
130824765
120843765
013824765
134802765
123864750
120843765
120843765
120843765
123804765
123845076
013824765
123804765
123784065
123804765
130824765
123804765
123804765
123804765
023164875
123804765
123784065
012843765
123864075
123845760
123604875
123845760
123845760
012843765
123784065
023184765
123845760
013824765
123845760
123784650
123864750
130824765
120843765
120863754
813204765
123804765
120863754
123804765
123784065
123845760
123804765
123804765
023184765
123804765
123864075
123864075
123784650
283104765
123864750
120843765
123804765
012843765
123805746
023184765
142803765
123804765
013824765
230184765
123804765
123804765
013824765
123804765
120843765
123604875
120863754
123704685
123864750
123804765
123804765
123864075
023184765
123845760
120843765
123804765
123804765
130824765
123804765
120843765
123845760
123804765
123864075
123804765
123784065
023184765
023184765
123845760
134802765
123864750
813204765
013824765
123806754
120843765
123864075
123804765
123784065
013824765
123864750
130824765
123864075
123845076
123784650
123804765
142803765
123804765
123804765
123784065
123864750
123804765
123845760
120843765
142803765
123784065
123804765
123784650
123806754
123845760
134825760
142803765
013824765
123845760
123804765
123804765
120843765
283104765
134802765
123804765
123804765
134802765
023184765
123804765
123804765
013824765
012843765
123864075
120843765
123864750
013824765
813204765
120843765
283104765
123804765
130824765
013824765
123804765
013824765
123806754
123784065
123804765
123806754
123804765
123804765
123864750
013824765
013824765
123784065
123804765
283104765
123804765
123804765
123864075
123704685
123806754
123845760
813204765
123845760
123704685
023184765
123804765
130824765
130824765
123864075
123804765
123806754
013824765
123845076
123804765
123864750
123784065
123784065
123864075
123784065
023164875
120843765
130824765
023184765
023184765
123845760
023184765
130824765
013824765
123845760
230184765
123845760
123804765
123864075
123804765
023184765
123804765
123804765
130824765
123805746
130824765
123804765
123804765
013824765
130824765
123804765
120843765
230184765
123784065
123806754
013824765
023164875
123784065
283104765
123704685
123864750
123864750
123604875
123804765
130824765
013824765
123804765
123864750
123804765
813204765
123784065
123804765
130824765
120843765
123864750
134802765
123864075
123845076
123864750
230184765
813724065
013824765
123804765
023184765
123784065
123845760
023184765
123804765
123804765
120843765
123805746
123804765
123845760
283104765
013824765
134825760
023184765
123784650
813724065
120843765
013824765
120863754
123784650
123845760
813724065
134825760
123864075
023184765
123804765
023184765
123864750
023184765
123804765
813724065
123806754
813204765
123864750
123804765
023184765
123864075
023184765
123804765
123784065
013824765
123804765
123704685
123864750
230184765
123804765
123784065
013824765
123864075
134802765
123804765
813204765
023184765
013824765
120843765
230184765
123864075
012843765
123864075
813724065
130824765
123804765
123845076
123804765
123804765
123804765
023184765
123804765
123804765
123784650
813204765
013824765
130824765
120843765
120843765
123864750
123804765
123845076
123804765
120843765
123804765
123845760
123845760
123804765
123805746
123864075
013824765
123845760
123804765
130824765
123864750
123784650
130824765
123804765
123845760
123804765
283104765
013824765
123804765
123784065
813724065
813724065
012843765
120843765
123845760
123864750
123864750
123845760
130824765
123864075
123864750
123804765
230184765
013824765
123845760
023184765
120843765
123864750
123864750
123864075
120843765
123804765
130824765
123864075
123784065
023184765
123804765
023184765
123845760
123804765
123784065
023184765
012843765
123864075
123804765
023184765
123805746
123804765
123845760
123804765
013824765
123784650
123784065
123804765
123864075
123864075
123845076
123804765
023184765
130824765
120843765
283104765
123806754
013824765
123864075
130824765
123784065
120843765
123804765
023164875
120843765
123804765
123864075
123804765
120843765
123845760
142803765
120843765
130824765
123864075
123784065
134825760
123845760
123864750
123804765
013824765
123804765
123864075
130824765
130824765
120843765
123804765
123864075
123864750
123845076
134802765
023184765
013824765
123864075
130824765
123604875
123784065
123784065
123864750
123864075
123784065
123804765
813204765
123804765
130824765
123845760
012843765
123864750
023184765
123864750
123804765
123784065
130824765
123845760
120843765
123784065
123804765
123784065
023184765
123804765
023184765
123784065
023184765
123784065
123804765
123804765
123864750
813204765
123784650
134825760
023184765
123804765
120863754
023164875
123804765
813204765
123784065
120843765
013824765
130824765
123845760
123864075
023164875
142803765
123864075
142803765
123804765
023164875
134825760
120863754
123804765
123864075
130824765
023184765
134802765
130824765
123864750
123704685
123864075
123845760
013824765
123804765
130824765
123804765
123784065
283104765
023184765
123864075
123845760
123804765
123864750
123804765
023184765
123804765
123864750
123604875
120843765
130824765
123804765
023184765
123864075
123864750
813204765
123784065
134802765
123804765
813724065
013824765
123864075
230184765
123704685
013824765
123864750
130824765
023184765
123784065
123804765
023184765
123804765
023184765
120843765
123804765
123784065
013824765
123804765
130824765
123804765
123804765
120843765
123804765
123804765
123804765
123784065
130824765
123864750
123864075
123804765
142803765
023184765
123804765
123864750
013824765
123845760
123864075
123804765
123804765
134825760
123784065
123845760
130824765
120843765
013824765
130824765
120843765
123784065
123864075
123804765
123804765
123804765
123864075
123784065
123864075
123845760
123864075
023184765
123704685
013824765
123804765
813204765
123864750
013824765
023184765
023184765
123804765
023184765
123784650
130824765
123784065
123864075
013824765
123784065
123806754
013824765
123784065
123804765
123804765
123804765
013824765
123604875
013824765
123804765
123784065
134802765
123864750
023184765
013824765
130824765
120843765
120843765
023184765
120843765
123805746
123804765
120843765
123784065
023164875
123784065
283104765
123804765
123804765
130824765
123784065
123864075
123864750
123845760
123784065
134825760
123804765
023164875
123784065
023184765
013824765
123864750
123784065
123804765
134802765
123784065
123804765
123804765
134802765
123845076
120863754
013824765
013824765
023184765
130824765
123804765
123864075
123804765
123804765
123784065
230184765
023164875
130824765
123864750
123804765
130824765
123804765
134825760
123864075
123845076
123864750
023184765
123804765
123804765
023184765
013824765
142803765
123804765
123804765
013824765
134802765
123864750
023184765
123864750
123784065
123845760
130824765
123804765
123804765
123804765
123804765
123845076
283104765
120843765
123864075
123864750
123864075
123805746
123804765
123804765
013824765
123845760
123864075
123604875
123784065
023184765
123804765
123864750
120843765
123804765
130824765
123864075
123864750
013824765
123864075
123804765
120843765
123804765
123784065
123864075
123804765
123804765
123845076
123804765
123864075
123804765
123784065
120863754
123784065
123845076
123845760
123804765
123845760
130824765
123804765
123804765
023184765
134802765
123804765
123864075
123804765
123804765
130824765
023164875
130824765
123864750
123845076
120843765
120843765
123704685
123804765
123845076
120843765
123864750
123804765
123864075
123845760
123804765
123804765
123864075
123784065
123804765
120843765
123804765
123804765
123864075
123804765
813204765
120843765
123804765
120843765
123804765
123806754
013824765
123804765
013824765
123845760
123804765
123806754
120843765
123804765
123804765
123804765
023184765
134825760
013824765
123804765
123604875
123864750
123784650
123804765
123864075
123864750
013824765
123845760
023164875
123804765
123804765
123845760
123864750
134802765
123864750
013824765
120843765
013824765
123784065
123845760
123845760
123845760
123804765
123804765
130824765
120843765
123864750
123804765
123845760
123804765
123784650
123864075
813724065
130824765
123845760
023184765
