614872503
124670358
375260148
608245317
358046217
781630524
248130765
814072635
384120576
871065243
804213756
258140376
807253164
132685407
347081526
123674805
752340816
841026753
485123706
634215807
826150743
608243157
607183524
745218306
381025674
724510368
246350187
483256701
324815706
301847625
234675801
234760185
283015746
143862507
162053487
832046715
861750423
263850174
601842753
134862705
803264175
142086753
107546832
105864723
847013265
348016725
402173685
143650287
203175648
742150683
206153847
503164827
258130746
134760582
806214537
234170685
435816702
846071325
802573164
324850716
253148607
683150472
234610785
843762501
401763825
607258413
761524308
714625803
205784316
816372405
534180726
814056372
803264175
123587604
506184327
142083765
283751604
713625408
258130746
416057832
713560824
784065132
152084763
362075184
142083765
623147805
152083746
453180267
806713425
148352607
835264701
234160875
603214875
853260174
145760238
203145876
812073645
483021765
103845276
263140875
572410386
301745286
438175602
675041823
742830615
346250178
703218654
834061275
418723605
278015463
205614387
123057468
472830651
154826703
603724815
283046157
673124805
134850726
235814706
263817504
861742503
805713462
263815407
153784206
138750642
273150648
602173584
841750632
827630154
136420578
634152807
235486107
205746183
516324807
817035462
106425378
831275406
103724685
863075241
753062841
812054763
234150786
851324706
815723604
671083524
284076153
205146873
132065748
123540786
538612704
304285617
571836402
732086154
312560487
134820765
843071652
103825746
502813476
612450837
713024685
258473106
582364107
103475862
632714508
641352807
478230615
304182765
283160475
163845207
743610285
123784605
712850643
348061275
185032764
134280675
134068725
468230175
104326758
205784163
834071625
234056817
123068574
278450136
123840765
243157608
652083714
273016845
162053874
173082465
678241503
123056874
672054183
208751463
863041275
482167503
302714685
142073685
135428706
608754312
138064275
812743605
816250734
203154786
842730651
673085412
237415608
482013765
708512436
602153874
173840625
348056127
482130765
724561308
184235706
513268704
102653784
834052761
807364512
604135872
102438765
413570268
805347216
206137584
123840765
804651237
408173652
763024815
248073615
712043685
357284601
273145608
238615407
273460185
104832765
254130687
813064275
124753608
741052683
247130685
671530284
108735426
204517683
254018736
671240835
102683745
123784605
328067415
125064837
213078564
123084765
823754601
124065387
841250736
721840653
403285716
238754601
283640175
814035672
136274805
704635812
813745602
783012654
235180746
123856704
108562743
103728654
142063875
106234875
134876205
438120765
234750681
483015276
712530486
381754206
206158743
834720165
573264108
712658304
167450832
134750628
402176583
283150746
342076185
281740365
718036452
346271805
213850647
103526487
612843705
631850724
715438602
283174506
601784523
738640125
618053742
683740512
813740562
612753804
147320685
704612583
804215763
382015476
168730254
723168504
764150832
302185764
821360754
762413805
873025641
237185604
813745602
386140725
123740685
106532874
123086475
723081546
831072645
204831756
812053746
634182705
162850743
123780654
145367208
251834706
745280163
123084765
136248705
627583104
673150842
217345608
405362781
435210876
235016847
604812735
834261705
243815706
428510673
432675108
374160582
748061325
128435706
248160753
681432705
205138746
263810547
304215867
613274805
705341628
103725486
841650237
123860754
137085462
108743652
213074658
263140875
845736102
147635208
603214875
362051478
482751603
143276805
142630875
374182605
681745203
763245801
374150286
305284167
736250148
123564807
205346178
102763584
816752403
384012765
134570682
286054317
813045276
245183706
823061475
103268475
103627548
143860572
602713854
742830615
617043852
845160237
506184732
123758604
723540168
123750648
306428751
821034765
835016274
623850714
308124765
103864752
702648531
132685407
845236701
134820765
136742805
237140865
341680257
724063815
736250814
145036872
731082654
273150486
678432105
813245706
123057846
203781654
813720654
817064253
243865107
267483105
478526103
712853604
124680537
105834276
106384752
715043862
142650837
142673805
153026847
341087625
103724685
384120765
634710852
683045271
367120854
172468503
824351706
716820435
136720458
401825367
142076583
123860754
145860732
135428706
451067328
374012685
253170684
283015746
571032864
701253486
302516874
468132507
156783204
102843765
154873206
834175206
804735261
123674805
713024685
423018765
623074815
843061725
504713862
713620854
127853604
308261754
283160754
134280756
274063185
328150746
812673405
138724605
682140573
204153768
862034157
106824753
516032874
425630178
823450716
681473205
837612504
102763458
142650837
512743806
703614582
123860754
281075346
304782615
783264105
283710654
485270163
813024765
615023874
283064751
402173685
134720568
432618705
812630754
801453762
271065483
802413765
127643805
208713546
603825147
841063275
714820653
713025864
253170846
405381276
314275608
245813607
814762503
263810547
145860732
103824765
103876524
723480651
162083754
671854203
634210875
546028317
124736508
164825307
208645137
125874603
208153746
123067854
273018654
562183704
413680725
162830754
824365701
186034752
801364752
642083175
134825706
803124756
634750821
312480675
482163705
581063274
203781546
134720685
813045276
612058374
163245708
213674508
238750461
203685147
237064185
145836702
856130742
813724605
234185706
301827465
105634872
162074385
683074251
618372504
563014827
308416752
236015748
145826307
413027865
236054187
375840162
678310452
324015876
123745608
571032486
317045286
136084725
384150726
756034182
835270641
714650238
284150763
258016734
413072685
158762304
706231458
305146827
752640183
107862543
102846753
471680325
713620854
316750284
823570164
134720685
143280765
782160354
701532648
374651802
813074625
835260147
415032876
871250634
354021687
523074618
308521764
308274165
324017865
104738652
784150623
578023641
802653174
702618543
728015643
801253746
238165704
145038276
124037856
142067853
602714835
172530846
308564172
361027854
813240765
251830764
641873502
864721503
142650378
286014375
381074625
462813705
812745306
825046137
628047153
104387526
123650847
102843765
275180643
352178604
123864705
842031765
715630482
132540876
148320765
312074685
603721854
123570684
781042653
423718605
236074815
308264571
813025746
402617583
304182765
103826754
603251874
713520684
413075286
301862754
314285706
836021754
423816705
873610524
304861275
782630415
103426578
384150726
502143768
805241763
246518703
804521763
613278504
602345817
234160875
423180765
142370865
182073465
813760524
602813457
561874203
805241763
612043875
713625408
813724605
603128475
173485206
841732506
467120835
458170263
752436108
153284607
204863751
725061348
685024731
817320564
304268175
416385207
406253178
712450638
102853746
704231685
813250746
235710846
283014765
812430765
234685107
384560217
283670154
812035764
148360275
203674815
203564178
183074265
647521803
834210765
153684702
183754602
328674105
835210746
317862405
428516703
126074583
451360287
713084265
814036275
651024387
712048365
405831726
634720815
482751603
584071623
186730524
813026547
816420735
364120875
641720835
513084627
341820765
613028574
562387104
861042753
671253804
134082765
163048257
324670851
857213406
824710536
803216547
812730645
713058264
132850647
108754632
607358214
346270185
784210653
127650483
134026785
152083467
608153247
238574106
813450276
104582763
423185706
135084762
873621504
528361407
146830275
274650138
704621853
358046721
614780235
745130826
713240685
701324685
384125706
208143765
481062375
234168705
142830765
348162507
231470865
812753406
183240675
102865743
135062478
483615207
428160735
851734206
178253604
501263874
104537268
613025847
148360752
614087532
102635874
107846235
186253704
206783154
401275836
841673205
283074615
805621743
163250874
827163504
524068173
324710685
748612503
723814605
543027618
172063854
712065348
104536728
728640153
458673102
426583107
105432876
384716502
802714653
581740632
841067253
712430685
812740653
348671205
142075386
263140875
257138604
103274865
803142765
812670453
782351604
783620514
613824705
381760524
123850746
213740865
124065738
738146502
128073564
324056718
123450876
501483726
263571804
502143876
342156708
103582467
271840635
123064587
647813205
783256104
831460752
813054726
834021765
823015764
137460852
713250648
172650843
714032685
521083746
274816503
143576208
647351802
413270865
123076458
752863104
123574608
236180754
204586137
731820465
243850716
284356701
274013865
103854726
516843702
713568204
384062175
532014867
631720854
834610275
857230641
234018765
103785624
473026158
728056143
203184765
208451736
104825376
721856304
218367504
123860754
123740685
126054738
102437856
802674315
345280176
124037856
283657104
123064875
813026754
542187306
714358602
136527408
401865723
708615432
483210765
104736582
153024876
214036578
106832754
248670153
452816703
123865407
728431506
812063754
428357106
134250876
138047652
301756428
386012754
215063478
325176804
308624751
135782406
234180765
805241637
584620713
142863705
183462705
123867504
178032564
718350642
246130758
163072854
613085427
652780143
482016753
405682173
283014765
461283705
123864705
684170352
231076584
703285146
861730245
803256174
612840753
834072651
103857624
812750634
803215746
814736502
135687402
324158706
418250736
612830574
102685734
782036451
801374562
206845317
243180675
123740568
802416753
374085126
283156704
835712604
123056748
103754862
123056487
813056427
281730645
205486173
861734502
701286534
482173506
147823605
316720548
203174685
157430286
183726405
234185706
123078654
623014857
812370654
713580426
536184207
528740316
234165807
312064875
105846732
501648273
214367805
341687205
365740218
541083762
213645708
237156804
713450826
402173685
603721485
237160854
781432506
382174605
103825674
741283605
812073564
703415682
387654201
135748206
103824765
801253746
123750486
