713524680
150482673
832706145
283405176
613504827
126507483
728314560
468307251
186504237
812675340
741203568
638705412
248105736
132705846
435726810
712634058
234106875
035182467
042785316
138672054
027384651
130524867
048173652
583102476
615807423
135206748
861703245
034617258
631804752
286134057
134827650
152836740
082457613
072481356
614807532
318475620
256804713
841702365
041786532
841305276
045621873
268354071
436825071
670512384
860713425
723681054
283705416
473126058
068512473
150437862
034821765
834217065
015367842
162874053
823641570
624501873
623407185
872506431
560412783
834205716
130867254
024635187
482617035
041362875
627358140
657438210
523478016
263541078
254107638
084312765
354276018
841502763
160785234
587203461
063271584
614273058
365402871
675348210
265834710
260374185
012758634
680524317
710253648
782463150
230516847
256478130
710463528
514728036
143705682
816235740
462813750
136508724
420137865
845102673
620413587
642853071
723685041
025816473
068417523
465307218
813527640
284106735
253608417
783601425
365401278
436185072
345671082
270481653
145603827
310562748
035184627
173824065
612734085
520174683
027615843
123708654
120467358
270613548
861204573
026741583
378245160
613845720
140627835
230654187
813245760
123784065
071236485
285406731
423816750
310258764
170382546
024586137
684573021
840513276
154687032
142607853
278503146
072831645
083521674
063847125
142806753
287643150
286103745
378241065
345801627
240517683
384205617
072431586
130248657
750683421
718625340
068273145
150874632
561402387
863247051
023184765
750832641
142638750
087531246
124536870
260178345
268514730
134862750
731402685
172304685
087236154
410367285
251604378
123706584
068741523
710625384
651483270
573682041
270164385
052316847
736804215
780513462
723415680
013687245
657102483
512846730
356201847
051873642
368401257
137562048
670823514
320854671
253816740
368142075
430618257
164703852
248735061
842731065
268103547
148356072
587241063
150473682
083216547
861724035
683104275
012845367
083157642
064152873
274603185
062485173
716483052
074238165
081632475
150843726
024168375
435108762
057634812
310264587
612407538
781632045
236415870
285463017
154683270
831254076
024836715
041386752
013784265
836571240
130856427
023651478
612385047
341865027
234105867
826701543
752386014
345178620
018753462
142603587
812503746
235167084
325708146
610247538
153268470
452803176
784321065
835714260
623745810
056234178
015874263
845162370
830675421
831602754
761403852
810723465
627341085
312408756
013684257
651703824
751624830
250461873
584302176
058164237
126703485
358246170
462583710
678301245
810643275
042583167
123506874
130628574
642501837
840316275
250163874
827306451
025137486
610873245
815732460
143728065
812305764
283107564
513826740
283507146
346158072
153804726
813204576
140263758
748135620
013785462
820613475
146528370
421835076
218735046
128563470
234607158
735864210
014658273
235148076
543876210
841357062
056812734
076154283
065123784
512704638
841263075
280153746
658734210
834615027
830524617
732168450
028345761
426305178
673204518
435862710
785403612
362845170
637504218
354682017
153468720
356184720
630274851
781634052
547312680
581604372
512804736
831657420
547302618
025317846
748602513
380451627
751246083
831624075
123506874
832704156
364205187
084317256
247653018
516804237
821604753
032817564
250437816
187245036
756813024
635217840
813245076
685712340
470836152
281703645
742835610
720465318
758143062
213408657
820654713
186203754
243601875
013826754
718305642
720835614
364517028
846231750
810364752
356124870
514628073
843502716
245168730
873104265
210873654
852106437
182304765
568704213
150238476
812605743
812537046
256743180
324105687
418305627
312704685
640315827
035827164
138406257
473602518
826501473
472603158
456803712
528746310
851204376
834205716
243815760
021873654
781263450
562104873
420163875
256104387
563148027
572804163
642801573
681702534
374126085
140758362
632805741
713865420
283501764
312476580
482506173
582764310
165302748
243601758
741603825
073814265
031476285
127548360
156782430
458602137
028146375
241736058
435206178
125364780
327158640
613245087
720418653
741503628
143825067
630527814
638701425
031564278
042167538
634582170
784635012
384125076
241305786
854207163
183427065
073418256
051237486
463105728
821407365
820364157
467205318
317205468
734812650
630824751
564321870
648205731
170683542
813764052
152768430
315246870
614823570
014283576
178402653
015763248
821534760
025318647
485132670
561438270
620743815
650724318
127654083
730564182
130824576
840236751
023578164
462187350
581724036
821367540
623701854
283405761
173284056
341708652
128576043
420816735
712604385
236458017
120863754
125674380
813642750
047168253
243186750
184723065
432187560
718256034
728431056
720463158
681437052
523784160
478305261
164703852
781503426
041573682
524806137
356874120
512407836
238461750
068124375
283715046
834567012
078254163
284753610
826754013
024136587
270148653
830247651
135872640
680523147
682513047
870624135
281763054
870412653
450817632
541703682
057462318
458163072
810326754
254106837
264873015
786341025
067813254
450186273
167302458
851623740
453186720
361804725
235876140
013725864
527134680
146502783
364527081
370248165
285617034
350217864
012364758
160382745
047258163
850413726
234765180
540762813
861507243
483701625
452816730
627341850
361802754
456801723
086215347
480671523
276483510
836452710
012843765
610853427
072451683
182405763
071528436
420731568
058471623
514802763
057863214
562803417
028465317
738642051
824637051
637154820
314705268
234805761
784205316
013257864
864702315
431856270
145306872
347205861
830415762
635724180
123874056
120843765
470358126
347801265
231864075
043712568
316724085
847305126
213806574
073285614
850472136
712603584
254163078
783604215
437205168
873615024
351408726
861504237
367254081
023174685
140623785
734618250
150832746
186342075
138752064
248135760
013825746
530871246
136807452
168305274
132608754
378624051
025137864
721634085
130526487
035216784
738451260
450263187
726145380
438602175
072154863
760248135
158327046
570162843
562814730
361805274
576801342
325108764
578206314
176304582
750682134
834206751
851406237
324106785
023586174
157284360
634152870
264183750
741638250
416307825
432756180
741803652
183602475
630214875
152783046
087532164
482517063
423601578
083572461
821653047
853647021
863407512
014357862
720158643
628405713
048512637
246783015
642703581
130846725
361502874
857246130
720456813
274301685
217843650
368125074
051867234
840312765
583102764
823506147
134806527
472135068
486357012
835461072
843275016
361507284
740531628
356412087
235746018
175308642
024836157
543802761
623714850
254738061
835274016
354201768
736802514
182305746
260183574
813604527
154236780
821705643
418605372
871605243
130847265
125703468
120457863
167435820
023456178
136805427
048517623
812407635
243156870
136807245
072384615
851403276
461827035
415803276
764512038
734265810
123604875
734601582
483106257
680351742
560327148
682134750
048715632
524801736
361842570
810625734
270156438
850143762
618573024
324681570
028716534
485706231
345276810
063481725
256437180
048263175
465201837
234716058
235164078
075281346
514806327
450817263
273104856
015826437
283467150
175203486
058721643
135708462
326104875
071834256
384162750
183764025
047586321
138672054
320861745
614305782
835461072
128654370
083524761
762103854
618534270
720813546
680135742
432601875
752863014
057831426
724651083
015674382
473185620
120647385
253401876
872463051
723856041
034682517
342518760
814563720
134286075
842736051
046327518
435826170
270184563
670513248
724603581
273805614
620578341
027561843
013852476
075836214
283107456
815426370
850726143
352108746
061278534
284357160
136852074
138506274
867205413
371504862
287635140
385217064
230587614
374201658
580372146
124803756
021346875
024173865
837206154
143805276
370184652
027468153
453108672
276103548
420135687
514237680
058374216
810243765
412805376
370241685
124685037
370648521
264105873
314705682
358704621
851723046
738251064
853214760
073485621
734805216
428613075
025346178
326174085
276304185
761204853
273184650
380126754
034852617
152638470
081325674
374561280
043725168
072835146
578402316
814562037
812745036
134285067
630172854
147586230
054132876
364721850
314762850
640571328
732568014
052183746
741835026
128307654
018342576
712485036
310752486
127385640
824506731
813507624
514308276
830724165
162703845
120376584
527146380
043186257
130524867
364728051
360281745
710456328
784315062
374128560
165403872
438602175
136704528
348107652
135846270
865327140
843501276
278653140
013267584
234106875
053214786
364208175
854261370
013526874
736501248
861503742
056372184
042168735
085216437
481532076
713602854
720315684
023786514
812503746
386407125
728306154
678213054
235781640
012748536
248713650
578201346
283416750
245783061
517364820
542863017
283105746
125603874
315427860
264831075
854367210
280613745
071642538
712538640
374862150
654782130
316472085
654812730
142603587
036421857
814563720
278603154
561248370
068734215
032156847
430782165
073814265
035427618
048276351
087132654
516804723
745812630
278306514
314876052
476852031
631785240
024786531
147356280
536748021
384602175
382706541
820435761
245601837
623457081
472803165
782613045
720831645
047615283
751802436
172843065
283105746
471502386
375604812
684253071
462305871
634815072
830654721
230647851
438105726
082763154
514702368
350874216
748632015
032157864
415802736
817604532
136874052
185634720
425107863
230814756
027458136
214607853
120875634
235806417
564382017
034852176
764801325
285607143
782105634
123785460
734825061
237548160
683145027
278136450
214635087
415602378
213786450
053762841
240617385
015476832
471603285
435672081
230581764
652318047
012476853
280614375
267153048
167284530
518732064
375801642
031827546
326148750
012758346
761542830
130746285
837642015
170428653
815703462
183706542
580246137
361208745
268374150
623718540
241368075
214506738
215607483
241785630
825106473
214768035
381574062
273184650
