803675142
402358167
403615782
185432706
102738645
482036571
412380765
208143765
423715806
345827106
146320758
162043785
147526308
461837502
257816403
813467205
813245706
867123405
341250768
806123754
234187605
471362508
401823765
837264105
215643807
643012875
763025418
504612873
604351872
102678453
184570236
678021543
376284501
415623708
875240163
703618452
561042873
623045817
128065437
576012483
847026135
134520678
631075284
203786514
142086537
427153608
684720135
456083271
743216508
127450638
648031572
214053786
134065278
136057842
201346587
716354802
483052617
602187453
603287145
325816704
203861754
403152768
302814765
461280537
872054136
206158743
234168705
102863754
836740512
102865743
581740632
178064253
261387504
813025746
814072563
678430215
547680231
602584371
372160854
203781546
826435701
812540763
754180263
265184703
613042857
874063521
642380571
841730625
187463205
138260754
165230784
783510462
371045826
104286537
274013865
851346702
263078154
741653208
352046718
863120754
873026514
864315702
601243587
814230675
683015472
408136275
831072564
407682351
361250478
247615308
541830762
728043615
783012654
814360752
301856247
365780124
204163578
102368745
824350176
187436502
502678431
821056743
504836172
154382607
708142365
603152478
641780253
317586204
853126704
136470582
567823401
326150784
123048756
812450736
326084157
651072438
142830657
718063542
143078625
754061283
124563708
364015827
152086473
706182453
107635284
501734862
713284605
512370486
375842106
264183705
648021753
405237186
517628304
502384167
563827104
482015736
725043168
754120836
764580321
856132704
634270851
483750612
387654201
784025316
167025843
806547132
407831562
234075816
314857602
384021567
257384106
516048273
405186327
368120745
364017852
132048576
103845762
385460271
542860173
206718435
873216504
253140867
376280514
642185307
163820457
857326104
835620174
106835742
154268703
124583607
218034657
503862471
357148602
768241305
152380476
401658723
847630125
364082715
826071354
782613405
614032587
831062547
562143807
381465702
284750136
106532748
305876412
821034765
261857304
834671205
546210837
287650134
706312584
173086452
734810652
607532148
246813705
413587602
601273548
104875623
384157206
258613704
405236817
126035748
837620145
465718203
418537206
821063745
523064817
347210856
403261875
786320154
453287601
428031657
306874512
581746302
425017863
382046175
387160254
725014368
831752406
412536807
531827604
851637204
624073185
713548602
273614805
805364217
205643187
106543872
502183674
306285714
134026578
461825703
384012765
738640512
453072618
814532706
145872306
548172306
742083615
463270185
316284705
328540716
804657132
614038257
843026157
452037618
782431605
456180732
358710642
107358462
857460213
781053264
748061253
403185762
257610348
814023756
861530427
438051276
862345701
426173508
452637108
283470165
452610837
603254817
612740583
523470168
457082136
406273851
872634501
372614508
631078524
105482673
314076528
341728506
104682573
374620158
542378106
403286175
403781256
618053274
124865703
158240736
736852401
487536102
283146507
105273486
671240835
607813542
362045781
201475386
718235604
701682543
321685407
735260841
714850632
318057426
806214537
718265403
502481673
154623708
607153428
241063785
374160258
236750418
478265103
302671845
243165708
863250471
802453716
376025184
645137208
162340758
123840765
184370652
682013754
425831607
587142306
107365482
381476502
218053476
421035876
164753802
381260547
273560148
281350647
672810345
435870621
156280734
436058712
403275618
412037568
684320571
201754638
236175804
168270543
107643285
704185623
204635187
758642103
143820675
682043157
347028165
715630248
132084756
135687402
534620178
123870564
402653187
102845736
472130685
653874201
132076548
123864705
832014657
125840736
523760814
713256408
725830461
275310864
207541683
712358406
201674853
872143506
426018753
138276405
304126578
583014726
108742356
204378516
217064358
843017625
132760854
104635278
302174586
231840657
732418605
347680215
873612405
562840137
631540872
316420758
572063184
382076154
862140375
621057438
503642718
201354687
472135608
348125607
103725486
132458607
645032187
832640517
185320764
841062573
623450781
167423805
361087245
874530261
617042583
214870635
704683512
568240317
275140638
745263801
803712465
142063758
504281763
841635207
105236487
174360285
132047856
526074381
163482507
163048572
142086753
718364502
205871463
314782506
608324715
247068351
145830267
541862307
768421503
203867514
102647385
257140836
123058647
234810675
234810756
624785301
374015286
502681743
308274516
741820563
807364125
185670423
364028517
602743815
362150487
307846251
281730456
384721506
541063287
273840651
356270814
527140638
273146805
263051874
472015386
814760325
523740186
102478635
142580637
164375802
186427503
238756104
542013687
306751482
637524801
537160284
273185406
401285637
508724163
123840765
532014678
701526834
158674302
867352104
854127603
231570684
286041573
204861573
135760284
134276508
745628301
507816342
563120748
805634271
486520713
812073564
281065437
325048716
753062184
405671328
467820531
154082367
504176832
123045876
852340176
432015687
126785304
803276514
203614578
231780654
258730416
461580273
238017546
502687341
785210346
475062813
781526304
708415362
732684501
148720635
817035246
103825467
781360425
724810635
127483605
326781504
802145763
105624783
802317465
421085736
401572638
748165203
713425806
183046527
123045768
407316852
286015473
745023186
843075621
138620574
157638204
537841602
183024756
207518643
731620458
754028361
305462187
728410653
286354107
246015783
703826451
851670423
354062187
143765208
326710845
254831607
407321856
281370654
245387106
287531604
741235608
742013658
401258673
813245706
512460387
438570126
704631582
361274805
185270364
687142503
415867203
536140728
273850146
173045862
604527183
136857402
204173586
741850623
743865201
215386407
401583762
807536214
607152834
173468205
234675801
704365218
205764138
206438715
385076421
873520146
503216874
841250736
821043675
682710543
735018264
781630524
182540736
384160527
102634857
472163508
803715642
745860123
203816457
723648501
521760438
823075146
801462753
253187604
327180654
401872653
572384106
851374602
801624537
654310287
753012648
471082653
468021735
123084576
126543807
408253167
416827503
507243168
125874603
832054716
305261487
278613405
672530814
861057243
106835742
647831502
653172408
154023867
607541823
236475108
412567803
605438271
287153604
237840561
284056371
847263501
507286134
182634507
324810765
243680715
812763504
536180742
406378251
107234685
823640715
405163278
324015768
486721503
325786104
701283654
103284567
612835704
105826374
621740853
182360475
346280715
316520478
523840716
806754321
735068241
815064723
435826107
812450673
247850136
875260134
318265704
803647521
527310648
615032478
274083615
423185706
871643502
703586214
285630174
826470135
726315408
406812375
124083675
605412738
147852603
201875436
351076842
583721406
706518432
825463701
307814256
145680723
502384167
813250746
835241706
247681305
378061425
108243567
423160758
831062475
581037642
281037465
614872503
613740285
301824675
238670451
632071584
702816345
382570416
823571604
823165704
832670154
523046871
314276805
304162758
172436508
601738452
845360712
624310785
618527304
137058642
813542607
728546103
721036584
263458701
341652708
567231804
485012763
157436208
325716408
156740238
401527683
876240135
403275618
761250483
561423807
514760823
618034527
372851604
167840253
142075638
802461573
853260174
614250873
746381502
862041357
247613805
285036147
647085231
124780635
213450867
508326471
256813407
145073286
745031862
638524107
863120754
152846307
742530168
715034826
512486307
371460285
308145762
782035164
621740853
304871562
236045781
215046837
245017683
271536408
581026743
283156704
408156723
816074523
528340617
153086274
652184703
736521804
201867435
847036215
426810735
235746108
367480512
145680723
103826547
816720453
821074635
843517602
208653471
248657103
274310685
265730418
176028435
487031265
307651284
627130548
835074162
601724385
317584602
812743605
234016875
703654812
651823407
514032786
108325476
403516872
163027845
653182704
203186754
103682475
701532864
358021746
781230654
671534208
253140786
102473586
613254708
725431608
678130254
803257146
123640758
128730456
845023716
812753406
783650412
304186527
614782305
432016578
501328647
453286107
308465127
102534876
208763514
721835604
783461205
513670824
836170254
845730126
307152684
165378402
748032156
146830752
465123807
425081763
512460738
605148732
104583672
842056137
203165847
581064723
824570136
142037658
612730548
471850263
801463257
804312657
256830174
658021734
304672158
602138745
326547801
712350684
482013765
218734605
104253678
503241876
325014867
516387204
105346287
143058726
473021685
631527804
308274165
842365107
208351764
453816207
804731625
802643157
326810754
375046218
823710645
103574826
162843507
834071625
831075624
405872631
603724815
174258603
375280164
234810756
206138754
104758362
872013546
604528713
137028465
154230786
376082415
405217836
231845706
813720654
205731468
314068527
103246758
158043726
107528346
716032584
167580324
504182736
856714203
603814572
145860327
532867104
218035467
541076832
705843162
156083724
137045682
574681302
104732568
145637802
123854607
108674325
834567102
872460351
412630785
781025643
635028417
613480275
365021487
263470158
134078652
108354627
578064312
405128673
174056382
412650738
803462715
126835704
751420863
163470852
103274658
507468321
618543702
703516482
123450687
513048672
638021574
253614708
178632405
284061375
345016782
236018754
425673108
165824703
847125603
123847605
462130758
582046137
183257604
186730452
512034768
438750621
612378405
745812603
134067852
714038265
128074536
473052681
356420817
461832705
738612405
235870461
684157302
103452867
371620854
827540316
804612375
674051832
708231654
786052314
354062871
843260571
806315742
205673814
786254103
837052164
243081765
156237408
613820754
105846732
385160247
503871246
387450261
842760531
