518406723
076234185
120746583
081253746
152643087
413785026
026134785
714806235
385742061
681734250
576823140
053186427
253604187
138465720
587426013
372184560
026178345
413286750
712608435
031624578
713428650
478501632
082173654
187346250
034518726
873104652
068452731
325164087
264175083
384107625
132604785
234106875
078624531
120835476
345106782
340152678
348701256
063185247
128374650
213675840
658201473
138704625
160453782
634827510
142503867
851672034
527806143
864203715
247681350
026815437
174608235
218463057
013627854
516203847
243167850
083715426
437605821
253801746
657803241
621845073
142675038
583701426
268103754
215683740
142603875
178362540
231875064
860245713
064587321
458702316
384106752
153602874
386201745
683714520
023567418
340185726
482137065
385702641
810624375
287403156
841263750
820345716
134562087
346205817
756248130
421785036
341705628
182503476
681203745
730421685
052487316
472368051
420183765
715628430
058213746
450872316
821736054
278143065
234608175
162405873
362705184
517284630
512784360
581274630
873104526
210843567
743208156
764205138
450812736
712403685
384125760
847201653
276815430
023815764
321684075
067215834
421673085
462801375
438102765
235104876
874312065
523418067
621703845
243856710
471206385
860214537
813256074
450712386
713205648
061257834
032184756
083216754
325801674
628143075
037286145
543627018
374821065
324867510
163405782
130728546
230174856
018345726
761324850
834217065
081345276
426803175
281743650
480613527
475102683
067153428
361204587
125403678
834126750
357148620
023816745
283164750
673215084
823706415
462807513
526108734
683204715
268541370
163857240
051642837
285103647
720648531
023658741
342705168
186304752
268734510
782301654
152708463
147306825
076345281
814602753
120863754
837602514
863702451
241507863
168375024
087253164
364172085
160735482
042186375
481205376
235147680
570826143
183702456
423187065
713205648
180563724
746205831
783612054
068752341
173582460
083264175
028763451
125807346
624713058
718645230
785401362
061847352
412807653
120863754
524138670
425638170
673842015
183206574
726503481
217653084
046258371
843102765
843712065
024675813
064183572
631502478
812706543
120784635
730426815
786504213
168752430
135287064
423718650
413785026
814302576
581602734
567402318
374682051
014726538
067341852
130864752
312804765
016732584
830245761
823146750
085134672
081753426
457612038
123864075
437102568
810726453
130428756
863274150
780532461
075623184
423801567
734681520
870416352
437201865
486572031
253704168
061823475
084325761
160752483
714603852
582406713
642803175
230641875
435286710
315862740
081375426
126407385
820761345
230184765
682713054
035487162
620813745
128403765
728143560
613204875
025346817
410725386
125364078
134206578
687501432
387641250
274501863
140236857
068132754
860312754
214386750
063128547
167523480
417205638
815472036
154803276
183704265
172408356
153806274
740825613
346752180
152403768
814326057
258164730
653201748
352708416
142708365
183602475
720486531
572864013
465731028
230768154
280145736
830267154
287604153
048763215
643178052
241738065
234705681
018623754
014782653
065732418
710864523
378265041
148602375
842705361
712806453
135784062
751246830
186742530
374802165
084517326
253168740
234861570
326851074
154328076
230178546
265708143
480532671
130862745
816504273
861253074
741602853
314587026
654203718
653104872
013485267
283674150
183276054
673105842
045137826
621834750
128506473
246105783
128603754
132504876
710682435
732514680
023584167
571364028
362715048
135804276
014637852
816274035
021863574
128463075
054726183
261708534
618537042
745106832
075124836
458162370
671348052
135602847
814205763
087415632
768305124
156802743
741835026
574386012
413507268
017682345
412708635
835706241
342501768
850621743
641257083
128673450
623804751
561408372
687103452
132805764
713842650
138425670
510234687
328704615
243608157
283106754
582413067
152843076
018324756
214358076
130248576
120687354
346102578
452703681
014235687
386124075
725803614
516243087
081732456
153462870
710263584
023475168
036571842
061784352
630184275
023586174
036271854
460531872
841673250
780451632
825306174
326548017
235164078
365701428
387214065
081735624
582307146
415278360
830672154
183406275
275164830
573204816
830271654
643285017
236807154
418357062
082754316
613582047
120374856
135768042
163804275
145862073
127583460
672853014
712805364
134752860
130874625
180642753
584261073
062783451
234805176
624185073
682754013
613274850
863124750
124386570
138205746
783126540
025617348
813576024
085276134
046235187
287605134
670315428
013578462
312704856
723805164
482307165
731542680
682103475
213508674
146307528
812406375
320714685
713284650
512748063
850241763
324507816
587201436
580721436
831576042
512863074
154278360
364182570
043186725
671305482
610523874
487203165
250813746
560127438
456382170
261503784
045713682
645308721
084375162
382601475
513846270
123786054
364701582
172408635
842167350
015384672
581602347
210568743
145823076
073185264
073845126
017642835
358416027
142863075
743856120
130875426
245301687
845603217
815302746
213875460
376148052
624138075
765318024
083245176
450786312
015847362
857203416
071625438
840267513
710342658
078316524
345201786
025437168
187652043
586742310
813706452
538604217
014385762
014862375
132786450
283714650
215704836
386715420
835421670
230184576
058342167
213408576
473506182
713602485
684521073
173465082
247108536
813576240
254167830
283705416
640325187
380451276
043687512
160548732
458276013
854306172
864325170
485702613
013826547
038452716
730842165
213607845
123674850
841627035
523401867
872364015
683452710
081742536
083176254
284703516
567813024
573216048
276405183
134628750
813257460
341502786
120468375
451678032
830264751
620371485
136728450
750328641
147326850
152603478
384726015
264807315
742618035
013627854
140328765
125307864
260138754
675418230
154802736
674182530
248735610
548301276
243815760
718603542
315872460
018672543
624308175
046827531
820613475
463215870
823704165
824375160
352601748
264103785
283714065
142586370
463801725
832701654
741206358
235641780
724381056
064231875
235418670
487356021
715402368
284306517
547801362
013856274
861704532
864132075
170623845
024687135
481605732
140762583
170452368
574623180
132708564
643815270
480125763
280571364
075318246
016438752
034157826
120658743
083712465
870532164
213507648
715342680
238165740
623745810
235768140
230174685
380452716
614325870
023746815
016342758
234851760
863407251
268304175
673815042
413275086
238456710
182563074
287106534
280736541
315208746
348106725
728641530
182735460
512374860
120745386
576138420
173804256
723104865
310874265
073285461
865243071
132405786
850172634
462807135
021385476
710586432
041738256
036142578
016538472
860234571
614328075
047368521
367581042
742683150
431285760
172304685
712853640
123745680
071346285
280476531
237564018
425608137
074685321
283156740
571304682
045731862
346207185
235187460
315708264
612378045
784301625
150762438
263784150
710826354
152376840
680325741
142705638
523806741
674502381
324601875
053614872
723651480
125604378
023147658
827431065
150832467
034267815
236145780
710562438
062714358
653104287
275803164
036781254
126703485
685321740
580147623
078462153
218704635
174208365
812456073
123867054
426105873
851346072
258471063
134862075
720146853
564201873
531642780
130845276
842763015
164835072
160735824
276408513
568324170
752841036
513708246
124763085
045312876
183706425
814735260
715683042
732601485
471605382
425307168
840125367
140735286
023145876
263104875
034218765
123806754
128764035
825604317
780453621
830275641
812745036
640172835
710342658
023874651
273156048
073126854
845217063
513702486
642708135
365241780
873106254
140672853
832146057
143652870
056738124
341502786
785402163
415706283
840235671
140782653
062348715
230184765
725384016
583167420
418302567
382406751
123704568
813256074
734816520
851243760
273108546
034175628
130756824
012843657
850624173
530716428
850413726
278406531
412805763
830417265
724306518
046823175
257168043
031547826
826401753
641703285
270153486
057362814
850713462
134827065
081265743
037852164
250136784
856214037
318706425
375102486
384216075
268403157
476201835
683751420
830214576
127508463
237105468
125784036
340825716
280731564
185203746
630285174
436572018
420316587
856721043
320765418
130527468
716354082
471803562
023178546
214687035
718643520
234856017
265814037
810752634
813245760
236547180
123608574
670321584
134607285
071634852
253746081
071468253
816725340
835761024
872503164
130425768
735416820
734106852
241507638
236104785
613204875
360218754
716208453
456372081
280763514
038145762
432105876
510347286
071253648
576243018
386105742
527108364
781234650
163204857
851276430
063841752
413605827
840237156
831652074
534102876
056273814
638274015
348157620
653104728
672405813
734601825
145806732
810273564
021743865
034268175
735621480
273168450
640781532
618324570
657304281
825307614
241308765
450681237
132754068
873261045
024368157
316804527
258613074
364157820
362158740
156827430
263805174
465203187
185204763
018376425
634708125
672431085
042861537
132805476
013726584
135846027
381652047
215703486
452178360
083245176
840721653
018234765
046821735
640812735
132745860
841326075
638402571
583741062
018634527
460531287
325147086
624103875
658102437
870263514
247803165
234105867
182604753
710642853
431862570
152673048
148753620
064135287
253708146
156342087
831267450
154702638
850632174
134205876
681473025
147823650
130725648
182605734
530218764
283107564
081723546
731802654
415206387
675803214
436521780
087516243
147682530
421576830
423801756
023765814
461803527
038714265
056483127
172684053
012786453
615302784
257106843
314782560
340185726
016845372
816542730
715304826
814603725
235716840
613824075
064387251
847302165
064285137
146832750
154706283
316708524
183702645
315806274
015832746
582463071
731602845
013274586
831462075
170568324
168243075
580724163
056182743
461302875
375126480
128635047
025387641
531874062
134562870
081436752
670238451
284163570
371256048
