524316870
128756340
082134765
460521837
384206715
128403765
857203164
025416783
163702854
240136875
460183752
841635027
248135760
248375016
421806753
782406531
834627015
728103654
123506874
081254763
254176380
830714625
267351840
123807564
621834075
623184750
180623754
150873246
851402736
870314265
253176084
831705462
410782563
253106874
136702584
084352716
162803754
710382645
820351746
830716524
146853072
125704386
482106753
346108752
382601547
253714860
063217854
234156780
126537840
283564170
628704513
342765180
430825176
813205746
658103724
835176240
023185746
013624875
721403865
063745128
014835726
185304267
123674085
024738615
810523476
324105687
174308625
863271540
584723016
081732645
034162875
173654082
385146270
675804312
412763850
472613850
012683574
173245086
130857624
130825467
382406751
247815063
724106835
083617254
048213765
517462083
013824765
834752610
430728615
014862375
234175068
134802765
576123480
134702685
130824765
231607854
074265381
142568073
423801756
123804765
315206784
136852074
134605827
841703625
153784260
218345760
480253716
073268514
123706458
712863045
013425876
380714265
120783465
235104768
483721650
320174865
124576038
671802435
041835627
036781254
813264075
024536817
742368015
851206734
830216754
034675218
823761054
234106758
142703685
831742650
240753186
015862734
134726850
520814736
120836574
512708364
137625480
345726180
142863075
023514876
521407863
216483075
315246087
081523476
053216748
814302657
812453067
028163754
246735180
283105746
130768524
251783064
345102768
024783651
810346725
328145076
876432051
231805746
631745820
130725648
351407862
841752630
125804736
160253874
263104875
430185762
582607134
132485076
182506374
283104765
273506148
124608753
728451630
184702536
013754628
413562870
582701463
465123087
023146857
142863750
437102685
258103746
840356217
613842057
035248176
046128753
712435680
360157284
512703684
812403765
356824710
410326857
813702654
342867015
412805376
034218765
068421573
487601532
180732654
023167485
410687352
410832675
128753460
130786254
450627318
134625087
254103768
180672543
281703564
435701286
412805763
482506317
023187456
085312746
813706524
142806753
048632175
184302675
283164075
671802543
018732654
138705642
134705628
712605834
236804175
620345817
056437812
063125487
136507428
143702658
148723056
243856071
273605418
761205483
126548730
623845017
013624875
134806752
034156872
132406587
152708463
270613485
284615037
813256074
472103685
083546217
265108734
142586037
472158630
813642075
142607538
042167853
146785230
523164078
182345760
430815726
465801327
512803476
532841076
024378165
620457831
810543267
026438157
280137654
146832750
382614750
470231865
813724065
863241750
152308764
570283146
451802763
671503284
364812075
024613875
261703485
712305468
236158074
813257046
082145376
450123876
134762058
320148765
321476085
085234176
125708643
712683540
081753642
258704613
085472136
183704652
824603175
081253746
351876420
124305786
120846753
784601523
810643275
021536748
368104275
143728650
172504863
613785042
721603548
135862047
476308512
630217854
710452638
816452370
245803761
621803475
152436870
731802546
813726054
028143765
325147086
283105746
812435760
123708465
246103875
413805726
814325076
123564870
134782065
123786054
258103746
870421563
618532740
712403685
632104758
713205486
127548360
612405837
074231685
730618524
048215673
745186230
386205147
310256874
674301825
028167453
123657840
123684570
753142680
230164875
681752043
012367485
281743650
410572863
814702635
123806754
562183074
173605482
425176380
013826754
025173684
835702614
812603475
081243765
358104726
150837642
718263054
834215760
581732046
830751624
150432876
423108765
345208176
713458026
327504861
715326480
253168740
123856074
130564872
013725648
830615724
834765210
150824736
713204685
871403652
864201753
134208675
683214075
152836074
820541736
024136758
781205643
482135076
032147685
160247583
812703564
083215467
234608175
825103746
813204765
865237041
234108765
351746082
513706428
517203864
453607218
314607258
156703428
813256074
810652743
756804231
658731420
560248173
851463720
128537046
042861753
028163547
250134876
718624530
283104765
315802647
840316752
623105874
410682753
067152834
276104835
134785260
127608435
134876250
420185736
836701524
384102765
130846725
125408763
713806425
143805276
235486017
148306527
283475016
816473025
845306127
482106753
841673025
026735418
315724068
845612730
234751068
146302875
423108765
061872543
153804726
831702645
052136874
810734265
123806754
784106532
482107356
821453076
043126875
245607138
053164782
821746350
073264815
734106528
135782046
230874651
781645032
158762034
438672150
273504186
354108762
236504187
862134057
235814076
526103748
284153076
162874530
783501624
120867453
240538671
612435870
230185746
278603154
123864075
635408127
036275841
830246715
781452630
214305876
670142385
243615087
782546310
768154230
813264750
283104765
460132875
470832165
732648015
813724065
123845760
263501874
810274365
013724856
263405187
160853247
123645087
450326187
258403176
675243810
231785460
612803745
741803265
810253746
314728650
783401526
130425876
013875642
120743568
017246853
620817354
834201576
253106874
035142687
365208714
138572046
386201574
823701456
263405187
072416835
152406837
014863257
012645837
456302871
613274085
136824750
130768245
243601875
713605428
013456872
145708263
748103625
234785610
215748036
281573064
146507823
781203465
830625741
840315726
380124765
812634750
017832645
734618025
120843765
826341075
284105376
314602785
086341752
640832175
821673540
642301875
035217864
134782065
142805736
287603451
184562073
830712465
783152064
263105847
130724685
450183672
280637514
041572863
134825760
813502764
082435761
135402768
314256078
016853247
325401876
061782534
312864075
283715460
751306482
641823075
812573064
172583064
480375612
013624875
082613754
374805126
140832765
123804765
123745680
380564217
126485730
245836170
263704185
021648753
637201854
514307682
083712465
012763584
120743685
027183654
023718564
013726584
083512764
034516782
013726458
346872015
234805176
073218546
034625817
354218076
217608345
052846731
258706431
134806752
861203754
780514326
132785064
861304752
781234065
423701658
432186075
023158764
280154376
360251784
513728064
830214765
342806715
023164587
581304762
812465037
120854763
871653024
263817540
482713065
083126745
162803475
830472651
073684215
248701653
023854176
683214075
681302547
134702685
213684750
674315820
174825630
847623015
678521043
613204875
136824750
123568740
721356480
083274615
560384172
813674025
123658470
134785260
283164750
038172654
528401763
812743065
013247685
423187065
287134650
745301286
283145760
013625847
135206748
013867425
374508162
380765214
834702165
815264037
123476058
164852073
836125740
720184653
127543680
260184753
621305478
374261085
248705316
013825746
781643025
142856073
146783052
015834762
513206874
842731650
123704685
781203654
028153746
048215736
356102487
472385610
846125037
862701534
710628453
813726540
612753840
321865740
163842750
241605738
826741053
136804725
712685043
034712586
165703824
032168754
412706538
234675810
853104627
347681520
120863754
184562730
148603572
340286571
052138647
056821743
813256740
123675048
813205674
180326745
462103758
084231765
320156784
850346712
627501483
280637514
170382465
280134675
130724685
736412850
815702643
140632875
015432876
386452170
380576142
324815076
426103785
340758126
123864075
370216854
312405687
136802754
820134765
023854176
680143275
073145286
657438021
812564730
154732680
534102687
120653784
810243765
345706281
830245176
720183645
235876014
783256140
283675041
320814765
253174068
520184763
270851643
368501274
238765041
482167053
038214756
248703615
814627530
258701463
034125768
812743650
042683175
650437218
083715426
730641528
683104275
162504378
028743615
138205746
230641875
234165870
480162753
123705486
148753062
130684725
123784650
350174268
123578046
134825076
856401273
018743652
713405826
710243685
731502648
248713650
872503641
714302685
152783460
476205381
813645027
246173085
364107852
483172650
142863750
123674085
326105847
462507183
028345176
123745680
812706543
864207351
728501463
247103685
246801753
123508764
361204875
018425736
273604815
081243765
362158740
347125860
230485176
812405736
146783520
140768253
435106872
248163750
734268015
230184765
083214765
273185046
123785460
425108736
078623514
718634250
862107354
356147820
723801654
183605427
268403157
830254716
834261075
123856740
731602584
243578160
143206758
150738624
035416287
723845061
134725680
130825746
148602753
035146827
081742653
715246038
071583642
275406138
821704635
023186754
140782653
153708264
162507843
746213850
130628574
163204785
083174652
084735612
172803645
140328765
210734568
234785061
713684052
813264750
083265147
634821075
270143685
074152683
014538276
253106874
123856074
230187645
620783451
123804657
826713540
073185642
123648750
825407316
273805146
152604738
820173546
253804761
630521847
150382476
635217840
783124650
861452730
162853740
420175638
647102385
873504216
123604875
514708263
810243765
761523084
634182075
720416583
462173085
012763584
612853470
035472816
184637520
723801546
140782653
418203765
120756384
738201654
231705486
152403876
021743586
130586472
731605482
123704685
271603845
184562730
254178063
813204765
346715028
036784215
763214085
680143752
250763841
463105872
784521360
781603245
614372085
810645723
123864075
612503847
023164758
725638410
842507163
065128743
851724063
287134650
613804257
038412765
751802643
182673054
034821765
345102876
025743681
813402756
158674032
360178542
384156720
723864510
264103578
234816750
360258174
283764510
612708453
013825746
234816075
234175680
013876245
830214765
834725160
132805647
452701638
810462753
832706514
273508164
670532481
873145026
134805726
028145736
085214736
234106758
813724650
374802165
820613754
473205186
025816473
163854072
841206753
836204715
462103587
042183765
123607854
132784056
673201584
785103246
728614035
824506173
623104785
583246017
150742683
235106784
