713240685
265130748
674130852
403678215
268015743
138720654
506872431
347680152
308125746
235671804
803712654
136827504
812743605
103628574
816032754
162053874
284130756
712048653
683014275
751324608
708523416
781023654
264815703
123856704
781230654
134275806
142830765
135760284
145362807
652413807
812734506
423180765
283710654
284063157
813640275
182465703
812450736
152830746
384156702
683251704
812340675
816530724
426015738
123645807
601324758
123856704
123450876
712480653
623047185
163052478
142856703
103724685
814320765
805231746
103856742
203174685
873025416
802416753
281435706
708251364
425360871
841063275
308124765
541087632
283156704
812674503
804231765
104836752
324815706
406137852
302174865
402163875
481052736
841263705
136850274
861572403
812043765
826071543
183054762
758130642
134725608
283145706
432017865
802413765
851420736
123840765
128743605
134862705
835024176
142083765
701283654
813025467
238076415
134025768
148325706
837240516
273046185
253017846
841263705
203145876
425136807
874620351
134075628
613024875
425173806
263140758
238410765
304162875
173824605
157034682
142750386
163284705
203418765
802516734
283571406
831652704
708625341
801263754
246081753
172683405
281053746
236814507
861023754
812045736
813450276
146832705
154826703
834015276
134625807
236718504
712536408
813240765
482163705
306142578
258013746
152843706
802135746
684120753
834071625
714032685
748210635
302147856
207643815
306124875
102853746
471820653
142850736
201463875
123064875
834671205
814732605
835210746
634270185
253416807
783150642
123084765
134680572
412680753
284360751
812763504
128063475
104782536
374265108
103725648
104638572
354176802
813075642
123584706
142830765
503128746
813076524
804235716
304287165
203684175
134820765
813674205
804231765
642510837
472053186
702581364
462810537
834270615
235148706
203164875
124738605
834720651
264831705
301842765
204738561
817032564
342180765
103428675
703214685
831720456
783014625
142750386
803214765
284061753
362150874
628045137
813075642
813026754
203184765
162783504
103624875
652810437
542180736
105836724
182073654
304682175
103864752
825013674
248730561
734610825
304125687
358012764
315240876
803215746
103726584
812760543
703214685
134672805
512067843
245860713
652173804
283064175
142086753
501428736
173064852
738021654
123045876
172460853
301842765
304125876
813740625
105348276
634182705
164270853
134862705
305286174
123047865
634082175
204136875
681052743
123076584
103526874
103724685
834261705
612840753
108732654
128753406
183746502
142783605
123086754
281435706
123064875
871043265
708623514
863710425
283164705
801245736
304287651
423170685
823715604
234860157
312467805
702153684
801243765
123450876
234580671
234180765
103624875
713285406
123670854
721046853
103824765
234860715
304826751
638024175
126034785
103425768
234185706
124785603
813256704
103824765
456280713
345860217
743580216
106832754
283067154
731024586
781435602
604832175
287134605
206134857
814052736
246830715
845023716
203184765
138740256
573021648
103784526
813260754
801243765
421380675
103625847
301284765
125084736
814362705
134072685
812435706
813750642
873215406
713250486
481032765
102783654
681043275
346810725
234018765
312870645
352871406
801264735
134026857
836021754
283014765
873042651
304285176
803245176
123076584
236015748
305247816
208643175
842015376
812063754
701258634
712580463
438620175
142063875
135086724
423718605
302174865
738640512
745823601
304257618
142630875
803715426
134820657
728043615
263170854
812463705
214785306
802763154
254130687
123450876
263145807
834056712
612835704
263710584
283074615
105432876
105832746
703164852
715043628
283510476
714026385
123674805
634210875
134820765
103724685
207318654
204135786
684712503
204137685
613250847
124830675
135820746
203785416
701852643
462157803
152830746
713840265
135820746
108532476
704218356
834260175
813640275
824136507
123086754
703618245
502163784
136720584
104862753
821034765
481650732
105732648
105732648
812745306
301864725
123647508
813740625
283076514
813570462
815036724
123074685
803216754
234780615
812745306
134025876
602184735
831542706
301284657
134072685
204176385
713284605
384012765
234780615
735012684
283156704
712648503
105347826
104863725
142083765
246015837
246130758
136274805
283145706
142835706
145836702
206143875
304125768
102843765
162048753
384015726
124360758
724318605
281435706
203854617
203145876
834671205
103875426
584013276
723148605
172430865
142863705
143820756
805416327
326084715
258714603
123075648
135826704
306178542
138520764
263084715
345028176
873245601
812743605
302814765
123740685
813074625
674821503
123084765
283751604
104258376
728435601
234617805
872140635
748613205
248130765
285031746
742835601
283640175
185670342
263480175
134062587
813726504
342715806
283475106
123046857
357084126
123076584
416032785
851723406
813075642
503284176
143028765
203184765
671253804
204138765
283150746
182074635
134625807
813026754
162073584
821530764
613820475
203174685
826043715
134862705
123045876
283045176
673051248
713284605
834210765
423016875
123860754
123657804
713284605
804315726
813240765
145630827
268145703
203156874
703624185
127340586
501843762
478013265
104738652
178064253
612043875
205436187
607814235
314280765
628430175
126850734
581342706
103825746
136520874
304251768
836214705
516032874
138240657
823614705
812450367
143270856
604813752
102453876
823041765
105824736
238150476
283576104
123470865
135460782
438657102
234180765
682150743
423187605
283670154
123780654
823756104
814732605
102853746
206813754
834610275
207183465
153860274
134086752
142768305
104825763
816235704
802714653
384012765
632054817
154026873
623470185
283164705
813756402
843710265
103725648
247130685
385024716
103824765
306184725
803712546
124065873
128073645
342160875
304186752
245713806
803714625
203615874
134062875
673845201
234017856
714032685
204781635
214780653
708613542
802713456
132765408
203185746
712640385
234185706
157320648
813762405
812730645
203684175
508163274
632048175
436278105
283150746
783012654
102843765
814360752
236718504
812063754
107683542
123674805
834061275
207853146
108723645
354062187
268073514
314750268
624035187
608427153
705428613
104752638
274163805
813724605
834025716
305286741
614072853
782063541
634810725
516834207
203784615
273185406
283056174
215430876
102567438
123076458
123460857
802463751
102586743
156823704
234018765
142730685
761853204
384270165
103528764
106542837
402135876
136578402
123085746
134062875
865230174
218453706
762084153
814062753
208135764
142780653
812630754
468230175
162850743
823065741
304162875
312764508
843270165
865021347
142073685
683041257
704235186
208431765
128430765
134062875
813642705
142863705
803716524
314028765
102865743
123064875
103824765
167520834
813640275
813250746
723584601
123856704
703614825
145830726
345670182
702184653
128753406
701638254
162075483
238064571
403168752
152076384
183026745
162734508
123758604
301482675
521043876
712630845
582730416
803264175
145023768
803415762
105438726
142783605
123084765
413862705
134075286
384015726
134860275
103826754
142730685
813670254
407135286
283714605
613728405
831462705
105738624
423168705
384016752
813264705
153824706
624035871
102843765
215746803
287013654
345012876
873650421
803274615
123074685
123780654
405231768
234018657
136520748
261843705
182673504
273568104
824031675
364012875
123064875
108623754
345180726
123056874
143086725
103724685
803254716
342187605
817253604
381076524
813250746
375120648
102863547
708312654
851023746
301264875
263140875
761830254
172580643
281063754
123785406
208643175
734180625
123786504
736028541
813240765
671423805
861534207
213760854
734021685
814725603
741283605
721038546
712048653
625310487
234076185
504137862
123640875
142673805
103674285
203164875
124038765
613027854
123860754
672510438
814520736
402173685
851072463
603187542
751230486
501482763
504237168
208153746
702843615
813426705
438620175
103625847
601823754
103864275
134062875
142730685
142750386
728630514
813024765
801673254
108532764
248160753
861023754
142083765
234018765
704325816
248073615
862140753
804635217
708312654
324015687
283715406
204156837
823740651
826710543
134786502
423185706
102783654
104836752
283164705
102843765
407215638
268130754
103625847
312840765
813764502
103824765
602374815
673510248
281063754
283014765
803214765
134072685
304186752
305748216
813024765
584732601
204138765
123450876
134780526
603218574
283150746
234160758
402183765
138620574
142830765
142856703
437210865
401782635
105834762
142670853
123860754
162830754
123786504
853041726
402183765
137250648
152083746
134782605
801742653
604735218
861452703
342180765
801736542
235146807
481062375
812063754
423016875
502136874
813240765
162758304
208143765
608423175
407823615
142850736
123780654
163074825
354718602
302674851
203764185
247150638
613870524
461082735
142863705
408762513
234780615
102863754
813654702
324150876
403286175
823461705
283074615
814032765
812054763
721450836
803612574
718052643
374026851
203186754
813067254
234170685
206743185
146053872
163084275
312450876
803215746
123460857
813054726
235046187
234086715
614370852
803274615
283145706
613257804
253061478
482150736
134820765
304152786
816052743
384576102
813475206
273014685
104732685
814053627
142863705
206843715
813026754
834261705
814035726
234160875
208741653
123076584
871523604
146328705
132540876
824051763
216830754
432810765
782350416
284037615
173625804
302871465
102843765
264158703
703261854
231760584
701246583
247130685
152836704
801432765
801673542
802534167
123576804
814076253
783140625
283167504
236018754
283160754
631258704
704128653
108732654
714683205
712450863
162087534
718362405
123056874
402183765
123078654
748231605
851732604
638124705
135682704
813670425
103674852
124068753
128063754
128435706
203167548
248630175
856234701
713086542
162840735
703182654
234185706
283714605
123450876
324760158
103627854
102764385
873021654
237016854
263840715
814732605
813264705
872015643
738510264
523746108
612438705
768230154
403185762
803716524
861023754
