124378560
412608375
068471325
473802156
074851362
184605723
512403786
487103625
364257018
812463075
240315876
823704165
845317026
623801457
842107365
352174860
713245068
814705623
236748015
415706328
342685017
510387264
258103746
724613850
862301547
046532817
183754062
837401652
134502786
025134687
214803765
164205837
078465213
478502613
140782653
135807642
812734056
327861054
067452138
358601724
420753816
170246538
062315874
654187230
342875016
278401635
473586120
815723640
132846750
072458631
813674250
582406713
260471385
852714036
345106782
213704586
813705642
283145760
032146875
730148265
283705641
720561348
528416037
364107528
072615834
582136740
231645870
135864072
864271035
073842516
148357260
821703465
148635720
612803745
384156720
013825746
027368514
630718254
284306175
471862035
031627845
561403278
315742860
645302871
063241785
127803654
642375018
748132056
835716420
814605732
830514726
346821075
362104857
526173840
165807324
613207548
143802756
247805361
851426073
324706581
381725460
284307156
728604531
430726851
031856247
834605172
745638120
083624715
463285071
024865137
078123546
215706438
138745620
814763025
048256173
071682543
073264815
152308764
836725410
634257810
087162453
061823754
724831065
386215074
380652174
176803542
815436072
125703468
726538014
782601453
851203674
472103685
182605734
250614873
278103645
861723054
863527041
432801765
513807642
072843615
047126853
043216578
281406753
013847652
042165837
286314075
813504726
276384015
348605721
831672045
150432768
071258463
372814065
528104673
781653042
086743521
784163025
285304176
816572034
023784615
732451068
814732065
830146527
740253816
764812530
761384052
278403165
076431285
652403178
275813460
132704658
345102876
860512374
370814625
136405872
628703154
612734850
124603785
013562784
083416257
821506374
150432768
134205876
273506148
123405876
132704865
480372516
132867045
834265017
031684275
243671085
570216384
672143850
740286351
278145360
270843165
713562048
340281675
836214750
671508243
083216475
231704685
058671324
263704185
234718650
462835071
824176350
083721564
387154062
473156082
714508362
074325168
250736814
871203645
013245786
678251340
342765180
238614750
053176248
280143765
725103648
281753046
851764320
380172654
631502784
261783045
741562038
432156087
638251047
813406725
273148056
734182056
712803465
051486732
517208463
482706351
715602843
435721680
036154782
573204168
073268451
023158764
153278064
814256370
463872015
123786054
462813750
710823564
021834765
180562743
028613745
863124075
082375146
064823715
053162874
786132054
037562184
476103825
162703584
342708615
350824176
065183742
024817635
723806514
083214765
360548172
537208164
087632514
432705186
684102753
840362175
670285431
214803765
480361275
813762045
140635827
270416853
027814365
582701346
038752614
671354820
270153648
014537826
384216075
124753680
421863075
380675412
273186540
152408673
123706584
173502486
843527016
712856430
481725630
268307154
384657120
074852163
140632587
613845720
048365217
217304685
614372850
136402857
836104527
863204175
127804356
210738654
123865047
835701264
264708351
042713586
348105627
124365087
062413875
516807243
843657120
075631428
834107265
286175430
173408652
146378520
280647531
135804762
142785036
410863752
832546710
062815347
058627143
462513087
073152648
836425017
264803751
570314628
423105786
264718053
046185723
841506273
271546083
280631754
084513276
572418063
134572068
083562174
053276841
450126837
186453027
384102765
183705246
276804153
412573086
732504186
042137865
162803754
230416758
327618540
740153862
034781652
346205817
270465381
813724650
075143682
173405862
315208746
854263710
238605174
243168057
162403785
735106824
042715836
283601745
834721065
416207853
256103847
123874056
125437086
014356827
384267015
134275086
267348150
725631840
356701482
750314682
167834520
243601587
127346580
625703481
016752348
718436052
452103786
140736582
248576013
286507134
321586740
810753426
814705236
814237560
386105742
472108653
280145736
760314528
261843075
273601485
820451763
836427051
254108673
510286374
137425086
142607853
638724510
467358012
120837654
423105786
320768514
425386170
150743286
280564137
286714530
845126073
230486157
824105736
623154870
450273816
346187052
140287635
124738650
146708523
248706513
241603578
752306184
834107265
083521467
124306587
081642735
250437168
284103756
042175638
420613785
850376214
412305786
853206741
816302754
082413576
170624853
130574268
627304185
430275618
240853716
582374610
142605378
810642735
175206843
154268730
061843725
028537416
640372185
413805267
736402158
814302765
725804631
715462380
783104625
685702314
614253087
230856714
263705481
658734210
370618254
120638475
364871250
746803125
085426137
135604872
183546270
015238764
213786450
630278154
174805623
528307416
582613074
423867150
317624058
136204758
260831457
670815243
413208567
142603875
678214035
280631754
042756318
654308712
235607418
284705361
270134865
234107856
061324758
153872460
283715046
810265743
621837540
043712685
283761045
132746580
214806375
425876130
237406158
014873652
832765140
615804732
614205873
025436187
364105782
523486170
281603475
073415682
347806125
043625718
652813740
134206578
840132756
043125786
436802715
846315270
475261830
672403851
124857630
384102765
125846073
130728654
450218763
430867152
716245083
273401586
015246837
026158374
624803715
723608541
230174685
312456870
430827516
385702641
712534860
512834076
260748315
152803746
185724630
230564817
612803574
546283017
024867315
320174586
183604257
147326850
038751642
364708521
430862175
724301586
186734520
312508476
124785630
410852376
035746812
163845027
830461752
425763081
128735064
657804132
843607521
846701325
031586274
423671058
783465120
178203465
127503486
781523460
546201783
283547016
016258473
015473826
524386071
265174038
821754036
123406785
482706513
784361052
423708615
041823765
180243675
871603254
130824765
613245870
812543760
073516824
183745026
024186735
235176480
358206147
672104538
162583047
674302185
123458760
762508431
135826740
032456718
130824765
314856270
134572680
213405867
013654827
813204765
283504167
248705316
123864750
813645270
015742836
137456820
160432785
082356714
370146852
014352876
815704632
458162370
130724568
578231064
781452063
820473615
681302754
843702615
450231876
135208476
234176085
873602541
142603875
562843071
613824750
684307251
870563241
082346175
836274510
235407168
753148026
861502473
482713065
247803165
283764051
817563024
621705348
216835047
754302618
762104583
345812760
145237068
135407862
260143875
014832765
467315820
136207485
837204516
415832760
013576284
316805247
460183752
067213584
680431752
584263017
835764012
263817540
834126750
241763085
728304165
670281453
317508462
127345086
147802653
812307654
410325876
435872016
235746180
731406825
324108756
057482136
130425876
760124853
086752143
237185640
027183465
365207184
250136784
487356210
125308746
652834710
472105638
182603574
324675180
123805746
283175640
820156437
278135640
425708163
467305281
672854031
631402875
031645782
730245816
732806415
810523764
083216547
132605874
781503264
061354782
135782460
276531084
028153674
142603875
860237514
210345786
136804725
138702654
136402785
712605483
813562740
187263054
052681437
026187543
340621758
350261748
582413670
054271836
718452360
613408275
480273615
418702653
160872534
832764510
627801543
312806754
126748035
820351746
514386270
317502864
640372851
723165480
123465078
376205184
642153087
243157680
130784265
728134065
734156082
873246015
320867415
870153624
263107854
817235460
678534120
546317028
435218760
021637548
143765280
073185642
542308176
812463750
036218754
341756028
036148275
271608543
215403876
283156074
320685174
238507164
061423785
532746810
813654720
837652041
357201864
064312758
263581047
423765180
283145760
378541026
261845370
184506732
873204615
350864712
724165083
245168073
683702541
267143085
123508764
680314275
527401836
142865037
812467053
043265178
126703854
781503426
526341870
061532478
248136057
413862750
710453268
310528674
134602875
281746530
238504176
035628417
381702654
048632175
068341257
124738065
384205761
356807412
823507416
052146837
483725160
862341057
817365042
861403572
234815067
014587236
012483675
250136784
385146027
475613028
263548170
320465178
082713564
351804627
280713654
870643251
065482713
741863025
156842730
281603754
051267843
781205643
260137845
836205741
024163785
176453082
125804736
127648053
132708564
684701253
864701352
587602143
634701285
710642853
142705638
120357846
452706318
147802536
086524137
340178652
067453821
316402875
123674085
310872645
082613547
276804315
135806472
240785136
235708164
835742160
063124857
234806715
842751036
041386275
078253461
426103857
172863054
215876430
084362175
253816074
783526041
034268175
270481653
580126743
320654817
548602317
812706354
052431768
340286157
435602187
813425067
013624875
148652073
851203467
761523840
430156827
351802746
417802635
831462750
384706251
162803754
174523068
785312640
415803276
651374028
052138476
830145726
813607254
328705641
856103427
063218574
023765814
365487021
640852713
851264730
038162574
164207853
273581640
210673584
360218475
053861427
481753062
184732056
234185076
081543672
864201537
712856043
623807415
821643750
127503864
135468270
638724510
831706425
620417853
076354182
043178625
512486037
240173865
148273065
816302754
528103647
453801276
012574863
683105247
832405176
728301564
613824075
054738216
123708546
820457361
862107354
528603174
736102854
421705638
314678250
371502846
721635480
236754018
238405716
415802736
510834726
613475820
820374165
680523714
627103854
230875614
120753486
082453167
054328167
015674823
140632875
123607854
862401735
164358720
638401275
247613850
063218745
017432865
124783056
142756380
783265041
830745216
837126540
042531786
134257680
130264857
623108547
834762015
571483026
372104865
210873654
273854610
128705634
670324851
624705381
672103584
316874025
426503187
850423176
120743685
062357148
026578314
021473685
812607453
134756028
132608754
248703615
