326457180
862173054
013784652
032147685
268714035
046187325
812354760
516307842
284106735
823401765
035182746
386157042
472103856
620784531
358702461
560843721
143786250
481537062
713205648
763482150
342105786
172605843
786105324
684701253
260378154
254103768
361875240
470853216
048213576
014732568
236147850
647203518
713658042
860573421
084136725
630421875
310456827
243705186
315208746
781536420
462135870
827604351
617802534
025683174
861702543
342685017
142365780
584206317
840723561
760853214
372541680
813504267
574201683
026734815
674503218
271658034
054137286
168457023
163478520
543187062
781402653
680271543
863205147
521403876
153402867
321807654
782506413
123864750
143206758
823605417
263107854
561308742
286503147
840215376
140872635
834261750
410327586
685102473
163705428
136742085
461237085
134752860
382165740
316702485
758403621
617403285
352186074
063287451
654307218
280153746
182605347
541603287
361704528
840256137
613475820
512403867
832175640
128403765
638524170
861374250
413827650
450327168
643172085
824517630
463805127
750843216
271305684
523176048
437508162
821736540
438207651
854613072
316584027
751482360
153206784
280536147
024175836
134867052
528731046
513824670
623517840
180632745
481635720
527861043
712348065
413876025
372561084
712408653
210865347
825706431
782134560
752413068
428573016
845163720
845201376
813674025
276804153
734615082
028134675
025837461
284135067
563207148
345128076
138647052
517203648
164508372
723106854
541836027
820635471
025134687
023746815
835264710
570623814
213604857
584673120
273168045
264108753
145306872
082714536
135647028
780245361
214785036
752106483
480356712
750132846
264705831
328706514
540317682
360728541
420713658
650132874
076123584
613245087
051843762
780631245
074813625
120853746
623175840
024756138
214305687
285401637
735802641
716384025
045812736
825301647
376408215
068215743
310576482
271843056
765401283
237504681
354821076
780231654
381502764
246103875
025173846
132704865
572603184
136502748
142837065
170652384
015643827
614203578
273158064
867301245
718302654
714805263
847306215
851723460
321708564
082143675
017423685
813706524
348152760
615378240
014625873
621508473
613704852
721604583
127406583
634208715
180437265
842173065
048562173
147502863
321684075
143562078
134802765
432801765
018742356
021675483
081536724
012874365
218736540
015432687
712503864
531647820
825706431
153604827
253764180
015637248
843217560
386204175
028174365
325176084
624503178
632804715
160827543
235784160
278534061
810256473
564102837
280164735
458327061
123604875
458607231
431706285
012654387
785613240
683105247
032576418
123864750
628143750
153204876
845106237
137825064
628341570
024361875
768501432
421307658
482637051
152467830
547281360
140752386
613805742
352618740
861205743
145738620
241307856
783502164
827613045
782506413
156807342
342718650
783412065
125803764
264503187
134207865
230817546
841206753
451723068
143768520
738452061
516237084
042715836
826407351
051473286
015823647
621783540
123804765
321468750
413802657
018473625
087163542
780463512
823506471
673508142
352681470
086315742
142705638
730461825
851304726
047286153
013462758
621853074
781623054
423185760
820413765
283576140
180274635
028516743
384162750
130624875
084231765
471685320
156702483
250163487
145372680
523641780
472183650
450127863
564801372
057836124
120853467
813504672
741603825
630815274
136502874
354287160
420751386
041657832
825106734
651702843
157408326
134258076
830152746
061257834
834105627
132608475
468502317
120863754
837405162
125348076
254801763
850246173
014538762
357864021
257143680
320678154
012846753
862457130
620471358
734801652
073281564
025841736
817206534
183405726
163704825
362517084
136507842
240318675
028437561
158703624
410523786
052146837
486231057
723158046
170532684
413806275
058312764
183504762
730128645
280143765
675842031
241836750
687135024
054281637
420163875
160352847
016843275
863274150
472138056
320174865
540732186
730516248
812576043
012783465
781534026
150832674
127834650
062837514
023718564
482506173
712405638
054312786
265708143
843256017
123407658
123856074
713204685
768523410
580364127
083264175
265837140
013254876
150632478
260175843
532614078
815427063
136702584
431785620
742315680
142605783
538406127
570236814
012453687
865103472
263804715
184305762
723501486
234108765
432807615
718502643
123647580
521673048
731408526
150836724
078461523
740628135
065431728
182603574
734165028
287401536
025734861
854701632
145783026
028645371
528614073
420138675
651702843
052734168
831507426
174856230
712804635
583127064
035187642
431607582
482716053
431802756
810735462
673204851
730864125
248705316
213608754
214367085
140752638
183765042
610754832
032814765
324807561
024673851
614207835
851672340
052184763
132687540
642107358
621307485
520138647
184703625
238107654
253807416
482713065
562814730
752486310
162738450
710648523
738561240
724103856
238104756
341602758
813205746
062143785
018532476
610872543
134856720
712605348
425301786
375428160
346508217
658301427
213874065
123784650
643527081
674328510
263105847
430752861
284701356
142703685
854603127
126347850
263408751
352801764
574803216
583106742
047315682
028746351
510428673
721603854
250138674
570213486
032647158
135472086
531478260
374801625
630514278
418203765
023845671
812607534
863705412
032147856
024835617
324158760
126307845
418235076
235408761
156702483
374102685
031245687
724356081
235146870
541827360
243706581
536742180
862107435
851642730
872435061
870413625
068341572
713402658
036851274
023758461
382174065
781235046
420781653
842703651
142806753
076251348
158762034
853417026
128403765
827146053
210843675
260173854
627413850
042371865
823654170
123805746
743206185
450163827
034157826
024851763
612803457
728405163
014635278
467213085
185732064
427501638
713684520
153702468
172384650
671502483
683701524
426835170
438106752
624801753
248705163
832514760
035124786
143502876
642701538
367524180
723605148
420387651
642508173
572136480
238145670
316502847
280763145
534127068
625408173
076351428
854236170
813256740
042375816
243861075
347501628
413207865
270513684
435176820
135708462
283504167
081743625
240167835
240186735
068342175
058172643
732618540
517802643
820361475
852641370
573601428
134805726
362507148
814502673
130684725
082143756
243108756
036748512
413805267
230457861
813402756
160873254
325806714
863471025
314208576
230785164
378105642
251603874
582701463
012687435
258403761
732108654
874105632
017324658
183605427
310275864
035167482
016425837
180742635
820643571
013857462
215307846
527308461
126375840
325176840
120856734
713805246
372465081
218703654
841705632
518627043
458203671
035168427
072415638
513728640
876213450
132685047
784203156
651274830
743201658
413506872
458601327
275103846
312574680
015824736
027614583
671802543
417203685
417235680
621407583
450372861
137602485
653287014
430178625
143706852
142783065
832176450
243507168
826504371
187423560
123705486
472106358
051682347
621375480
534107862
123658470
157864032
217846053
825143760
047385162
420613857
173425068
810736542
736482510
512806743
245867130
638745210
853607124
648521370
673204851
560342781
742516380
340186752
710642853
140635278
875234610
783105264
130865472
731208456
861703524
851306742
163528470
251708643
721864035
764803215
835741062
418723650
628135074
765384021
380264715
162304587
085123746
740328156
648207351
253407186
530812746
745801632
384701526
683401572
342105867
570361428
152403687
284107365
134206785
817523460
136702845
538726041
347168520
813205746
832604517
483602571
164503782
012578436
816402573
813704625
528604137
042168735
723614058
157206834
512364780
342501876
153204687
758643021
630417258
740183265
547218630
147605238
742158036
263701845
378105426
784305612
258473016
167532084
421703685
712834065
046235187
641805732
035462187
485671320
136704528
462137058
064213857
140835726
573412068
283701654
315684072
370285164
285743016
342108765
740238651
156802743
410627538
073564218
374682051
164587023
835416270
420587613
078352416
436705128
147653820
412806735
861324570
013286574
173804625
842735160
531407826
310485276
850721463
146302875
312406785
025867413
130726584
632184570
120637584
764302158
026841753
138256074
387452610
130584762
426731058
120453768
210763485
834701625
728601543
348715062
238165074
273804165
045681237
271508634
830751462
850432716
381604275
014728356
634152087
263105847
835264710
612843075
746253018
243178650
730516482
716852340
713654280
813204765
123704685
236578014
856412730
041237685
470263158
718243065
872346510
247658310
861325740
384156072
263108745
215803746
182304576
240381765
730164852
368502714
342158670
132708645
140687253
840321675
375204618
130648752
261708534
041863275
548307126
234108765
820713645
071542368
751603842
342851760
631785240
537801642
325801746
478356012
520847613
287615043
024153876
813476052
234805176
482105673
063142875
841706235
386125047
034276518
381204657
230618475
876401352
810673254
645731820
185403276
516823047
016342758
210685374
837501624
520164387
135802674
071243685
061273854
764208153
083156472
632417850
730412658
812403576
517608432
265403781
731854026
421856073
350478612
368724150
326475810
340182765
268104573
275836041
625841370
342801675
078521463
180672435
530724861
213504687
137408625
834605217
180632574
132408765
354102786
340185672
728503164
017862543
456207318
623785014
182435067
073821546
834156270
670534218
721608453
160423758
142536780
413256087
234706518
025347186
815307642
064387125
213407856
685103742
371652840
723104658
836201475
813567420
610283745
025178643
856301724
028637145
284705613
760142583
534816270
138562740
283106754
142863750
156823074
358401762
042375816
748512036
485107623
061824357
381276450
456387210
765401283
031265847
137204685
875102463
365142087
142605837
823704165
642185037
258714630
145703286
125364078
023671854
482375160
850421736
375124860
850143762
148706253
152804376
085241376
672408315
075816243
542108673
751406832
412708563
720481635
863702514
217405836
340218765
750182436
526813740
126805473
637205184
