134825706
425073186
125863704
136520487
618230754
813640752
403185276
314276805
245710863
701243685
813450276
152783406
623845107
513247806
784036152
134580276
801645372
104257836
124780635
234180765
236170845
123674805
105842763
304285176
836514207
541683207
821073654
283014765
781452603
714085326
203185746
123657804
263014875
123850746
124053768
126450378
123076458
374850612
271083654
142783605
614325807
134678502
104836752
307164825
123786504
637012845
126843705
618340275
103728546
102783654
123674805
625341708
123047865
843217506
123078465
812650743
803427615
132048765
258143706
823061475
423065187
872461305
486213705
603174825
134865207
617034582
304125876
634250817
604325187
135064872
258760431
401832675
834215706
805312746
814730265
268153704
523074618
758246301
263154708
142785306
714032685
821056743
608473215
861054372
268510734
845012367
307218645
105826743
125046873
104853276
123860754
142065837
134720568
786210354
781053426
704368251
705381642
851720634
124738605
524836107
247063815
713620548
604328175
834675102
123570846
283014765
356017842
435870216
214670853
482013765
108632574
123780546
713680524
253417608
175830246
312648705
136824705
154320876
805436217
802163745
316025874
103854726
142850736
413856702
234016758
216780435
123784605
208713465
612574803
813240765
805741236
813024765
231640758
851043762
681230745
134850726
812053674
258130746
304156872
812463705
324078651
127683504
265130874
128760543
123645807
723085416
208537164
235014876
835410276
146320875
841025736
208753164
123064875
376024158
102673854
305128764
752840361
602183754
612083745
304215678
123570684
123860754
374182605
604325187
153640278
134085726
714350628
841730625
248635107
102763584
283156704
273084516
142657803
784310625
123460857
253160874
234510768
731482605
102843765
203487165
372140865
712648503
812043765
712530864
713084265
234085176
213756804
234085761
103682547
704238165
802731654
713024685
712830546
723815406
413025876
427035186
236154807
134650827
273054186
128734506
823750461
516043287
812730645
834120675
103728654
307184265
742038165
173852604
657834102
608574321
461283705
168245307
813062574
314680275
134270865
281573604
123075486
203741685
703821465
308241765
482130765
123547806
134072685
368154702
725410638
843025176
134825706
472130685
348260175
706321548
362140578
563041872
142035876
248150736
804312765
283714605
413025876
123084765
248630175
412873605
123046578
813726504
704823651
384125706
836450712
406132875
173045862
123856704
307216854
834720651
234068175
425760138
658123704
308217465
834721605
742081536
482135706
145073286
814672305
231850746
814620375
276834501
702815643
103826754
628430175
812630754
803264175
402185736
163087254
861023754
302168754
345620817
138740256
345260187
203164875
361074285
324078165
153084726
123865407
817423605
402135876
814056372
328140765
612083745
653024178
234160758
608231574
123568704
123540786
135820746
183540762
751326804
128630754
612435807
214365708
482730615
163840752
582036174
123680574
138260754
235170648
813245706
105873462
821340765
821053764
842310765
123860754
104637852
782614503
104762583
401863275
263045187
482750316
623758401
173084625
278340615
123780654
813726504
723084615
812045736
834061275
174630825
273840165
123674805
835240761
502714386
641230875
834715602
215048736
613240875
345810762
238017654
134072685
123670485
384156702
341076825
102864735
124058736
832074615
203185746
243815706
123864705
203167854
623874105
364812705
806723145
813045276
263174805
823610754
834120756
283750641
136850274
306251847
253714806
164782503
801243765
705413628
634820175
134720568
214067385
123085746
273084516
143075268
102843765
734180625
423076185
341072685
872634501
305164872
204731658
103624875
271043685
281634705
138074562
103824765
134576802
482160753
524180763
134825706
283145706
712630845
173024865
156840732
283160754
283764501
136850742
173085642
203184765
135074682
673024185
513026874
813074625
234510876
142850736
708653124
735281406
713250648
813075426
713260584
283745601
862571304
345267108
734021685
841723605
248163705
253076184
342160875
701583642
135420876
683052714
174852306
482013765
836210754
624081753
841063275
283750416
135640872
134062875
583016274
831742605
413025768
634271805
152840763
283450617
134672805
612073548
273560148
421780536
564210387
813045276
357840261
423610857
164052873
204138765
678321504
163780245
348062715
423160875
813024765
345012876
462013875
263170854
523014876
123780546
341820765
814350726
841260375
208713654
483210765
871024653
823741605
263140587
204638517
713245608
607123854
805213764
123670548
516843702
128430765
123075648
836510274
283645107
125846703
734210685
613024875
203785641
204138765
302184567
137054628
412063857
102846753
723586104
813470265
604312875
635241807
274631805
701324685
256417803
821740635
268013475
208153746
123784605
836254107
731480652
208137654
124073865
203164875
814265703
712564308
123570846
203164758
238014675
132840756
274016385
123465708
143850276
126873504
108365742
123074568
802613475
165083742
584720631
123780654
134862705
248130576
103427586
783645201
583170246
106834725
802714653
283056174
413850726
123570846
123864705
513826704
812430765
712635804
541832706
842360751
731582406
253176804
103764825
834021765
105824673
523071846
104352876
753680421
813256704
236410875
823075614
104685237
803214765
234180765
162083475
203874651
136052748
203184765
364815207
438250176
475213806
812540763
813064275
123780465
621370854
402183765
284031765
135826704
841230765
263045187
248013765
104862753
516037284
384071265
123064875
203156874
815632704
105743286
418750632
134825706
401863275
206374518
601823754
813240765
683074125
128740653
201864375
823071645
813076452
102653847
781623504
712840563
861574302
851760432
321470856
304182765
134820765
681072453
356810274
412386507
243710685
803264175
283716504
342016875
203184765
851760432
813426705
283016754
813720546
713280654
526038174
263145807
103864752
123086754
813720654
312064875
134076825
865231704
103825746
283014765
103826754
123570846
248135706
502347168
734210685
861720543
482673105
671238504
438062175
107843562
836071524
813620745
203147865
413827605
728530416
384265701
723410685
283146507
853026174
263758104
812367405
142730685
254813706
351870264
817562403
135820746
642310875
406153287
203156874
273180654
526814307
805236147
673024851
703681254
253186407
234156708
814732605
482750631
162740538
785430261
281074653
402513876
368240715
273045816
235160847
104653872
423018765
145236807
248135706
263180745
835216704
108734625
134720685
204138765
601432875
723610584
134620875
305147862
812053467
743058162
103824765
134075628
806213574
123840765
804712635
247183605
134862705
123845706
283156704
813456207
152860734
204138765
436172805
283710654
763041258
231475806
768210534
134087625
831064725
608325174
603215847
304825716
814652703
142673805
358024176
123758604
102345687
206183745
713620854
814072635
842015376
364025187
513827406
463127805
162853704
123684507
103826754
467023815
834061275
384160752
204637815
134670852
436210785
836214705
248713605
182064375
408236157
203174685
413067285
801763524
143875206
826451703
123750486
253840176
841352706
162740385
462173805
203165847
805312746
213850764
813264705
613245807
863014725
624073185
643278105
683240715
813074625
803264175
803612574
134870625
234785601
213764805
132468705
371580642
138054726
824013657
842031765
152046783
104872563
234180765
201743658
162573804
135860724
803624715
123745608
123056748
283410756
623815704
247083165
125043867
612730485
283056417
472083165
135827406
102853746
204138765
316742508
581720364
143870265
823745106
813462507
387140652
413025876
485370261
702163548
135426807
182730546
142563807
172830645
402163875
651870243
254380176
142670853
602134875
862057413
816024375
748210563
348752601
714320685
712830654
235860417
207683514
346021875
382170465
603284715
462130875
142860537
142063875
812035764
123864705
601374285
123678504
142735608
426315807
623074815
128063754
825370461
142735608
283014765
204138765
258043176
418062735
814350726
603214875
123860754
123584706
204173865
134062875
324785106
263145807
104832765
834021765
502183746
423650187
283714605
342867105
714358602
826037154
803621475
781654203
712840635
813025746
618742503
514376802
732051684
152034867
243058176
217650843
142630875
802513746
801743625
145820763
732184605
106832754
207843165
123084765
152840763
634170825
156730428
103728654
861053274
713582604
283164705
684021735
536214807
107235864
173852604
613074285
314028765
246130875
481053276
412036875
637024815
146730582
152460837
253016874
237016854
102863754
401782635
802651734
152036487
134082765
273184605
123850746
645321807
106852743
103857624
708563421
304251768
514037268
816342507
138750642
124785603
237861405
813260754
102453687
374810625
142863705
173085642
562014387
713620548
283160754
813046257
456320871
154820736
234185706
234780615
826074153
203546718
123670548
861043257
182034576
182750643
208563174
714032685
803546172
714038652
328014765
203561874
103826754
384120765
304162875
812054763
802513746
214035876
163574802
613245807
102583764
123745608
403215768
613082754
851042736
123640875
638024175
142065837
814735206
342180765
162340758
814056372
103874625
304185726
673580142
123750486
123850467
205673148
163024857
105843726
364812705
104562738
142863705
805231746
123845706
723084615
612043875
283164705
712435608
102863475
205178436
812043765
204173865
134720685
841072653
102863754
706283514
132678405
812674503
125340876
263758104
135047286
134782605
134860752
813074625
502613874
783054612
128053746
134256807
813025746
386152704
861420375
803275641
803264175
813025746
153074628
134670852
541286307
245130786
103865724
205138746
201634875
253018764
123085746
834061275
307851246
123670854
632851704
106832754
123780654
841750632
123780465
173820654
804723615
461530287
264018753
123845706
201463875
123780654
407132685
316284705
821340765
813256704
204185763
153784206
413728506
204138765
245718603
823610754
205147683
283016754
328016754
237160854
243056187
