873612405
456328701
174653208
784130265
657032418
182670543
751480362
813240765
863175204
371046852
324057168
246071583
841075326
174630582
678145203
618024735
803716524
713062548
824713605
758340126
167253804
123675408
346715208
286350417
257813604
412763805
428136705
708614235
813024765
301647285
316024785
216037854
243018756
847013526
682150437
401253876
152437608
502317486
143026875
184023576
372586104
134285607
206143875
318746502
213760854
203618475
107825364
701624583
753042816
105264873
861043257
563180472
423617805
348017265
184073562
423160875
135678204
524860713
408125763
534160827
352046187
617248503
138064752
102563874
403261875
683210754
273140685
735468102
874260153
104783256
264587301
781026345
835012476
124753608
471325608
452016873
702413685
257310846
341762508
471065382
352046718
123687405
248150736
865071324
305248176
273045168
723480165
761083254
108735642
103824765
413820765
102673548
317482605
162830754
213746508
145023687
465180372
807642153
136275408
175083246
583640271
513270846
453271608
164823705
513826704
508742613
123468507
601582743
384025176
136872405
203761845
738521406
736510482
745863102
435217608
236850714
182073654
852041637
506184273
172635408
102756438
376418205
782140653
846075123
403628175
251840736
235170648
274360158
208637145
813045762
103254768
203781465
832071654
741268305
847263501
784630125
876513204
826143507
623541807
821046357
654127308
346052871
741085623
413085726
256813407
813072654
123570468
612845307
153047826
607234581
412358607
235140768
812067453
124873605
134057826
213750684
346510278
302187546
325714806
462057318
643278105
356247108
316745802
185062743
123056874
268015743
286753104
531287406
256018743
658012743
264781305
165420783
608325174
734615802
102753648
364170852
652173804
128753406
813475206
381260754
246157803
713458206
347510862
507124386
781035624
508234167
173085264
813470265
846510723
736024185
342156708
158326704
473021685
405183267
136780425
186723504
103587264
102453876
723180456
164382705
438176205
143786205
123640875
162045873
786340512
704823516
368270145
123074685
521460837
856270341
802135746
468035217
127045638
273810564
735041682
465723108
702513648
708615243
528673104
825034716
812456703
526843107
508231764
478630125
125840367
315046872
372068415
567430812
812430765
358260147
305784261
582076314
361572804
147056832
174652803
721485603
623075418
236084175
138740625
465712308
713284605
437160258
413025876
172635408
561083724
421835706
604258317
103684725
842310657
635047182
804631275
184653702
402813567
245630187
267083415
384051276
268513407
564278301
251870634
105462837
256034817
241530876
425087613
758620314
132045867
163084752
605821734
306157428
408172356
623047185
375816402
713045268
352180467
135026487
816734205
452036178
834125607
204186735
132865704
678430215
347156802
381240576
601852734
642831705
481073265
501827364
523810764
237160854
283674105
204568173
816073542
802763154
763840251
876342105
503412768
673125408
851460372
308751642
438075162
208761435
286014537
418072653
456312708
607153842
146087253
714320685
482163705
264071385
246135807
701586243
173426805
815630274
302576184
843021675
386451702
568124703
843072615
701546238
206183574
813460725
287034651
781032456
726315408
243067185
734580612
701634285
168250734
178032456
852163704
286154703
856032174
785064231
675038124
245073168
683014275
346180752
837620451
284671305
103745682
235780416
351024867
247538601
245837601
862154703
712685403
831452607
423710865
837264105
704185623
602518743
162783504
482051763
374215806
102843576
613270854
417085623
703815462
751342806
462081753
165780423
406812375
163780524
541820736
342185706
387052461
145086327
452037186
326140875
102843765
486572301
246850173
704581263
305741268
107834265
213054687
208431765
853021476
175038642
508637124
573840261
201538764
308647251
603487521
482076135
261735408
268475103
257068143
406831275
142065837
125043678
471850632
345160827
158720643
712460358
102763458
801635742
852630417
128543706
201583746
741680523
781623504
802547163
135026487
102865743
327058164
215064387
304156872
304281675
723580146
138740256
684120375
465231807
263014875
685031247
723610458
501247683
714368205
346027185
134087256
265087341
613784205
104628375
567124308
208173564
238061475
183062754
483215706
724380156
863140572
381064275
401538726
372148605
621573804
813460725
134025876
123768405
834061275
623840175
427086351
815270463
802437516
124350867
831724506
201573486
124850376
235640817
582160473
813520764
327810645
785146302
245083176
204768351
728143506
802416753
602158473
623840175
741062853
732580164
214653708
367210584
831025764
267310854
632058714
124785603
503187246
472013856
204367851
438612507
851637204
352417806
145032678
804625713
458716203
142785306
687120543
871035642
403852716
603214875
283576104
724016358
378021645
531860742
361240587
413265708
304721685
268145703
436281705
728056314
306217584
702815643
124830756
184026375
142630875
701853624
305146278
103824765
504612387
206153847
721530468
248053167
524170836
714825306
832740615
326840157
468320157
723086451
728613504
236458107
681057423
364052817
435760182
714065238
352140876
327860541
703624518
213584607
278046153
246018735
851730642
518370246
123084765
867213504
874523106
213470685
481065732
578213406
471823605
245760183
103265487
134257608
523610748
835026714
271085643
281536704
861052473
203685714
423015867
617458203
417582603
185072463
103254876
652130748
513086247
846713205
682053174
637814502
802753614
124538706
307564128
512043786
843620517
214083765
714328506
146037852
504183627
234810756
825016473
657140238
863241705
123450876
105628734
154067823
812753406
351072864
724035681
841360725
803714625
253014786
104328576
801725643
714625803
126587403
835460217
631870254
704863521
713580264
672358401
705238614
142670853
261438705
802614573
736240851
142056873
435120678
103428675
816730542
357018642
123847605
834061752
412873605
812560473
142863705
568740321
846730152
642830751
102345876
678123405
306215487
236870154
163024578
487615302
283710465
821754306
206437851
603245871
482160753
241683705
236018754
642850713
635810274
306182754
603782154
521784603
407381652
208534176
304185726
764235108
648271305
103764582
672835401
723084615
781530426
483520761
681732504
312045687
381054726
128763504
706835124
708431625
153670284
183240756
235781604
237685401
183426507
104837625
345076812
546017328
138240765
714320568
523086174
523810476
657210843
501486327
612874305
618052734
682051734
516042783
143826705
385240167
612485703
241083675
103482765
456072813
861073245
875046231
682135407
713625408
123470865
615034872
387240156
816032547
126750438
647210583
137062548
263871405
136270854
834572106
134862705
803715642
682145703
751864203
613087524
761032854
425170638
402385617
486032751
423571806
713084265
123560748
206537148
413280675
714230865
612830574
236780514
135820467
671084532
748532601
358674201
718034562
843061725
672085143
417523608
802746153
783025461
215843706
374012685
138072654
137864205
485076312
142835706
483172605
658740123
372680154
481320765
184075263
347150268
283015746
273180654
328750164
275843601
265738401
754380162
183645702
813674205
645827301
162740385
273680514
102385746
624380175
204731865
132870546
523186704
103782564
827034615
347852106
803712654
532068174
653740182
287563104
421750863
508134276
415378602
128073645
714025368
481637205
786120534
731540682
126073854
721360845
736184502
312560748
237460158
712830654
182753604
706815234
142673805
743852601
813725406
324581706
643270158
306527418
748063215
812530746
684012537
162834705
743082516
415370862
123085746
107843562
408316725
631540728
683245701
254036187
135724806
741063582
513420876
138074562
734021685
506347218
152840763
318062475
387521406
813054726
273450168
805742163
314025867
813052764
152364807
142650783
401672358
723840615
425180673
834610527
603728514
206137845
763158204
134258706
248673105
574620183
726048153
524037618
518640732
302148765
571236804
602187534
384016752
831240675
238065174
328017456
602435187
183754602
406231785
207154836
348027156
132756804
238610547
148752306
183764205
823045716
714263805
631840752
136057284
536214807
153064278
604735182
215068743
104872635
613245807
803452617
813257406
172648305
852043167
237864501
348120756
842610375
106852743
365482107
701634528
104372865
245130786
105237846
814765302
837410265
503761824
316074258
638120754
541723806
104865732
561740238
715468203
782146503
473850216
801634725
482063175
185263407
725360148
825367401
315482706
162084357
142086753
718042356
251834706
173062845
308164275
835162704
573482106
684315207
407283165
831042765
287613504
274815306
208174365
103267584
461075283
507216843
473025618
623074815
301864572
841360572
576021384
802165734
456012837
382017465
324058176
123075648
204835617
178052346
205731468
402783615
482517603
243071568
108352467
305417826
874035162
206578143
172364508
283641705
103745268
782610345
126830457
503217468
284073165
208465731
283164705
206154873
124570863
165480273
125867403
806721543
341082765
842753601
243051786
804531267
712064853
652487103
821360754
813520764
378251406
753210684
135726408
304281675
305426178
624130758
435287106
165430287
376581204
678053124
204631785
123864705
381240765
428153706
367240185
304862715
134670852
512364708
476031852
718045362
304278156
485130726
304825167
817240635
243710685
374018265
802531476
103674852
584273601
584260173
371460528
827046531
704836125
426083175
573014286
142063875
256470381
681750432
742560183
132760548
837526401
835416207
682015437
841237605
713865402
147823605
608234751
781063452
813245706
648235701
736124805
801264735
407263815
513086724
854236107
124065873
603174825
783025146
215380476
175620834
354167208
823067451
302761854
214680357
456312708
284031657
643270158
183764205
836021475
836074512
683257401
478062315
203764851
523061874
462350187
124573806
108247365
216578403
532780461
518062437
714852603
451276308
354820761
631750284
612750438
502163847
423510876
814032765
285017346
806257341
106783452
624580137
106735248
