712435608
231045687
823645701
813064752
816732504
781062543
713845206
802173654
135682704
418570362
234870165
836571204
813726504
603217854
263174805
741085362
146870325
102745638
135472806
103864275
423180765
123067548
123745608
572463108
173260854
783610542
834076521
134782605
236180754
123780654
713640258
103526748
281536704
814320765
734285106
137042865
613574208
713624805
123850746
654278103
603875412
857032614
143860725
514630827
814035726
472063815
503124876
712054368
284031765
243180756
682140735
713082564
861420753
841256703
523861704
351460827
243081765
645032187
824130576
754280136
132087654
135064872
123750648
536127804
802436157
123560748
203186754
162384507
123856704
273580164
345821607
234015786
452710863
145062738
135074682
152063478
123086754
786051234
832510764
145830726
182075643
637082154
128543706
281065743
145280736
641270385
587613402
436782105
617084352
208643175
283140765
204617385
721840365
804631275
237814605
248650137
124376805
345127608
402785316
645031827
206814735
172564803
153264708
607138254
208453176
106723485
253760184
813740625
704528163
103765284
813240765
561823704
235160847
203176584
461830752
601384572
103725648
305721648
743852601
837256104
813264705
702814563
283576104
814250637
253016748
864210753
642035817
506132478
428356701
782430516
152870643
134865207
123578406
473015268
825074136
703248156
103826547
163742508
613058724
204135786
273810645
134075628
865420731
815260743
573126804
703415682
764031285
254170863
256830174
856210743
203148756
507132648
206134857
715624308
723160854
201763854
273180654
105437628
681750243
153467208
156073428
103825746
236180754
685013742
124750836
713284605
341780526
836714502
103246875
104832576
705218643
713280654
123650847
128730645
701482365
104537826
401325876
703126854
106832754
763045128
781042365
162087453
601432875
245630187
341082765
851427306
102643875
735820641
605241387
602184735
203185746
235068714
504832716
801632754
204175368
301784625
206781453
748013562
304812675
418256703
203614785
342780561
142076583
874650312
458160723
283740615
382460751
623841705
103564728
248063175
364278105
123674805
726831504
213074586
704513826
354218706
142785306
102873564
317825406
308215647
103862457
356240187
807263514
135420876
702143865
813240765
586234107
425136807
713054628
628043175
283140765
348720165
862135704
275016483
258136704
845326107
123860754
134075286
873425106
102865743
146530872
671054238
301675284
871530624
813640275
384610725
127840356
735210648
135820746
421863705
123560748
234067815
573286104
103472856
136054827
342176805
406812537
614837502
534162708
826071543
134025768
823560714
813645207
135078624
823056714
602173584
831076425
831052746
401725638
203186754
637025841
615024837
273014685
803216754
407283165
803254716
283145706
812065743
532068174
358246107
203864715
812340756
813245706
134072685
268517304
321740865
306528147
125847306
152860473
612083457
235410786
861034275
148725603
804615732
861452703
625740318
137642508
136528704
182053476
712836504
734085162
714380526
318257604
248073615
203167854
602135847
174830265
341826507
781563204
281043765
364052781
203165784
803412756
105836724
724630158
714850632
705218643
831052746
163048725
321086745
583017624
182350467
613850274
124730658
723814605
801723546
413270865
245371806
437265108
134562807
286017354
506274183
214370865
312856704
703241658
104632875
103728654
243175806
537410862
841630275
125830764
801432576
673180524
814320765
285347601
213745806
403126875
635817402
205137648
605184372
612738504
142673805
103462875
784021365
401835627
613850274
204763815
105836724
162073458
234176805
172530684
206451783
285061473
124360758
701243685
127065348
841723605
127834605
462013875
102834756
864235701
105837642
612840753
152084376
684072513
234015867
841023765
801326754
126750843
703215486
416082753
712530486
406318752
863071425
204785613
715820634
102843765
713462805
841723605
123086754
654071382
523471608
813450276
432015876
206834175
123670548
834710562
248163705
135842706
243158706
652170843
734165208
841630275
304162875
175042863
801724635
143056827
713240685
203786514
801435726
735046128
234086157
412063857
103627854
803714625
602184573
431780625
136820754
835012476
803216754
304721685
823416507
813025746
152034678
162730584
783145602
781043625
823170654
364012875
501368742
812730645
214637508
283014765
125036784
123740685
142075638
426718503
865472103
628410357
263510748
314250786
823450716
713280546
873625401
364012875
376140852
308165724
384062175
127840635
162853704
138246507
102863475
385720416
102863754
235174806
136082754
154062837
305241786
204157863
123057684
753840216
203684175
243715608
205137648
783045162
205438176
132085647
184035276
738420165
153874602
614820735
802361754
152830746
283041756
142850736
567830421
103825746
802631745
105472863
845213706
718563402
263851704
734850621
823740516
814072356
127643805
142657803
465123807
135084762
286014753
374210865
243185607
802614735
258430176
102874536
102743685
801724563
243860517
412083756
152736408
671843205
104765382
438012765
235148706
408213765
813076524
206843715
287130654
102743685
815637402
506812734
803421765
852410763
142863705
305748216
135820746
301286754
702413685
874035621
154632807
324670185
718023564
308172654
721360845
102763584
142078653
243086751
813064752
123084765
203178546
204738615
126045837
275483106
248630175
134078652
801732456
235068147
835710426
103824765
562310874
368021475
683520147
253874106
841072653
163758402
207156843
312560874
206758413
814237506
283164705
803764215
835764102
213084675
825436107
135670824
164830257
283146507
106527483
481762503
842016357
103845762
253016874
845310726
615837204
481250763
713564802
263014758
102386475
612354807
203184765
423015786
832051764
814652703
803674125
824713605
821730654
504128376
342085761
302187546
548073621
612750384
108762534
102864735
814023756
815036724
308172654
245168703
172048635
146530872
835016427
142078653
346510827
482156703
208175346
452170683
506182743
632850741
104872635
147830562
452371806
204813657
142063875
802714653
102875634
342085176
376250418
104762583
851032764
574312806
836024157
134085726
305648127
261045783
418630275
371258604
307241685
135780624
672140538
471256803
287546103
413820765
582730416
801643275
704213658
127680435
306814275
182753604
572130486
153084726
813720546
358061247
721058643
253078146
203186754
184762305
608152743
145870623
834156207
861042753
102763584
134820765
523074186
723610845
231784605
742810653
612084753
352740186
123074685
618027534
128056734
734861205
413085267
813670254
708162543
134520678
684310752
403128765
148730652
726530814
308164752
814750362
203784156
713680524
805236714
762450318
856012473
182734605
203486715
213840756
234168705
385120746
856120473
236184705
812054763
263457108
357410826
153824706
126035874
135084762
184263705
273465108
803564271
182630574
405236817
183274605
283016754
134720685
736125408
732084165
803251764
678012534
138724605
126830457
123645807
345167802
134082765
123670548
812530746
841760523
718023564
623710548
327180654
724063158
268430571
423685107
206357184
432756108
823047561
246850173
576814203
438256107
657021843
802715634
462380175
182075436
701684532
814076532
125480763
652438107
162785403
804231765
104852736
108534672
852073614
123057846
713642508
204375186
804215637
341825706
358210467
201735864
123784605
123864705
263140875
102743685
124085376
813756402
135240786
268073145
231576804
147825306
803524176
714382605
813670254
142635807
724035168
713028654
314670825
365287104
604152873
826045173
153720684
134875602
401872653
123470865
142530867
812035764
205143786
436870125
102765483
107864532
305648712
735410268
235160847
412683705
861253704
123056874
714560832
145026837
813274506
305412678
103854726
821530764
156830724
715834206
462130875
625341708
301675284
342168705
102784635
385721604
701354628
138064275
345082716
721064358
126357408
281035476
105832746
236540187
503816724
156024837
251074638
812740536
182563704
415836207
283745601
813264705
234075168
714860352
601374852
173560284
671023854
306278514
136528704
805764231
612073854
423051876
586023174
142836507
625018743
701482653
487120653
134072685
283670154
423765108
376018254
182563704
873650142
164072835
104823756
482713605
403271685
123748506
135260874
562043187
307124685
301284765
234187605
523760148
123670854
784035612
643870251
281054763
324817605
862450137
804631275
123750486
703526184
134785206
703214685
415830762
342165807
741650832
253016874
402317568
142830765
123850467
584370162
324017658
781340652
607521483
103287654
851670423
506183724
813245706
123860754
623048715
172043658
743082165
138670542
835710426
537028164
801724635
713085246
203186754
256473801
601283574
425370168
735016482
123745608
805671423
813075426
148760532
103856274
246735108
862043175
128063754
356240187
281673405
813074562
103784265
103265874
534260871
451273806
814730652
235781604
625378401
813026754
163074258
812460753
714035628
482710365
814035267
451732806
482170635
613240875
813720654
703215486
126043587
183270465
781362504
807523146
814360752
613240875
102348675
451023876
201683754
125780643
342180765
865731402
472183605
134670852
203178465
132046875
128476305
461720538
246013587
471083256
823046751
103826754
123486705
628035417
283064175
164850732
306182754
283645107
852346107
206815743
208143765
125340876
284031765
142786503
713528406
283715406
705236418
518374602
763810245
512846703
816243705
821075643
834650172
103674852
234180765
203465871
508642173
625038147
413865207
703184625
283416705
723640518
704261835
132760548
806731245
107834526
201537846
805631247
204738615
172045368
813250746
807643251
513276804
136850742
165820734
571082463
273184605
823740651
237056184
123856704
801324765
305148726
735026418
807463215
804326157
861740532
103624875
416730528
753618204
403628175
235046187
723410685
835016274
837024165
873246105
734215608
134576802
801743562
208743615
203164875
503124876
486012735
461830275
214035876
416253708
813245706
471536802
341870625
243057816
102683574
812670453
507841623
