703215648
834025167
214067853
283156704
142576803
521840763
247130685
123074685
142730685
156842703
375240186
503187246
802573164
802174635
213875406
731082465
831650742
403126875
134082765
134052786
342160875
713420586
625013847
804721653
145230876
281740653
105832746
824710365
503187624
534016278
182075643
684570132
374180652
317042685
408361752
368074125
714062835
123045768
851072346
823456701
801743625
125836407
681430752
135840276
713420658
258130746
403812765
402753816
352480176
234078615
142830765
246135807
123067854
605823174
734250186
123086754
153027864
165830742
802167354
123650847
712035684
207143685
172053684
123850746
801243765
802714653
203184765
613027854
134025687
813260754
128760543
874032615
482051763
834026751
123678504
123045876
134720685
372485106
234068175
812035764
672483105
135780462
123840765
316042875
405318726
274631805
781053264
462173805
725018463
863054127
206851473
162834705
812063475
102745638
182750643
268153704
814035726
614032875
108235746
857031426
814620537
374081625
154072638
863274105
184063275
485716302
124835607
476052318
342185706
125340768
623015487
203186754
125036847
214783605
103854726
247135608
802316574
604312875
715384602
813745602
836251704
408731526
248013765
123075648
125470836
102683574
152463708
613074852
364257108
812063754
103824765
236475108
304218765
162348705
103826754
123840765
604231875
253074816
823710645
248350176
803516274
304126857
374021865
134062875
203485176
123450768
136087524
345678201
235148706
136572804
841730625
163087254
612870543
142835706
812043765
204187653
825037146
123680745
683710245
602184735
283015746
605247183
248713605
243780165
251830476
352814706
305821746
134265708
157248603
143065872
813067254
123074685
603214875
603872451
812634705
713526804
723810654
384250176
265173804
283140765
834260175
802473615
182345706
826130754
103745682
601843725
236018754
126738504
105743286
102548763
831742605
604837215
124036758
425610387
273045168
618023754
453071826
134825706
701682543
152637804
801673542
354210768
106324857
205146738
845210763
208145736
713524608
263810754
482163705
104832765
304872165
145730286
784132605
264085713
235486107
813264705
283175604
142783605
803214765
603125487
134025876
634810725
162740385
786120534
835210746
731620584
208763514
705214638
682041375
812063754
234156708
103826754
142786503
546320817
423175608
142830765
672130584
136054827
107542638
328740615
603482175
412380765
834260751
712064853
602183475
701483625
201634875
364025187
813025746
125640837
723180645
124076385
103854726
102843765
123075648
614085723
481760253
312084765
172043865
863017524
205843176
502173864
231056874
803174265
204138765
302864517
612084375
614032875
684012753
826710435
305147862
523018746
123064758
718023645
763180254
162853704
812063754
203175648
245160873
263150847
512047836
308472615
345710268
345126807
203814675
708423615
234061857
536718402
846730521
873210654
104265837
271063584
103765842
123048675
812073645
103856742
142083765
108723456
103826754
104368275
803714625
216084735
263845701
812063475
142835706
813240765
154720863
205143786
821075436
203164587
153086274
348025167
834561207
401863275
513074268
438062175
123864705
453126807
182756403
468235107
285134706
701283465
283150746
123067854
126375804
154832706
284671305
123864705
283014765
684023175
463157208
103864752
804357612
854230176
601243875
204138765
713864205
263870514
302148765
136820754
174620385
623180754
123084765
835041762
715032648
172064835
128063754
142850736
184735602
763051284
301284765
324670851
283045176
604123758
103852764
408162753
246013875
713640825
812540763
813724605
306852714
263074185
215043687
174250386
142063875
425386107
518264703
123457608
145023876
683014275
625034178
125046738
162783504
234187605
813024765
234078615
164083725
513860724
102845736
782013564
802134765
307245186
152783406
304721685
104632875
625430187
813670254
261758403
142837605
165042837
801263754
837610254
142785306
821073465
281043765
278043165
324750186
345861702
132874605
524310768
503184726
812560473
168750432
203758614
374150286
142657803
508631742
348012567
128530746
823061475
423150786
301586742
103524678
462013875
408215736
123670548
238174605
123864705
527843601
348021765
283015467
143028765
248130765
613074852
346850127
123784605
305217648
238160745
678150432
123076584
356082714
671283405
217854603
104632875
702813654
234180657
801652743
305127468
104852736
528163704
508143726
812570436
136840725
706813524
208713465
152743608
314280765
834265107
326085741
306821475
102843765
203784615
831074265
152068437
623784501
364150278
105724386
514327806
123845706
142073685
123845706
103845762
123845706
801753264
135842706
847213605
832610745
148730265
123078546
472580316
208137465
102835764
236018754
614580327
824013765
306821754
135640872
841063527
123056874
304276518
142735608
725860413
413850726
372068541
813064752
834210765
876512403
103627548
654021837
283164705
861234705
425310867
126830574
642310875
135846207
364851702
123657804
281463705
132045786
102683574
834721605
716238504
103674852
203184765
304125768
821074635
713024685
162053874
783612504
358274106
583267104
372016485
803712654
708621543
812053746
482513706
304182765
136850742
281430765
208143765
358612407
142078653
231746805
203164875
481360752
136782504
804317562
128043765
208573146
203674158
217684503
407632815
475038162
125840736
281630754
136824705
873061524
814732605
701862453
123065847
613720584
236084175
235064781
203184765
715482603
123864705
781023654
438125706
812075634
143682705
468120753
401823765
103624875
245830176
813724605
103728654
784320165
321854706
174035826
152473806
263157804
406732185
123074685
163087425
387021654
135874206
102673548
408613752
436812705
136487502
834751206
156084732
634280715
204137856
156842703
123845706
104832765
712436805
204836715
841032756
541280763
152637804
816274305
102753486
813067542
135240786
102436587
248713605
683210475
283156704
135062847
702816453
146857203
705216483
204731586
813240765
145732806
134058762
263840715
821640753
301852674
135760284
734281605
823016574
846027153
834715602
137650842
234056817
806731452
123840765
812450736
103674285
345786201
703184625
175023864
248013765
147680532
182730654
134082765
384167502
456038172
123860547
725810643
301286754
123045768
134670852
263174805
718364502
714350862
504132876
204358761
103462875
153246807
124830756
123785406
153028674
814520673
405136872
874635201
123085674
103254687
123860754
713240685
845036712
305162478
152036487
102863754
274385106
465327801
134065827
816250734
426853701
134580276
803257614
635148207
873140265
123084765
105762438
134780652
603214875
731850642
254138706
516073824
801524736
617053824
265130487
807136245
623184705
104352876
213870654
672853104
123864705
805613742
614038725
318450726
254138706
831425706
307152684
416780532
816052743
203784615
714023865
173624508
154276803
783156402
123058764
103465827
871043265
703216584
124675803
123078546
731280456
148032765
384250176
813760452
374025816
324670851
805231746
235180746
123840765
813724605
305217864
715043286
283760514
135472806
142856703
412053876
715243806
725348601
304186752
841073625
821074635
123086754
723586104
634870215
105432687
863470251
712083465
123640875
203418765
283140765
283714605
703264815
123640875
683024571
673140582
624738501
624078153
284071635
803264175
283716504
153086742
102863754
814230756
416352807
128537406
403826715
703642581
134062758
283064175
514038276
781430256
283150746
814350726
813264705
281630475
206143875
135470628
136820754
342180765
784032651
813240765
813725406
123760584
431280765
106823745
431068275
856340271
287615403
134862705
234085176
147025368
134576802
103724685
384125706
134862705
162830475
283710465
234075816
182734605
452130786
234160758
783064152
103758264
135246708
234016758
123456807
635210847
463012785
253710486
143720658
784021653
123864705
813745602
142635807
286034715
203681574
572348601
254730186
453120768
472630815
801653247
783250146
271034658
128740536
713028465
347081265
516382407
436812705
123740685
508362174
384250176
123847605
471083625
483276105
814320765
134780265
384016752
764320158
102845736
304851726
781034265
823570641
641230875
152364807
813064752
702613845
102743685
841635207
384620175
523460187
253170846
185032764
601532847
258170643
106423875
204631785
814250763
732058164
374012685
715840623
206137584
103876452
304185726
214750638
148763205
704385612
723085416
284035716
345871206
784062315
325084761
503274816
263784105
864137502
806234715
102745638
613824705
137862504
813724605
542176308
236154807
234068175
712643805
345016782
105643827
136520874
834256701
203785641
831027654
123784605
134670852
234560178
812745306
134820765
238150764
358012764
135460827
813725406
627354801
305164287
142680573
803125476
327610854
601852473
413270865
617432805
814637205
203184765
163082745
152830746
713426508
326015847
701263584
812730564
831062754
182674305
201783564
813056742
435820617
402175638
465172803
102783654
801754623
102843765
123064758
127530648
145830726
134067852
128634705
351260874
702348165
628071453
471023865
624138705
804231765
413025687
302854716
268153704
806324175
302654178
102748536
204361875
382461705
108745623
481053276
142860753
841635207
283045176
234017568
812456703
813240576
246135807
243018675
236058174
725043816
234685107
203861754
248730615
135874206
123845706
283164705
713628504
153084726
783015642
461735802
814250637
612850473
237086514
713240685
812053467
142730685
203874165
364871205
306258174
243567108
803241756
803216754
674013852
374051682
156842703
152783406
103872654
275048163
702514683
273614805
816352704
642071385
347156802
152063478
123745608
402163875
207146835
123078654
203765148
124038765
462013875
152843706
208143765
824350761
152864703
104836752
162530874
142860753
283745601
362178405
154630287
407135286
513028476
123086754
264087153
813450276
304216875
246053178
281074536
642180753
783120654
234786105
235046187
862130745
162730458
214356807
103624875
801452736
834671205
304276185
845310726
273014685
713085462
203714658
