123087564
813652407
283670154
416037825
264750183
254718306
842750136
134026857
826451703
108632574
568410732
481370625
204536817
604872315
762843105
125036478
234760518
125738406
704258361
381275604
806512743
782015634
604375812
607128534
613250847
412580673
531680247
806471352
135472806
523860417
305716482
142780365
247083516
152374608
423180765
812634705
102546873
638270154
502173864
253460781
541082673
804632715
176280354
824075163
532016487
824750631
134850726
756038124
405378216
514632708
843175602
703548216
165837402
157320864
831674502
746320851
204871653
425018736
183652704
821073465
204861573
712054836
345170628
184673205
605374218
501874362
271038456
234081567
578041362
546271308
408632175
283740615
617023584
401536827
831654207
684350217
184720653
236045817
436028517
168043275
637058412
376814502
273680514
423867105
804673152
234160758
486170532
105428637
127035468
348520761
706385421
645018273
153067428
875130642
243175806
261075843
832645107
812543706
823541706
273614805
872315604
256014873
483021765
285034761
531068247
174058632
742130865
754063821
382150476
103425876
712430685
752180436
504861372
462073185
508167324
832710546
105763482
784130526
784021365
628047531
308654271
823740516
132075846
153274806
712364805
283051764
584036271
407813265
134856702
564023781
675032148
721048356
167035482
315860742
734652801
416087352
103826475
624150837
712035684
724160583
612740835
307246581
731048526
612048573
625810473
501482376
246018573
283460157
103785246
803164725
482130765
581670432
425038761
123485607
703456821
105672348
304871625
742836105
837540612
604231875
482130765
263714508
732014685
802734615
103586247
806247315
265718304
421087563
764830215
542710683
128057436
168375204
301758624
105462378
652140783
648021753
847320651
463210875
724051683
612853407
481036275
253718604
802174356
813240765
561830472
416035872
287350461
205318647
314276805
302167584
245813607
736420815
701583426
451263708
451370826
138246507
182430756
513620478
813726504
207365841
378026154
142037586
674528103
801364527
345180672
715840623
362870154
572486103
825460713
742815306
521740683
586173402
423170856
621458703
456380172
283014576
861730245
302481576
415823607
352410867
407126385
801743625
718562304
327145608
143276805
753160284
637520814
431027856
812756304
218765304
401876352
138645207
145370268
763082415
716480352
142850736
802314675
742385106
408516273
234651807
786532401
758240631
123065784
305164872
362158704
826134705
741630825
735468102
506723418
875041263
287136504
813024765
847230615
701528643
103825674
164078325
248630175
743682501
104682735
403162857
816547302
438267105
602514873
715648302
273684501
104385627
601723584
401863275
654071238
345017286
136720458
762841503
217560834
437628105
135472806
583426701
512743806
207835641
213067584
835021746
728145603
162573804
413756208
861524703
745163208
201384675
712560843
506821743
713860425
283014765
723456108
136824705
764253801
107258643
307568214
741023685
254360718
703146258
803246157
231075486
657180432
862314705
302164857
243571608
423610857
372510648
715483206
102685347
247830516
715082346
706243815
517230648
804137265
783140562
102836574
782041635
134250876
134862705
184032675
207638154
142673805
237016548
208643175
306412875
352074186
461578203
517034286
417850623
536074182
842031765
714562803
752634801
741058263
486350271
845137602
814753602
547328601
867341205
142635807
407812635
643851702
781453206
165483207
803261745
842730516
478631205
285360714
648752103
183560724
412853706
306584271
845372106
341087625
306825174
317046825
605142837
643017852
602451738
274630185
345782106
174652803
708531426
405837621
265348701
362157408
524831706
425068371
516372804
205138467
472135608
714385206
243086751
274035186
325760418
346817205
278453601
638024751
168325407
204813765
516274803
237480651
218675403
216340758
613728405
647310528
873254106
563874102
402173685
845730126
426850137
671045283
503216748
843250176
162734508
523086417
863125407
204765318
137280654
342160875
821347605
716580243
815470362
258140763
387564102
823410765
821430756
568327401
412768503
713024685
513047286
423068175
586437102
456810723
743052186
164783205
825043617
157068342
103624875
132680547
264071538
806357214
487051362
258130746
174850362
103826754
603842715
483072651
203841765
534821607
216738405
218347605
718052364
532186407
751084263
514362807
201875436
804153672
203871564
618340752
861034275
307681452
403715862
601384572
632480175
802713564
412053876
237140586
308476125
813074625
708153426
638574201
635147802
586730421
803126745
458762103
731260485
207613485
712580463
276450183
842013756
204871365
356071824
325810746
342086715
741250638
281456703
106283547
328064175
524160873
675082413
175063284
512738406
265148307
826740153
613084257
417286503
704613852
401537286
401285763
104652783
863470512
635028174
173240865
136250847
326487501
865341702
416057283
578042163
857320146
186043572
301472865
846723501
765032418
734160285
142763508
157048632
306712485
146820573
514078326
705324186
214075638
267130845
873610452
814026735
402385761
453810276
538741206
812530467
657843201
107526843
872041653
142850736
128673405
804256137
738652104
846721305
645027318
806523174
138674205
306275841
365084271
483165702
136482705
135460827
371624805
627581403
702364518
713028654
415037862
803274156
503872164
286734105
302716458
642875301
743512608
154382607
281054376
103854267
312460857
361782504
813025746
538024167
318650742
135726408
326018457
613570842
645820731
824037516
418260375
431057628
761028543
263087514
572130486
213654807
608523471
106587243
361085427
524013867
708264513
352480761
204163785
862450371
843051762
183740652
714580362
508236741
135426807
234051876
781430625
605823174
206738451
803417265
673041285
187046253
605417328
632150478
734068215
153260847
825630471
253017468
356481207
503684271
803726541
741028653
608753142
712043685
841032756
163740825
248065371
107485623
124783506
782061345
201734568
736042158
356140827
801243765
308264157
213084756
604738512
208713546
412830756
241037568
718340256
731628405
137640258
346871502
657132804
104328576
402168735
857140263
576084132
412570638
812736405
182763405
513024867
723154608
236714805
401823765
657048231
678015432
613270548
307821645
263054817
306217458
413280756
831540762
854631207
156327804
128043657
403127685
401582673
706418352
602713854
601482573
142563807
603452187
143275608
472038615
316048725
305817462
153684702
203645817
564270183
702854361
135680274
308427516
561420387
142783605
134862705
208541637
258043176
536120847
805742163
623087154
153847206
603281547
426015873
864710352
825763104
182054673
502864137
501784632
863057142
732850614
728453106
314560782
308245671
715620843
342085176
542017638
287013654
205468371
457183602
513270684
864310725
217084653
571048632
375042168
235716804
314650287
467028513
506472138
208743615
547036281
106352847
124730865
154073682
231654708
208536714
854023617
157480326
548236107
284736501
273815604
805174362
356214708
251380467
102863754
132045867
162470835
435280671
723640518
305728461
748610253
576031482
328160754
703468152
104823756
231045687
805714632
207136854
764328105
203687541
513460827
403215876
134062758
135672408
587026341
834657201
631072485
701863254
786230451
864210375
204673518
243076581
721584306
602187345
845360127
104586273
256318704
674230158
517438206
153286704
743820165
658314207
805462173
123480675
463170258
106543287
281530674
612073485
205461387
251083647
201746853
102845736
107842653
802145376
832057614
803752416
203476518
723540681
312786504
762351408
401368572
263081547
468021357
123864705
431520768
137420865
238576401
123765804
134076582
861742503
315067842
382147506
104832765
634715208
304158762
721850346
102857436
605213874
168023457
182064753
468370251
801325674
468035172
682017453
745081263
812645703
835724601
257143608
761043528
725034186
452016387
267350184
782013564
814657302
314852706
801732645
783024651
718546302
831074652
802514763
327140685
631075284
617042358
204735816
702846513
305617428
765813402
784610235
507468213
712083654
231056487
523480617
523470816
605327184
145382706
536021487
304857162
614283705
145270863
473825601
152840763
125086743
385742601
678410325
134580627
741032586
521086734
826073514
142635807
124730865
203748516
173024586
245073681
163045827
814670523
402867513
378126504
163872504
142780653
105387462
126840375
184063275
608271354
485130726
648370215
403572168
683450127
364028517
321750468
358716402
348021657
853417206
864023571
147835602
671240583
837021645
612840753
483076152
345280761
152730648
142058763
162037854
826013475
762134805
415637208
274150683
637150824
672134508
154873206
715630482
216053874
513674802
784135206
108736245
126784503
706532184
602173458
784012635
325176804
306874251
135286407
701285643
436785201
673142508
482657103
152640387
426513708
102487536
812430765
657240831
386452107
361840257
401823765
142863705
713620548
523467108
274530168
567048213
172530684
106837245
423185706
201683754
103852647
583264701
742065813
401872653
437850126
367015842
108275364
572168403
615823704
304258716
587634102
436510872
318064572
504387162
634072815
164082537
345078216
812670534
208753164
152740683
602538147
426037185
285340176
176835402
123840765
541780623
721450836
632750148
728130465
683042751
852140367
468571302
235460871
834562701
207168543
723180645
703652418
673180524
574680213
203846751
762830451
103784526
184573602
205687143
607418532
723568401
146572308
608374512
138052764
158346207
402167853
847531602
158423706
137028465
714560832
324861705
256470381
801472563
728540613
805743126
462710583
532476108
146830275
684210357
273158604
325481607
156073284
618450327
304152786
203184576
283056174
526740381
841720536
763015248
108754326
275140386
365427108
408321657
204173865
384670215
231064758
802367451
302571864
105847236
201835746
207413658
702486315
832154607
724350168
142863705
803216754
107645382
437658201
208513476
405318267
861032574
351062847
421068357
704281365
812760543
485230761
314867205
623054187
105382764
613450287
