721630854
412065738
806427513
407813526
163724805
513042876
731860524
342580716
371462805
816325407
124036758
345120876
238710564
801253746
478013265
702165384
813264705
415873206
105842763
142086753
237145806
846035217
274180635
384025176
615420387
423168705
143865702
814530627
102378465
438250176
136482705
852034176
784012635
278036145
142780536
283175604
584036271
123084765
378612504
403215768
846320157
378025146
734216805
802146735
123685704
701628534
608132754
407183256
628013574
346850127
804317562
431825607
825740361
528014736
768031254
381640752
706528413
154728603
108723645
781350624
573160824
123540786
631074258
502376481
483065172
806345217
786014352
401678532
453860217
123640875
806135724
318062754
872041653
475120836
674053821
123670854
386047251
384651207
837620514
236085147
148037625
516784203
607853241
706458132
307541628
123084657
185347206
651743208
845036271
142083765
864170253
835127604
401378652
301284576
403286517
208173645
142056738
713024568
213084675
108643725
703621584
847620153
163824507
814730265
348012567
125064378
104268357
834021765
435260817
261570483
462085317
602184357
103284567
436820715
562084137
702438156
462083715
258436107
762015843
615032847
162573804
418750632
582043176
123745608
378021456
517032684
217650843
372160485
208153746
263174805
238075146
138720654
761850243
241650387
804671253
423867105
581043726
582146307
851730426
152036874
103758642
706258314
162374805
631780245
841530267
564037812
673420815
613524807
814036275
137046852
841037652
234065871
803716524
354086712
478230561
526173804
314260875
103748625
651842307
704125386
214867503
142850673
415670382
401823765
287413605
784023561
406728513
247680135
123645807
643187205
582713406
724051683
487510623
257340861
783024651
617384502
718536204
406572183
207864513
283071654
468572103
812043765
506784123
841063275
264083175
526031784
843126507
107862543
542137608
712643805
302681475
475320186
416287305
451370682
834061275
172068453
103745682
827461503
642870153
106372854
813720546
162045387
254063178
472015863
841073625
812670534
831462705
531084672
204783165
326748501
206817534
705468312
748120365
728410653
752610438
102856473
278064135
835710642
102634785
203145876
356780214
203165847
705412836
425831607
506321784
803264751
342867105
805143627
107625483
432758601
437068512
812765403
645370128
418236507
301427685
184073625
416238705
318054627
153064827
273860154
204681375
562084137
204813657
568134207
206731485
601278534
405182376
638015427
182453706
321587406
836150724
273014856
263014875
314672508
142087635
815720364
823041765
258136704
804231765
623147805
307264851
604218753
781342605
143052876
317650248
413680572
718053462
463015872
621045873
612450837
813640527
348625701
832170564
456180732
534018726
853071624
263170854
305217486
203185746
327465108
802713645
142035876
826037154
185720346
824053716
723540681
625371804
102465738
613478205
273018465
306481752
786425103
546037218
108452637
308165724
104263758
786053124
802457613
483625701
847623105
234078615
802416753
712063458
364810275
758260341
103627485
645720138
831064572
286014375
154638702
816230457
235084716
702841536
105426873
481270365
351086472
302746185
236485701
802613547
428063715
265418703
615073428
705384216
104268573
607124583
302654781
123570684
326750814
653287104
856732401
654270138
504683217
857036241
805412637
126074358
413065782
153062874
712068543
374510268
306425187
816043752
436285107
852130647
658142703
465031287
306271548
826410753
326180457
403761285
725861304
602841735
326180457
387065142
804215763
731580462
251780643
653248107
203816574
831074265
104678523
716850342
321758406
603718542
456230817
713048256
184760523
283041756
248765103
326470158
623015487
453780621
728461305
823046751
738624105
175463208
207384651
503124687
452380671
742683105
346025817
102863475
247063815
718254603
541670238
372014658
208543716
263518704
546237108
708413265
812560473
807142635
783140562
218035674
123457608
241830567
301625874
102743856
304625178
534071826
701584236
702418365
142350768
612358704
718364502
671043825
523071846
803126457
206738145
176840523
701435286
105683247
801742365
673241805
642370185
124065873
861237504
403162857
461280753
267340581
234680175
127053864
238154706
613270854
263740518
784132605
823461705
143587206
167350482
135420687
413065782
385670124
401683725
304256178
721085463
728360154
832640517
178360542
703824615
572183406
247618503
874052316
183740265
715328604
427085631
401856732
425713608
871650432
423780156
502184763
275138406
815036724
306217458
108473562
573216408
561084732
603578421
184056327
721650384
805263174
306275184
806713542
106328754
134820765
436570182
103674285
812056473
871534602
714082536
435286701
541038267
704368125
142830765
538617402
286154703
807362154
172830645
708541362
235168407
834072651
381057462
368125704
741620385
543012678
285310467
705324618
742560183
235170648
563012748
358042671
678043521
637184205
386725104
236875401
345680127
428753601
135420687
736085412
512478306
248073156
342081675
136524807
207861453
805342176
358021674
704615823
463250817
836510427
604231875
134075286
873251604
583016274
712048653
136720584
348076215
846310752
135078462
752160834
367158402
304175628
437120856
716532804
408256173
835624107
152643807
728643105
108754326
304186752
405761823
815240673
501836274
823650417
248750316
368240715
104328765
604152873
245038716
108354762
803415762
621083754
271840356
732045168
126073854
485073216
834720165
681340257
254130876
174536208
704283156
831540276
861253704
104285736
813256704
134685702
128543706
283167504
136250847
182750436
208135647
603184275
123076458
254136807
205837146
108452763
503426187
308275614
618042753
834721605
103785246
423056178
102863547
523486107
831270546
217064835
261473805
503481627
438072615
823516704
281760435
513876402
235180467
458670123
781346502
246013758
142038756
206738514
384750216
786253401
418752603
782014536
203168745
526130874
412053768
847310562
206378415
378410526
158073624
641250837
504628731
174320865
123450876
751062348
406512873
206538741
785640123
762851304
781452603
147023865
503824716
804715623
728650134
405386217
135067824
726134508
573026184
268450173
123450876
406832715
728314506
426350178
803564271
604873251
834250716
834160725
412860357
234068175
831042765
457836201
752380461
542378106
152470863
723540681
678125304
103785462
601523487
871023645
305241867
301452876
103627485
348027615
715023846
802413765
264380157
162083754
263071584
678123405
248673105
235086417
106823457
387250164
602453781
746532108
804236751
657210843
706128435
801764532
106452873
487620513
563412807
382415706
153872406
205134876
274310685
643028175
823017465
847021653
631824507
386052174
162340587
674320851
143780256
851043762
768230154
425680137
814350726
238610475
682310745
178340265
658174203
207683145
304278561
831062475
618520347
482053671
138072465
205813674
305124867
318042765
842170365
801425376
204736518
214065837
104752638
314268705
132056847
102864735
126378405
821370564
753862401
164073285
157463802
781245603
261548703
813042567
204851637
153860742
183064725
178430562
802153476
803274156
123750486
345172806
206154873
876021453
723065148
413072856
263175408
106735824
708263154
573214806
105846273
801762435
351046278
526037481
736518204
674518302
274385106
415273608
234176805
403712685
203764185
102564783
104267538
204637815
873021654
834216507
605187432
734625108
527160834
127048653
862710534
241063857
164328507
523016478
207416853
134780652
102643587
512684703
201836754
102856734
814675203
143085627
412835607
701528643
708316524
105247386
861074253
812076543
423085617
605278143
326057184
658741203
821340765
712063845
203758614
814065732
813064275
817426503
268710435
435170682
801435726
487260153
263054817
102476538
452386701
257061483
324160857
438065127
603245187
806741532
861072543
162834705
275041683
718560342
763041582
856074213
512830764
581673204
803154627
624350718
714853206
158340276
283574601
328045176
216574308
413820765
503461728
704618325
304125687
205174638
437816205
126084537
461032587
713240685
302685741
283076451
513260874
124350786
304182765
473615802
812540376
348210765
243156807
658073421
143280657
284375601
104582763
103248576
715684203
786540321
671042853
708432651
123840765
731056284
406752381
126734805
581430672
231570684
582143706
154263807
247650831
324067518
534270168
521870364
402731568
184052376
342760518
243750618
157032486
172483506
842671305
142035768
713840652
123046578
238061754
364710825
273846501
802453167
807136245
713640582
821367504
861520347
503871624
462053178
804261753
514082376
135870426
642130785
138247605
123860754
584612703
208634715
306751248
785140632
174385602
821067354
286541703
714036258
731264805
812734506
287154306
706143285
543021876
527641803
253780461
523170648
618750234
167840532
645310827
254081637
175038426
108754263
723684105
165280743
384015726
235146807
134780652
284013756
364812705
317654802
264750318
546370182
801376245
284056137
103425687
146873205
735124608
481026357
472053186
428061753
607851234
286034571
683412507
813026754
163025874
387162504
781623504
624810537
372841506
157230684
613854207
812076354
154083762
408571632
305142876
103725648
713280465
138275604
374860215
713065284
864270135
852460731
435271806
472318605
172684503
758042136
304782561
123840765
153746208
604312875
682547103
814320765
723054681
123087645
123780465
504867213
341862705
806273154
123056874
216370548
701468253
713650284
108743652
714620358
816053247
124056378
372016854
823516704
625130847
783046251
721634805
475162308
572014836
745623108
872163405
658230741
182530764
132680475
402781365
645073218
574016832
705823614
157423608
861034752
406831752
814062375
684357201
603245718
862057341
317526408
421530786
781420653
152370684
234176805
582163407
524170683
356021784
703654128
685430721
234710586
324758601
401875326
861073524
103875264
642530871
721054386
305826147
206153784
281670453
586041372
425186703
148032765
317860524
237150846
475320618
683120574
741863205
263170854
516038472
615320478
704321865
