352780641
804235716
134082765
734085162
637254108
356182407
425670318
172638504
873516402
802453716
427160385
703482615
718620534
256084371
834265107
106732845
531086274
781634502
148032657
145623807
814620375
405372861
823745106
172480563
684021357
704253681
874520316
215370846
301684275
768240135
523017864
361824705
386427105
305216784
186045732
804312657
231760845
854320167
408267153
502318674
812750634
346057281
162038745
845627103
701652483
173654802
801372465
317068542
835721406
423576108
583260147
102643875
106724835
162870534
436578201
276853401
712450386
832075641
103824765
324875601
542813706
421036785
805214736
204635187
647052831
718250634
457360182
658214703
241650873
702536148
834760215
523071684
584027136
827061453
508164372
263071845
187453602
438270516
218340765
324170865
132457806
205673481
624851703
724583106
165370428
518437602
184023657
863712504
674853201
317640852
801624375
823560714
618457302
104683275
358046217
704682315
201547386
706154283
305687412
305487162
726035418
502687413
147052638
546310872
508731462
528761304
146032875
164025837
735618402
304285617
108623475
781560432
218057463
523016478
463258107
735120684
358270164
185723406
821740635
573286104
384076125
273648105
103728654
704516832
684017235
705862314
876451302
374815602
274318506
671428503
681437502
123750486
132068475
145086273
132465807
451836702
257041386
306157842
708253461
712648503
832074615
715820346
465320781
436287501
302571864
748051362
684270153
812073456
786452301
501843627
123850674
256081473
704536182
735041826
701852436
426085137
638740152
173260485
475082631
657031824
374156208
413025876
817024563
782063541
824670153
324058617
734150826
476012538
356120487
132076548
215340786
641528703
461853702
581062473
623157408
203751486
274360815
523860174
261580437
135042768
275068341
725814306
547360281
875210643
715062843
346218705
361285704
356120748
207145638
148530627
602413875
134078652
347160852
102854763
216083475
314620785
701385624
241750836
256830417
743215806
245078613
206574138
307485612
624017385
483071625
741320586
238015647
234075168
573621408
236810574
146520783
725830461
518073264
235480617
713052684
807254613
425671803
358017462
408723516
607283415
135820467
128436507
658430712
245071638
541320687
352046187
712036854
708631452
123745608
708615243
328154607
837120465
647128503
568027413
576820314
407213856
205163487
831627504
821054673
753026814
312086547
713086254
485072613
158036247
834067125
752046381
708643215
702461385
613840725
504162837
237180645
731058624
102583476
817250643
415270368
653042871
702361584
407125836
456012837
205437168
305167482
572013864
287643105
287610543
714032568
182043756
736410852
342075168
423016875
623140857
587024163
506741823
508134627
163724805
204613758
134680725
123650847
362148507
781542306
243015768
328064751
275814603
205473186
837120465
863710254
803275164
403218675
501376284
731854206
403582761
136850742
632517408
825064317
751623408
458710362
203175864
146830752
263170854
813654702
347065812
274180563
173685402
165087324
571862403
403126587
421085736
486210537
671032845
436821507
805731642
213465807
301245768
102648573
861520734
734086251
842073516
283715406
201487635
207145863
823160745
861540372
351246708
713065284
263870451
701524386
405312768
547618302
741825603
527486301
547281306
352086417
703641528
128370465
421356807
634815702
104638572
604132785
182053764
362571408
125648307
845016372
325870641
628450713
627850134
674850132
402783615
302415768
427850316
801462753
801475362
846037125
304572861
821063745
641870523
364150278
685041732
873214605
631057482
804163275
872061435
513026748
431670258
617842305
452083761
586327104
364280517
718650324
631472805
481062753
732140856
163874205
725034186
123574608
803614275
167240583
351276804
413582706
573046812
215687403
284615307
856074321
502178634
413687205
715240863
351072486
105264387
261034578
437560281
172063854
736258104
138264705
701624835
704612835
513064728
614758302
406572318
853410726
153462807
504176832
134825706
257468301
124650738
208754361
603825147
521438706
365140287
283745601
518732604
524870631
817640532
513062478
143560827
186052347
734081265
846510372
524786103
423610578
705136824
786421305
714250683
423185706
431027685
453087612
312086754
437016258
803421657
806357214
547130286
376018542
164730852
283514706
741263508
203165478
205718634
842071635
248671503
103874625
327581604
201576438
143870526
421675308
726350841
702153846
853742601
273081564
647230851
264581703
371045268
736145802
786340251
507136284
635740128
627130854
153270648
162435708
813456207
782065143
625473801
573420186
813756402
402786513
406725183
853720164
401783526
523074186
873015624
508241367
782543106
754086132
436715802
274013865
716348502
162043857
246851703
185673402
126053784
701645328
673045821
427138605
206348751
548230176
716083452
312785406
102567438
541320768
834217605
732850146
532186407
762850413
487521603
752036418
801235476
571246308
523018746
106782354
168052374
604328175
241850637
374512608
605238741
105862734
123845706
823450167
824310756
468031527
176382405
107485623
735014862
302814657
452087631
812450736
756320481
812450736
374160825
708524613
604753128
574028631
861074253
862130745
806315427
153427806
835012476
254860731
301572468
873140652
874326105
675081324
571826304
641750382
418062573
258316407
438670215
146780523
413250768
145078632
105843726
103284756
605418237
475382106
718632504
106342875
307156824
837410265
603215847
508234167
705281463
428051367
176542803
165032874
872160453
603518247
364172805
587023614
386475102
152470863
682015374
803214657
846231705
671340528
402675318
105763482
172360584
427016853
358260714
135270846
314287605
384012765
325470186
862015347
842073651
256180743
127048653
153470826
856710342
413270658
734015826
816350427
648017325
148027365
203786514
816720453
286734105
326814705
165743208
357260841
203478561
135840276
574162803
302756814
134820765
843270651
502637148
648370152
173425608
467850213
625184307
812530746
125347608
123460857
236470185
285430716
473258601
613042785
875362104
176285403
347610258
637421805
852437106
427850163
715360284
385720164
603852417
845176302
381720546
206347815
208546731
712064538
486250173
152430876
463025781
501742386
871043265
523180467
763450128
851076243
156023874
152470863
205734861
465837201
736041285
381765204
702415638
708361254
831047625
817642503
164875203
507162843
825340716
705864213
102758634
302176854
648273501
314560278
827560134
834150762
724510836
582471603
863147205
108732465
457281603
854230761
305164728
523064178
721845306
173850426
143857602
234056178
785340621
503784216
138074256
436810752
384520716
618320574
176042583
807143265
432165708
105743862
823156407
781642503
701325648
325467801
183472506
734081526
643018257
203186547
482710653
152470638
142063875
402368517
152084763
824376501
423071865
264083751
586741203
246830715
546013278
128347506
205178364
245360178
103268754
152430768
853160472
523086741
503678124
631480257
738410625
713058264
821437506
506812734
302674518
168035274
385267401
138742506
148270536
437615208
803421657
201467853
841270635
301462785
283156704
632781504
102735846
162058734
351842706
384026715
825076143
573041682
578013624
612054873
301546872
645187302
613842507
574018362
852710364
627435801
274630185
402173685
564071283
283071654
526430781
835127604
267853104
357140286
713064582
358621704
482063517
873560241
672043185
162083754
278456103
354026178
543068217
403851276
874016523
875341206
208647315
712830654
813672504
104582637
715340826
801465732
123680457
513460827
245310876
578236401
487213506
813024576
725018463
501628437
205316487
705216834
786530124
632041785
103548672
702865341
604578231
203174685
806735421
682073514
824731506
583716402
147028563
801327645
213047568
807641523
206134785
175420863
163452708
308216745
651873204
748531206
165032874
817024356
803421657
183567204
103762485
472680351
165038472
834671205
675120843
381670254
106835742
751280634
106827543
125360784
462357108
405823716
405617238
234018765
253460178
708561243
102384765
712054683
872356104
703812645
873142605
876043512
501824637
364852107
801732456
203157846
162075348
632540817
381067254
471023865
143785602
814250763
703815246
536480217
104285673
347618205
643280517
603274185
814036752
701836452
713628504
182045763
612473805
408613752
204657183
347156802
135460782
732850461
401823765
201734685
804652173
607384215
824076351
275018643
104568372
358274106
672830541
842037615
235047681
613082754
164578302
253064871
501873264
581346207
825073164
832057614
142680573
752043618
317584602
746382105
108643725
143850276
148360752
703814265
126587403
103567248
615830472
482065371
402173685
216430857
406351278
107352864
547031268
576231408
704312568
846250713
528374106
357081624
326718405
157024638
702463158
421075638
123057846
851243706
126534708
802473156
308724156
546231807
301684275
537024618
701238456
413068257
324857106
602578413
807314652
318024756
376520814
804257631
718023564
483076521
463127805
203546187
632158407
642078351
805423176
837610542
624513807
375180246
182073654
716230548
813025746
168723405
576832401
506831724
412376805
816072534
168245307
537482601
615324708
852743106
283160754
302685174
541832706
238154706
523076148
783064152
134082657
103875426
701526348
142350876
503168247
376541802
125038746
236071548
831760542
731045628
137268405
406832571
236170845
276180534
203651847
687432501
631425807
145682307
286410573
681720345
167238504
801453276
504216837
506814372
135048672
518264703
642180537
152784603
486721503
624130758
401786325
241830675
345072618
134620758
652014783
405867231
704235618
203561874
871630542
801345627
843016527
186327405
631587402
425371608
847210536
805743126
308127645
561837204
104567328
358746201
632157804
412035678
438250176
812537406
132680754
573068412
132074586
567832104
765023481
682075413
723184506
103825746
412578603
125386704
503817426
157062843
253640187
718560234
152034678
403761285
784063512
163085472
201683475
374062581
685723104
183270546
573642108
541082736
387524601
