042136857
154826730
810243765
842763015
120748653
082463175
641703285
123645870
134705286
420185736
057214683
523801764
123706584
023184765
150832746
710482653
123508764
234175680
082463175
162708543
138702654
264158730
458302176
834261075
780531426
130274865
283745061
023164875
310842765
234608175
152407863
123804765
123608574
813564027
430281765
812604735
834207615
086125743
413207865
123786054
841723065
142603875
813604275
126803745
015824736
145203876
162703584
142783065
613825470
034182765
472103685
283106754
234615078
273105864
730214685
134802765
610472853
134805726
146803752
123845760
123745680
234708615
123475086
134675028
081742365
125308746
140835672
513826074
135826074
123805746
180673524
612873540
283705416
712536480
582103746
510863472
218763045
412865730
120384765
235104876
034218657
123804765
280643175
613274085
120843765
230785416
823401765
120673854
073281645
123604875
824305761
320146587
613205847
046321875
123507846
041652873
314205786
810354726
082415736
134708652
083724651
756801243
013867254
073184625
314268075
810632475
061273485
173604852
813205746
142603875
230175648
714235860
138256074
162803754
821734650
012563874
130825746
283106754
813264075
610432875
813205746
350468172
018732465
243105876
851604273
250134876
248713065
013825746
240138765
013827645
273106458
162803754
136724580
082456173
083274615
136502874
123704685
821705643
134782650
342187650
013824765
120573846
013824765
368201754
134856720
083214765
821734650
012843765
073821654
830216754
418203765
273108654
350286174
728451630
230871645
713864250
438625170
420173685
851603247
273145680
024135867
045328761
814652730
612403875
810263754
034186752
021873654
126857340
123604875
612873054
741203685
130754628
812703645
613245870
614305827
710623854
813725046
140782365
042763185
142603875
123845760
273104685
182736054
123405876
283145760
823547610
134605827
564132087
134825760
046213875
217603854
813726054
241536870
130826547
142603875
285703614
356124870
420163875
823601754
023168574
384602175
130465278
613274085
160832754
142735680
042173685
283104765
273158064
142783650
134708652
134205876
713624850
687412035
083214765
051732684
340175286
024138765
023168745
024356187
142703685
385264170
138702546
230185746
324687150
315204768
385276140
810743625
243105876
084561273
342105786
580143726
123705486
130624875
287135460
180423765
682713054
142803765
810723546
142856073
418206753
243175860
162304758
248135076
138704625
812504763
234718065
023781654
482603175
280143765
130864752
825416730
812463075
710832654
813264750
083264175
413205876
023174685
136204875
870231645
682703514
465138270
134605827
120743685
123804765
082613754
235814076
162703458
813264750
341865270
613274085
025134687
360821754
834671025
123845760
420183765
142653078
841635270
253714860
831425760
034671285
123405876
710428635
582401736
123657840
235817064
784562031
123805746
283104765
513206874
163802745
815703246
342168750
345126870
123784065
462103875
438102765
035217864
038217654
368154072
012845736
012846753
851264073
123604875
164807235
280531674
647832150
123845760
782103645
137285046
824175063
014782653
143805762
327805614
120753648
173586024
012743685
123604875
682103754
123607485
830214765
624138075
712608543
123745680
718302654
813204765
012653847
278653014
124503876
613805742
172503684
034156728
042738165
851407263
712803654
360178542
034175628
234175068
812506473
134205768
713204685
123758640
342105867
283701654
283106754
273184065
123405876
813764052
240836715
081672453
058172643
014832765
134602875
130824765
581302746
123867540
134205876
710253648
283106754
042183765
160823574
013756248
742681530
253108764
123804765
123645870
782463015
841723650
682573014
834721065
620413875
123405876
034175628
812543076
042158763
138625074
234108765
630714285
034186752
153806427
810643275
123845760
813724650
283106754
842507316
813724650
127643850
263104758
062153874
342801675
134802765
418203765
130872654
713864025
132408765
835104726
340182765
841603275
780143625
785102436
012354786
052184763
134702685
134802765
263108574
724385061
714305286
340182765
435801726
478502361
538714062
120453876
134782650
123804765
263704185
083271654
234158670
123785046
314208765
521783460
630824175
821603574
810723465
023174685
234608175
174205386
683107254
056123874
236184750
147203865
162805743
280163754
548721036
130674852
712403568
350147286
612784530
851732640
230154786
816243075
480132765
182704635
812435760
253106874
135802746
536814720
482103765
130627854
123604875
610853427
812403765
314205786
283105746
673804215
813704625
123784650
364812075
271643085
834601275
123645870
374182065
123706584
734215680
143526870
123604587
130245786
234605187
083256174
841703625
163472850
253604187
781603524
730184625
083254167
851403762
142675038
813256074
043215768
034182765
812573064
823401765
134607852
152836740
523186074
821703654
032645187
810723546
813604752
130824765
613204875
830167524
270148536
136824075
123475086
013824765
083274615
012643875
821503764
014832765
140352876
142806753
684305217
034185726
813264750
345168027
140732685
134672850
813702465
013827564
023156487
083714625
023185467
034821765
075163284
812603754
613825047
312845760
340268175
134607852
074231685
283604751
134602875
470152638
120643875
243156870
138654720
140835726
482163750
152803746
623804175
530216874
280163754
832104765
123806754
120643875
278301654
516324870
142863750
013864275
031684752
612703548
023184765
613802754
086273154
841703625
348725160
126403875
254183067
264108753
142785036
136804725
164802753
630174825
421786530
412573860
025148763
156423870
147803625
123674085
423105786
034182765
182734650
273104685
871603254
651802473
123408675
821703654
324105687
835702146
314285076
837501624
013426857
283641750
123864075
142856073
230164875
128603754
120843765
061873524
451283670
123856074
374105628
230684175
813546072
417203685
142653078
526703184
435607128
086421753
150423786
142783650
024138765
326104758
162703584
183704265
021873654
142673085
128743065
841203765
120863754
142506873
682103754
014536872
051472836
150746382
284306175
134278650
375102486
810572643
813245760
123604875
123705486
813245760
248635170
361825470
123864750
142863075
830714625
123845760
163245078
120843765
123864750
123604875
153678042
013824765
081742653
140532867
264158073
081432765
123806754
682713054
137804652
120863754
164805732
423718650
134802765
135702486
320184567
723684150
713452068
137602854
283104765
831425076
123657084
025137486
273105486
012653478
152306487
018425736
846203175
082714365
263174085
135467820
345802716
024835176
130274865
312864750
134782650
273184065
450812736
162783054
384715026
083216754
147683025
127803654
140832765
325108476
081273645
873214650
827345610
012783654
120874653
142863750
162803754
130724685
345708216
142657830
136802754
234158670
312804657
821345760
813726054
186234075
043125867
230185746
024715638
134802765
134605827
132805476
014375826
283714065
123608574
861245073
014632875
140523876
134572680
013824657
380254176
142603875
714302685
215803746
143728065
836201754
834201765
142803765
162304875
041872653
834725160
713628054
821503764
135802746
324815760
243175860
580243176
713204685
356871024
652134087
123805746
234106875
813702654
812703645
386204175
234708615
182734650
012583476
843205176
813405276
281763054
248163075
130728546
123708546
140853276
042165837
083214576
863124750
861205743
140732685
135806724
013427865
283106754
413205876
034172685
710643825
012768543
125734068
728603145
123605847
280143765
123674850
618725043
783145620
134782650
134782650
850731642
240653817
713804265
123784650
123564087
314285076
481702356
861703452
814652073
273184650
123856740
263815047
630217854
023781654
123805746
324185067
761854032
012647853
130624875
123758640
782153046
423681075
845301726
315274860
234106758
612407853
418602573
123708654
834701625
083215746
230865417
813204765
613204875
812706543
812403765
162503874
283164075
153607284
273408156
245168730
013527684
134702685
083215746
723586014
483215760
142708653
042156873
162753048
134865027
023145876
813507624
783142560
153278640
710634852
513286047
082163574
840721653
283106754
160234875
634201758
235178640
813506742
048213765
713258064
281356470
123805746
812753046
270851643
814302765
120863547
283164750
123745680
142863075
134705286
234605187
143805276
152803746
140328765
013728465
123475086
713856240
120673854
841735062
023185746
013824765
028143765
148302765
134708652
273145680
013874625
358104726
023145876
123864075
834205671
612803457
360124875
136702584
123674085
134862075
230184765
023185467
083261745
013824765
123674085
051862743
120847635
812403765
235704186
374102685
123745068
258103746
150843726
183746520
140235876
082416753
123786054
712483065
836205174
830714625
240138765
280435716
863245170
234718065
083214765
235164078
043215876
123674085
014672853
340162875
130824765
134805726
287614350
248103765
012653847
123645870
120673854
810263754
042163875
240137856
812653074
013627854
013265874
830265147
234816075
134862075
134672850
813264075
813725046
813704625
063275148
812405736
064182753
813704625
265807134
140862753
034185726
812435760
137604825
260345187
283715046
714258360
283104765
123784065
083216754
834201765
123805746
134725068
210873654
123456870
042817653
423185760
423718065
860413752
135842760
123804765
120863754
268104735
274816530
152473860
830721645
134275860
142603875
136502874
130824765
712638045
152406837
240163785
812435760
480132765
476102853
042316875
835701642
130674852
340162875
135402876
160835742
451728036
061583724
083465217
841603275
248163075
063824175
450326187
283156074
130526874
063257184
813405276
813706524
720315684
612783045
281703645
123784650
815302746
273104685
730214685
014735286
820713645
234108765
023714865
130427658
142635870
263174085
134862750
083274615
840712635
120843765
250183764
812763540
023174685
152408673
861253740
234715086
120863754
258103746
123607854
014872635
013725648
034285176
130842756
812403765
613824750
083264175
123708654
130864275
043815726
123704685
813672054
835124076
