813724065
120853746
136802754
123864750
813204765
136852074
124708635
234105786
142805736
134602875
123657084
812743065
830214765
123705648
130824765
123784065
182703654
120643875
380124765
134805726
813724065
123785046
023185746
023184765
834206175
134856720
123845076
273104685
134702685
023184765
123804765
142806753
280143765
034218765
836701524
134862075
283604175
240138765
042183765
142805736
230687154
283145076
162834075
234875160
234106875
830214765
012853746
134802765
134802765
340162875
123856740
013874625
023184765
130845627
123856740
023864715
812573640
123864075
283145076
018423765
023184765
123804765
021483765
142703685
813264750
123864750
123845760
135802746
012583764
013824765
781203654
123708654
813245760
023145876
125806743
024136758
134856720
023184765
123864750
812743065
123864075
134806752
861573024
813205746
162783054
142835760
260813754
130724685
015243876
234715860
013824765
230184765
134205876
160532874
423718065
123604875
120783654
134825760
123864075
234108765
123407865
130826754
814305726
812753046
283714065
123604875
062183754
134702568
123705648
418203765
142703685
813724065
123745680
234106758
123784650
123864750
142673850
123674085
130724685
120743685
120863754
142803765
164802753
283607154
120783654
230164875
142835076
218673540
162307854
120643875
124368075
123864750
234785610
123806754
218703546
123604875
123784650
013724685
023184765
013625847
123804765
123804765
123856740
162803754
810743625
134625870
136824750
123758064
162834750
081243765
248135076
120863754
142863750
283105746
260843715
023185746
283604175
134825760
234185076
612803745
862403175
014235876
023164875
120853746
140832765
012863754
480213765
713628054
123785046
142863750
123806754
130824765
830714625
813245076
123475086
120843765
182673054
134725680
816302754
013825746
813704256
230185746
812603475
123674850
123804765
123604875
230164875
013824765
813204765
014832765
123607854
820415736
841203765
153804726
162783054
016832754
072163854
134708652
135826740
813704625
083274615
283104765
123804765
860312754
136852740
813245076
063184752
123806754
123604875
123807564
230164875
120853746
134806275
162804735
230186754
120843765
014328765
713604825
123805746
015832746
123706584
142803765
123467085
123805746
013724685
123784065
014862375
140832765
023164875
813724065
234156078
283104765
063274185
123784650
123864750
042163875
135672048
123856074
423168750
813724065
713628054
160782543
123856740
162573084
130824765
273104685
012345876
384712065
134672085
832714650
813745620
123704685
420163875
134702685
123864750
134605827
023164875
042183765
123784065
023184765
123478650
832704615
123864075
120743685
123704685
123705648
013725648
134802765
142673085
813204765
613804725
123864750
162834750
123845076
810243765
134702685
482103765
130624875
123784065
810243765
123607854
152436870
810453276
813204765
820613754
062153874
134862075
123806754
374182650
283164750
813204765
814732065
123804765
123456870
230184765
243165780
120843765
142783065
813705642
813756420
142703685
123864075
134806752
384702615
023186754
841203765
281403765
810263754
280631754
123784650
812403765
023184765
023186754
713204685
134806752
042163875
123805746
120563874
123674085
712683054
230164875
120673854
043215876
152403876
012783654
134856720
123708654
123758064
810432765
142805736
023184765
130824765
130854726
164802375
283156074
813245760
342108765
164802375
123864750
123705648
134205876
850312746
142783065
012873645
240168753
142673085
134802765
813705426
012783654
263104875
134802765
023178654
713258640
234185760
830214765
283145076
142803765
014832765
234685170
130824765
023185746
123806754
810632754
123845760
023184765
263145870
123678540
123607854
134825076
134805726
283106754
142703685
813204765
128706543
123864075
023186754
120743685
142783065
153804726
831624750
123674085
123786054
123784065
123804765
281603754
830214765
123856740
146803752
120843765
283145760
023145876
283704615
410852763
230184765
423106875
123604875
820513746
123605847
841235760
123864750
120843765
123806754
834201765
012743685
123405876
347215680
123704685
123845760
812743065
230154786
123845760
013864275
810243765
140862753
012843765
123758640
720613845
142803765
120783654
248135076
263174085
236105874
123704685
123804765
013728546
283106754
023185746
243105876
235146870
830214765
123805746
136427850
814302765
813752064
013864275
281463750
814735260
123784065
123784650
812743065
153864270
142863075
273104685
182753640
123804765
410852763
142806753
283714065
123804765
120863754
134602875
123804765
283104765
013874625
813204765
013624875
813706524
013824765
014832765
134802765
013826754
263104875
013824765
123804765
134782065
384102765
142803765
142783650
023184765
812743065
234105786
813204765
283104765
123804765
023145876
136802754
142803765
123784650
013824765
248103765
123784065
034125876
813752640
123805746
123678054
810724635
234105867
120863754
184752063
152843760
012843765
123864075
234105786
123845760
120473865
123674085
841603275
023174685
023186754
023145768
782103645
813264750
123856074
263104875
263107854
813745062
814306752
120743685
234176085
813204765
134862075
812403765
123864750
370624815
134825760
123704685
130845762
783604215
013824765
120783654
013824765
123675048
813264075
014835726
280143765
027143685
163804275
123704685
134862075
813674025
123745680
235108746
520183746
015324876
234105867
123806754
812705634
283105746
082413765
612435870
823401765
123758640
134782065
123745680
123845760
123806754
162803754
023164875
124738065
813264075
063284715
130826754
240135867
062153874
162803754
014632875
240138765
123708654
142783065
162853074
234106875
134506872
230184765
420183765
134672085
135802746
123704685
120743685
713628540
283104765
013845276
813264750
230186754
123864750
134865027
063284715
830714625
813204765
812435760
234608175
123805746
028314765
024138765
814362075
482103765
712834650
813206754
028143765
230175648
423617085
123786054
235146870
123705648
283104765
123604875
283105746
234718650
813245076
235186740
132406875
023186754
123784065
023178654
035142876
830614275
140835726
123706584
013475286
142863750
134805726
142703685
613245870
152806734
324105687
012673854
123785046
023164875
120863754
813702654
023145876
123785046
283706514
123805746
023175486
023185746
234108765
023186754
813726054
123804765
023145876
123845760
413782065
513206874
134802765
134702685
023178654
152803746
613824075
012863754
120843765
162804735
130824765
816732054
014832765
012863754
123784065
812705346
123804765
123804765
813704625
123784650
023184765
023184765
283104765
130824765
182403756
123805746
013824765
283704615
610273854
135786240
162803754
142635870
138702654
081632754
123678054
083274615
123806754
263801754
813204765
713628054
120843765
413206857
813206754
023184765
120843765
123845076
150824736
123407865
123758640
034182765
712803465
123805746
813204765
123864075
142783065
134856072
142803765
123706584
024138765
120853746
123806754
123784065
123804765
018723564
783102654
123674085
283164075
013724685
140732685
130624875
134702685
813724065
142805736
135406827
123758064
152403876
023185746
081732645
813405627
812403765
813264075
123785046
142835760
283156740
182734650
384162075
013824765
310264875
013845276
142703685
135802746
142805736
023176584
012843765
413825760
243156870
812463075
123804765
123804765
012843765
135802746
830214765
123605847
813264075
482103765
120743685
230186754
450162873
123856740
134805726
123805746
082613754
120453876
134702685
813704625
283106754
823405716
630214875
236158740
013824765
123845760
345201786
136852740
083214765
083264175
123856074
142803765
120843765
042183765
130824765
245103786
013624875
234185760
123706584
123745680
012874653
842301765
023145876
012643875
243175860
123704685
234715086
240136758
813264075
814732065
813706524
718632054
023184765
013826754
248103765
134802765
248103765
812403765
173824065
120573684
123845760
012863754
142835760
123705486
023167854
123708654
234108765
283104765
013724685
123705648
120843765
340125876
082413765
123804765
120843765
123784650
013824765
123645870
134782650
152436870
782613045
812763054
420183765
042163875
082714653
810643275
120863754
812573064
234105786
260153847
240536178
013824765
013824765
123708654
120843765
123674085
813704625
140832765
283714065
130825746
841235760
283104765
810243765
273104685
123845760
123804765
283714065
123864750
263804715
123708654
123804765
863274015
834201765
023178654
248135760
120843765
142863750
123784065
813724650
830245176
123856740
123704685
123806754
123805746
813724650
821673054
134825760
123784065
142803765
120853746
136824750
123804765
012853746
012843765
813726540
120863754
263104875
023184765
123704685
013826754
813204765
283705641
123864075
135826740
162803754
130872654
813705642
140235876
123864750
123804765
123806754
812503746
142803765
613824075
260143875
713402865
813724650
280143765
630214875
135406827
810432765
813724065
813742056
812754630
136824750
810263754
026783154
013624875
830214765
283674150
234165870
342185760
123704685
164802753
821703654
230184765
345186720
820413765
134785026
140832765
283164075
134782065
034162875
813724065
123845076
813264075
023156874
134856072
820413765
812463075
123674085
124738065
150632847
810742653
012863754
120863754
123805746
123705648
281503746
123806754
460132875
152843076
034216758
123804765
123804765
014832765
157603824
123784065
134825076
083245176
234185076
123604875
130826754
120845736
230178654
136702584
142856730
023167854
130728654
083214765
120845736
134725680
023184765
013824765
123805746
123856074
813724065
123864075
160832754
034162875
142805736
248163750
012783654
283106754
814702635
130825746
123856740
081263754
024135786
123804765
134786520
083214765
134205768
813726054
283164750
123745680
123856740
123674850
130824765
123804765
123758064
120763584
013826754
450318726
813205746
613204875
812743065
152803746
120843765
023146857
830214765
712853064
013824765
123845760
340172685
130824765
123806754
234815067
134205876
872153640
084712635
230174685
130824765
123845076
