356102874
813245076
821563074
058167432
176852430
038261754
730214685
813254067
162703584
163504872
158742063
083712465
513206874
134675028
134802765
385102746
123657840
720463815
243156087
152864730
013624875
283104765
813576024
123806754
013725648
365428710
123784650
860372514
412853076
341702685
623108547
130724685
264105387
384102765
142573680
152603847
174328650
031472586
612308475
214307865
320784165
783614025
063184752
034285761
130582467
713854620
280631754
012753864
142635870
268103754
261874035
235406187
124567830
283164075
630854127
130728654
230814756
263104875
123845760
124503876
573286014
063274185
120584736
142703685
134805726
734185062
063174825
024173865
081573462
052143876
814735026
068143275
025846713
165304827
042186753
263104875
830721645
123786540
783415260
283106754
013724685
125786043
123745068
284503761
123706584
813704625
172403865
713602854
136824750
341825760
253148670
415203786
812405736
083145726
612843750
013624875
234815067
034182765
850421673
234865710
812604357
812706543
134802765
413628075
123704685
483725016
280734651
234806571
134708652
812743065
812367450
821703654
153627048
135784062
714602835
284735016
283145760
861203754
123804765
130824765
142603875
380124765
813724650
832716540
810632754
162803754
134602875
624135870
613287450
047215638
123864750
124753680
846207531
831402765
130427865
120743685
142803765
783614250
823601475
034175862
035184762
423185760
721803564
073425186
830265714
346502187
813204765
418603275
840263157
283704615
023175486
813706524
675203184
086172543
183425076
064832175
418203765
236815074
123456087
062153874
182703654
281603754
714265038
358102764
861402753
841235760
123874056
280763514
012453876
417802635
240137685
013764582
234175680
152473860
743102685
135702648
364105827
162853074
165803427
034286715
123607854
123845076
810642735
421835760
482703615
683214075
023178546
021543687
142835076
128743065
240375186
160843275
834215076
618204735
250763184
821753640
841305276
415632870
045378216
013725486
136748052
723401685
326104875
084136725
480153762
134602875
724105386
260153847
783614025
875641032
210784653
810325746
861203754
120643875
263104875
385704126
134702685
210473568
142805736
812463750
386502174
841635270
724638150
135804276
142863750
142803765
582104763
482105736
123457680
145306287
713428065
412803756
781405632
280763514
814302765
413702856
124308765
452803176
720538416
368742051
235146870
813725046
354176082
721803645
821364075
384102765
142305876
614782035
635128740
235814076
738601524
170582364
142703685
263714058
712804635
123856074
027143685
054321768
136572840
123784650
045176382
625301874
134706258
041532876
230174685
273184065
126854073
513826740
350218746
386152074
714586230
810263475
123507846
134862750
128634750
034278615
142603875
024137856
820714653
236104785
613402785
812406753
723405618
813507462
260143875
035416287
630214875
164835720
142863750
142603875
082173465
360412587
083264175
812456073
053264187
420183576
432856071
814275036
120453687
176504832
816302754
240135867
142803765
712503486
140835726
724306185
184702653
134802765
137654280
073218654
234108765
364807251
283705641
637251084
823701645
013824765
813206754
053184726
530214867
120843765
813245760
613504278
134587620
210543876
140768532
254803716
283705416
123806754
714368250
253164087
124785630
283701654
082315476
134825076
130824765
783104625
240137685
013856274
340275168
137602854
123607854
653207184
813704625
084316275
813402567
274835610
235704618
123708654
813724065
781603245
172504863
140732685
780215463
123804765
623874015
134672085
714305286
083564271
086243175
012875346
812704365
630245187
234108765
143658072
130754286
247106835
841672053
534102876
812756034
123607854
813204765
835401762
146832075
034268175
283104765
821403675
120453876
140753826
273608514
482106753
145826037
873205641
142673850
374205168
360284175
081742536
183704652
850621743
140836752
120673854
813245760
012843765
864201753
510234876
215706384
682134075
340781652
073284165
071628534
810263754
015732486
243107865
783612054
023145768
130254687
123804765
347602185
340172685
035241678
781502463
234608175
240153876
830215746
123467085
718635420
182546073
081432765
123786540
134702685
815234076
034167285
081354672
123704685
123805746
812536740
073142685
213854760
360142785
810473265
134862075
260184753
023175486
345102876
123674085
236578140
613745280
716308254
634715028
014832765
612407853
680471253
142607853
026138754
134205876
312807456
284107653
142605378
142736085
184723065
182753064
123405876
478601523
134862075
842361075
013627548
132805764
120653847
134782065
127304865
351782046
013826754
130785246
123785046
084217653
032754186
016832754
567304218
374801562
283764051
812704653
123407658
345721860
130826754
213567084
536284071
134705628
710243685
187602534
123706584
380164752
428563710
420167385
218603574
356104827
123856740
013724685
813725046
362158740
123845760
182703654
813605247
120653847
123845076
013874625
130425876
847205163
142673085
485207163
813475026
240135786
820475631
680142735
532104786
081243765
150432876
231708546
076521843
617803542
140763285
142673085
024138765
813576240
123704685
723164085
135426870
183652740
247103685
234705816
841205736
145268037
520173648
230764185
082563714
340786512
134805726
123708546
123605847
253704168
162783054
123564087
034125876
142806753
348206175
613874052
123467850
136725840
124308765
183274650
071482365
043286751
142678053
785416230
283145076
260843715
068214735
820413765
268415370
813607254
260153847
184702653
831425760
247613850
120673854
153807246
017524683
013824765
283714065
142305768
840712356
073164852
130652874
438125076
230184765
482713065
712653048
846312750
150832746
523406718
125703684
123456870
425108736
013754286
613507284
428631057
017845632
745106328
231645870
281573064
613207854
613705482
083216754
352107486
240867531
851473026
123785460
213704658
723801654
370864215
812703645
084513762
348102756
216843057
216807534
713856240
810632754
125806743
683174250
812703645
416783025
345286017
235617480
123674850
142735680
034271658
324105687
825406713
083215746
460823175
340185726
324801765
358601724
123864075
130865724
085426713
213567084
781524063
712568430
346821750
235174860
084731625
482105736
073215648
120865743
083614275
123784065
813504267
153406287
340276185
831756240
028314765
831625470
384156072
813702654
182705643
083214765
013826754
123845760
384672015
830214765
051632874
123758064
813604275
048216753
362108754
730185642
783264015
123786054
732804165
246735180
236184750
230164875
830214765
028613745
513287640
012763584
263507184
123504786
142863750
034215786
245836017
143702586
123708546
284165073
213804756
134805726
347102586
725308416
123705648
123605847
413506287
841203765
354218760
123607854
041873625
812403765
023186754
142705638
170843625
813205746
482513760
781203654
138247650
460132875
362184075
016832754
281304675
810643275
013527846
236108754
312706584
142783650
815302746
258703416
083241756
780132645
146703582
270658143
083174652
813702654
248135760
263145870
478203615
123785460
162704538
142305876
154802736
162345087
123708654
018423765
130425687
415283076
135708462
134782065
123705648
134805267
372801546
143265087
841203765
172504863
041823765
234168075
831602754
634207185
364107852
472105638
120453876
630172485
850143762
123674850
815306724
370214658
230184765
624308175
123456870
735416820
823405716
043275186
812703564
234168750
731402685
813625074
365148720
340185726
346158072
273104568
258403176
180253764
840235716
281753460
783124065
710623854
345281760
123785046
245137086
682103754
782603541
486305127
812743650
123708654
712403685
123804765
128403765
023184765
014732685
234715860
342786150
263105847
835146072
120573468
840236175
536208471
126843075
457206138
712645038
384205761
135726480
438162075
836214075
123864075
720138546
140637852
813724650
435701286
328714065
468102753
123864075
687103524
120673548
140732685
152804763
713208654
247568130
125803764
562703148
710243685
024136875
712854360
420358716
123657084
613274850
812653074
810263754
873104526
123645087
012783465
364782150
120743685
083215746
835764120
813205746
283475160
123645870
184726530
023186754
023714865
045821763
863402715
153274860
124307856
134208756
150832746
410837265
120846753
283674015
384105726
673205148
654302817
014832657
278601534
180734625
683215047
630781452
083614275
325801746
041823765
273105648
240173865
083714625
152736048
283714065
247103685
258713046
358704216
681243750
035146827
081243765
872605413
135472086
834276150
832701654
052816743
134802765
023418765
142783065
142703685
461208753
871623450
014326875
781423650
036284175
461325087
142703685
620134875
126703854
352406187
120863754
128407635
258143076
864352071
234761085
641502873
783604215
723506184
123745068
280713654
146302875
120753648
613784250
142563870
023186754
467305281
170843562
250318764
142635870
610832574
873641250
123856074
235106784
062413875
123805746
120853746
821306754
123706458
147302685
710263584
284735160
134862075
813576024
634152870
261853047
130724685
132805647
234168750
218753064
123645087
018562743
123675048
714358062
134625087
234816750
072183564
231745068
014832765
783651024
283714065
061573284
142785036
140782653
013872654
134802765
258613740
138524760
263157840
162573840
143805762
123847650
364807512
730218654
036124587
023145876
135402876
123804765
130826754
783142056
830215746
012843765
023147865
713604825
012843765
482105736
286713450
160832754
840715623
783105264
821703654
571482630
831742065
013425876
123576084
862301754
413862750
125806437
814305726
123645870
180742635
162845073
831604725
123804765
273405816
154806372
453102876
578204613
061243875
136824750
813762045
813724650
413205687
350214876
283104765
435201876
123864075
283145076
162408753
328104765
182704356
714602358
137652084
013874625
173824065
230475816
813752640
237801465
735481620
530182764
830721645
034172568
382741650
861203754
851372046
640218753
360784152
123805467
172804653
310452687
713245680
620815734
125834760
018754632
058126374
482306157
