346128507
134782605
163072548
184065237
248037651
103675248
243150876
682513407
123076845
612348507
826045317
504713862
401365782
841256703
265134807
603154728
528043716
103624758
803164725
862435107
134650827
302781645
348071625
684150732
803165274
601284375
625478103
132570864
108623754
852716403
307456128
264051783
461235708
703428651
806413275
608253741
421653708
702831564
103875426
516370428
703164852
523140876
536170482
314062857
135284706
521736408
603847512
102843765
134072685
621374805
374182605
182034765
204783651
182764503
367284105
312045687
512064783
134057682
657021438
428756103
401765283
123470865
283670154
824056317
482016537
374082516
348065721
861234705
681254703
246835701
852316704
217054386
327180546
346570128
608213475
458723106
126038754
813250746
781245603
145023768
173085426
137420865
703215648
452781306
402175638
875310246
307152684
381247605
821740563
183056724
123645807
825016734
403615827
721843605
182736504
806317524
264053187
536810724
605328147
314875206
602814375
812650437
304582671
254018736
207183654
183756204
706324158
635824701
203581764
714083256
314256708
302645871
561247803
625830174
348265107
162830754
247150386
263740851
102853746
415230786
504326817
324056187
316084752
815026743
203875146
105638427
546137802
752140863
803214765
753068214
234016875
106524873
618240735
726053814
286014375
273864105
428150376
608423175
573260184
571230846
582140763
843610725
872063514
371624805
304285176
235170486
147860352
701652483
148620753
653024817
372148605
261570834
806374152
102845367
405316827
103526874
408267315
405186732
143875206
631025487
502638174
462358701
483061752
587210643
162850743
723145806
341750286
806132457
603285174
721640835
835240176
234175608
482063751
581723604
345061287
817240356
174038562
108723564
341870625
305462187
385741206
123860754
364028175
142075638
682530174
348762105
604231875
283156704
236045817
105824367
723160548
384125706
701256843
123846507
813074256
165720384
764582103
483620571
203154786
152473806
307825146
703268145
231640758
306218754
153876204
713284605
168057423
184627305
837041652
802471365
146850372
613274805
743012685
603174825
308174256
132045867
187653204
142673805
153768204
405126837
402163875
735420186
816572304
241678305
812645703
368052471
582360741
348215706
304718562
472618503
703214568
247035168
126038754
302816475
412073865
132860574
801356742
317540682
782143605
238560147
208563174
278041635
653174802
801243765
135076284
248163705
412673508
462013758
135042768
108425736
802476513
102453768
724638105
168542703
148357206
537026481
374058621
507248361
123784605
257164308
208546173
603812754
583174602
702568314
142035687
812064735
712643805
836071524
846071532
603724158
365028147
207654138
154360827
602185743
751038642
354861207
384120765
634081725
271348605
475380162
281430657
417830265
835210746
145872306
423180657
812073456
671250843
203174685
384065127
138674205
245837601
204186573
852360714
283745601
384162705
702835461
623150748
713025486
184753206
804137265
263017854
735086142
205873164
165427803
684031275
285143607
807623154
615283407
456320187
812460753
304872165
782516403
845071236
321765408
238071564
863210745
105824736
813762405
308154726
417356802
281054763
413862705
371450268
623054187
268510473
135670824
568310724
421063875
132870465
402675831
345810627
241073865
236780145
124573806
142576803
126450378
328145706
257046183
713652804
742168503
284560371
287051634
104378562
812754603
104365728
752014386
432165708
608731425
236470185
451230687
518037624
127350684
123056874
384072615
635087124
432180756
384075162
306174285
104236857
463150872
102785436
128463705
167543802
184230765
503821764
384275106
283147605
652873401
701283654
487260315
273610485
312650847
432180675
234680175
134825706
531760824
103426785
136820547
403826157
724035816
345016827
613870524
172085463
835410276
486130752
125468703
631042875
863275401
145783206
817032456
603427518
214630875
362150874
128370654
601458732
534172806
381047652
817025364
123854607
357186402
408153762
307842156
203745186
823450671
823546107
348720516
485031276
306547128
785032614
216043857
732418605
102863754
231786504
234715806
148562307
125340876
417058632
278043165
506138274
265137408
843275106
671230485
372045186
841056732
723450861
134680725
648570312
652834701
304762518
235180746
327815604
816240753
214083576
148032765
784163205
537286401
817640253
275430861
832076514
725861304
234187605
283517604
835721406
628450371
475016382
203675418
134820765
806235174
823610475
741038256
235041786
678215403
243186705
402378156
238645701
732068145
462130587
341087625
728453106
681024753
453016782
153246807
834572106
302618745
861072543
103854672
816240375
803126574
361024875
283150746
178463502
734628501
803276451
403265817
547830612
123075648
657023481
283156704
125370648
438750162
482015736
124038765
107256483
103826754
174085623
263814705
826134705
234860715
725418603
283570146
812570643
824370165
164738502
273014685
283140765
324861705
301728645
135678204
831467502
104632875
752013468
742851603
354120678
261035874
604217835
714368205
153082764
487215603
172680534
186742503
712560438
623784501
342710586
863012547
841075263
836251704
501863724
205164783
152430876
852460173
603512487
126430875
601573428
473012586
651240738
263041785
874063521
238015476
142075638
305186247
246073185
613028574
102645837
286034715
285073146
873521406
203871564
178045632
862045713
108542673
712584603
651073824
403726518
725163804
832617405
135846207
715360284
738240561
817654203
416087235
385071246
173624508
864172503
354062718
864750132
835046217
436257108
142835706
134860752
205437681
871250463
102483567
437685102
201456738
206531784
238641507
134086752
836471502
305781462
451076382
801546327
248356107
104237658
237540681
123457608
105837642
815430726
807623541
873250641
152730486
538061274
234786105
123450687
103276854
843571206
817034526
501786342
385461207
582460713
801723654
708213564
416572803
764830521
105428637
273014685
521670483
613842507
853670241
283076514
812740653
253014786
206153784
348256701
218750643
184032675
263180745
375814206
648051732
701653284
107243865
835042167
304621875
806253147
813742506
248760135
802436157
573042861
285173406
283714605
851743602
123074685
403721586
271560843
165784203
413078652
103768524
208157364
835021674
782431605
703264815
715634802
713028654
327045168
208753164
841260753
302481765
238745106
386715402
801345627
261450837
183064725
243815706
258014763
163075284
123856704
163042758
208731645
148063572
415380726
402583716
607248153
651274803
354180762
632840715
428015637
138026754
825073164
403821756
412073658
413860752
134680572
703516482
803475261
748560213
683072154
823415706
136720584
287531604
615382704
743218605
523470168
807521436
541073826
413256807
263078541
678234501
806123754
258041736
462173805
325470186
478156203
186520473
824016753
413820576
156823704
512043786
863015274
721048635
602847153
243150768
712653408
537082146
812573604
502143687
206573184
824035761
806712534
683571204
384216705
384076512
842150763
725310846
173640285
703182546
367084215
237416805
835012476
702163485
203174685
827135604
523087146
712083654
231840765
305726841
437168205
401823576
713548602
812573604
135274608
864021753
851460237
154260387
681254703
601823754
105764283
301875246
762418503
564032718
167084253
804235167
821053764
341852607
183465207
265087341
741825603
204358176
106832547
102873456
468350217
713250648
378045162
208417365
746120835
815046327
548610372
621083475
102843765
825716304
435027861
283065714
608371452
127045638
152386407
136054827
407186523
145672803
134250876
836510274
248150736
812436507
501267384
712460583
738560241
162830754
501827643
142750863
841230657
381670542
123840765
126073485
125374806
856213704
412037685
782416305
435021876
412670583
108734625
402163875
841750632
346085127
713542806
785640123
386120754
405721836
347012865
854237601
812765403
452073816
306845271
142036857
157382406
604817532
738541602
841023765
683145207
203745186
271034586
814753602
427160853
135467802
412063857
148532706
802764351
821645307
306854172
506731284
135247806
657120483
104862753
804561273
813264705
342786105
138054726
102743568
173640852
802713645
268370415
751684302
157820463
835216704
706421358
601572483
257416308
384172506
134786502
613027548
203164875
487056132
803714625
813742506
751038264
107632854
128563407
482013765
803752164
382745106
863041275
427816503
673025148
628017543
378250146
245130786
508763412
813624507
238760541
683021754
512480637
601287543
205341768
105627384
804172365
625830174
601374852
162053874
402176583
145630827
482156703
482635107
205436871
205734618
315240876
106745283
402175638
208473516
106245873
182056743
432170865
134576802
745038126
103845762
153086274
154026387
132056784
127354608
213460758
845013276
385014762
841620735
457016283
135078624
102743685
342670581
342068175
342015867
742083615
617250348
106742538
304125876
168053247
238546107
843215607
538720416
315724608
143850627
507126834
804627531
247056138
602413875
154027683
807461532
105432876
254063178
607145832
201753468
804317562
458021763
652087413
257063418
104285736
103678542
863154207
135468207
134086752
721065384
812053674
781054623
305176284
475680231
842061753
123087564
762083451
812056734
263048175
134250687
345280176
104782365
236780451
234657108
846120753
742085316
217850463
836012574
263057418
604127538
602531487
583026471
132640785
235480176
142635807
102843765
805314627
253076418
715460382
834620715
613257804
504816732
408721635
143058672
781345206
102748653
175860234
301248567
467023815
184035276
237061584
247056138
201834657
103546827
762450831
473612508
682570143
504137862
253074816
723481605
745082613
812354706
831062754
634720815
234078561
201683754
203685147
372156804
132760485
723186405
248350761
236150748
802713645
603184275
723154608
786014523
832670154
683420175
834256701
701328654
231450876
213047856
148730526
327486105
246135807
478361502
513820467
642815703
713045826
123086754
678012534
235486107
865734201
853720641
361287405
134075286
