162853740
273184650
130825746
712403685
613804725
130624875
273104685
134256870
034176582
012743685
013427865
236804175
283706514
123804765
142805736
283704615
120753864
142835076
120843765
613204875
082613754
340185726
263814075
120748653
123704685
154782360
034185726
123845076
173804625
741203685
142835076
283604175
123804765
830264751
235108746
123806754
160832754
023841765
713284650
810743625
162873450
134802765
123607854
462135870
831425076
237156084
123804765
145836720
062134875
123784065
283741056
843205176
841203765
230184765
283104765
063214875
136824750
840362751
083214765
134275086
140862753
812634750
134802765
123856740
234108765
812463075
130824765
134825076
120843765
286301754
123864750
123804765
140832765
123507684
013824765
234165870
248103765
283164075
120853746
013725486
781203654
134275086
134605827
023145876
023164875
023164875
123405876
230684175
120843765
013824765
283164075
123804765
123864075
134602875
123864750
130425876
034175286
124305786
123864750
134856720
162803754
415308726
123806754
123704685
123785046
124738065
034185726
081723654
781623054
123804765
123856740
123845760
013825746
813205746
042163875
134802765
123864750
283105746
813264750
142803765
013856274
834201765
613784025
123864075
813764520
123804765
682103754
120643875
612403875
012843765
123784065
342108765
142803765
120783654
013824765
841203765
152804763
123704685
134825760
813604275
023156874
034185726
834701625
034821765
834265170
134806752
821703654
013872654
130725486
123674850
135402876
134782065
063214875
134825760
123674850
836214750
123476058
034182765
683214075
134862750
136824750
120743685
013874625
861203754
352108746
123804765
120863754
134205876
123804765
783614025
123705486
123784065
123705486
283701654
023184765
123708654
720813654
283104765
123786054
342185760
013824765
123805746
142673850
263104875
123708654
012843765
834175026
134862750
263104875
134782065
810742653
281403765
123864075
123804765
142803765
134802765
062183475
023145876
235108746
123856740
142835760
142783065
023684175
632801754
123506874
142863075
830215746
823415076
014832765
123805746
123864075
123786054
810263754
130624875
123645870
140235876
130846725
853204671
023156874
713204685
123804765
120843765
423185076
230164875
023164875
234185760
842315760
813704625
120843765
280143765
023186754
482603175
123804765
123804765
813745062
810263754
023167854
810723654
234615078
123405687
812503746
120863754
123786054
142863075
235186740
613824075
813702654
123758640
023174685
830614275
340815276
234761850
123804765
123804765
823761054
130864275
013824765
013824765
123806754
014836752
123807645
713624085
340185726
841203765
872613054
136724580
283604175
072813654
123785460
142786053
245803176
830214765
134705628
234108765
024138765
142835760
713245680
283104765
123745068
136745280
813206754
134802765
016732584
142803765
123864750
123845076
012643875
012863754
123804765
263814075
123784650
142705386
840312765
182703654
081243765
834215760
263104875
034185726
120643875
420183765
134825076
123784065
810623574
713204685
810723654
821753064
012748653
123604875
263104875
142835076
123748056
710683452
123805746
023174685
134802765
342805176
340125876
130526874
023145876
283105746
142603875
283104765
812763540
280713654
142835076
142803765
083714625
123708654
283604175
034218765
083264175
134806752
572183046
482135760
083216754
713204685
042186753
230184765
134802765
283714650
163804275
250136847
123856074
140832765
012843765
013874625
813204765
283145760
873204615
712403685
123804765
023164875
123864075
873604125
123845760
340182765
043185276
812305476
123604875
014832765
123576084
236708514
263157840
120673854
248163750
812403765
142803765
120673854
123704685
134805726
120873564
283714650
123704685
273184650
172403865
046132875
142803765
248103765
234816750
123804765
048263175
263105847
123804765
130825746
462103875
014732685
063274185
045312876
810723654
135826740
813206754
834215076
234805176
283714065
142375860
120863754
134856072
123784650
140832765
023184765
034217685
247183650
263145870
142635870
713604825
230164875
734615820
134625870
134805726
234156780
082173546
328164075
120835476
013864752
015832746
142605837
034621875
613204875
134802765
012748536
120863754
083614275
248163750
013824765
042183765
013824765
013724685
012863754
034861275
042183765
713628540
230184765
283104765
814302765
123785046
062183754
142703685
123845076
134602875
023186754
482105736
235146870
813204765
123405876
712863045
238157064
613274850
813256074
130724685
813724065
230164875
713204685
462173085
813724650
012865743
823461750
120863754
283714650
813706524
634287015
081462753
123856074
234185760
123605847
123806754
012743685
012843765
123804765
813724065
013824765
013624875
234105867
013784265
813674025
123864075
083714625
035274186
810643275
123604875
812754630
042183765
258103746
280643175
083216754
142803765
130824765
810723654
182704635
823701645
813264075
613245870
861203754
123704685
123674850
813204765
283164075
123804765
184702653
813604275
013625847
243175860
130824765
170632854
123864750
273145680
813604752
783104625
824701653
813264750
235167084
813724065
134862075
162804735
123805746
283164075
421803765
830214765
142603875
012843765
123405876
245136780
120843765
134782650
014832765
130825746
713208654
230174685
342106875
014852736
123645870
283104765
123745680
083274615
283745610
283145760
135642087
123784065
013824765
781203654
812746530
841263750
841203765
812743065
123806754
418723065
120783654
834205716
813264750
235106847
134806752
142703685
123856740
710842635
830716524
283104765
230684175
235814076
720413685
130728654
120673854
814302765
123705486
813206754
324105876
812463075
860231754
136824075
240138765
813204765
012843765
263781054
860243175
812653074
134862075
814302765
023174685
123845760
120843765
180732654
140635827
142803765
813465072
013824657
713624085
123645870
210743865
812743065
418203765
123705486
034125876
142803765
814205376
831502746
813245760
123804765
013725648
023184765
248163750
123856740
314265870
123607854
134805726
123704685
283145760
034216587
134705286
183764025
820413765
140732685
013824765
123804765
142607853
123576840
714358062
142805736
024135786
120843765
234706518
814732650
630214875
061432875
123604875
120863754
123864750
472103685
813674250
123784065
123864075
014832765
123745068
326801754
123705648
730218654
835106427
812763054
462103875
731802654
082716543
230174856
138752640
023164875
682104735
234176850
813264750
162803754
123748560
142803765
280143765
120843765
781642053
142783065
623801745
142806753
361802475
820413765
812756034
236105748
123806754
012743685
810743625
123804765
613824075
813724065
012874653
234185076
140632875
423105867
140652837
812463750
134705628
851203746
254103876
813752064
163857240
813204765
123657840
812745036
142805736
213754680
123806754
130724685
120863754
142863750
230174685
813204765
120843765
280143765
723401685
134806752
120863754
682103754
423165870
062184735
713245680
230186754
713205648
013824765
130624875
048213765
013824765
123507846
123645870
142803765
023164875
283704615
014862753
230185746
123405876
813704625
134825076
821304765
813204765
813724065
123804765
023145876
123845760
142603875
023815476
013824765
034182765
123786054
160832754
142863075
123804765
123864750
813204765
012853746
613824750
234185760
248103765
140632875
061853427
123804765
240138765
012843765
813704625
142806753
634215870
013724685
013825746
084312765
013824765
230184765
143806725
023167854
123784065
082713645
234608175
162803754
152803746
813204765
134862750
120643875
360148752
123804765
183406752
234185076
013624875
130724685
120763584
812403765
374102685
234105786
612843075
042816573
123856074
130864752
023145687
813764052
812735640
082413765
123784065
263704185
123784065
083214765
083712654
813264075
710243685
813256740
123645870
120743685
023184765
012853746
013824765
623874015
283105746
324106857
812463750
042135768
123784065
813205746
812603475
123506874
240136875
123804765
812405736
162805743
123786054
840261753
278603154
283671054
083215746
160852743
123845760
134275086
034125876
413826057
142835076
123607854
281743065
134205876
283715046
123645087
273145680
023185746
123604875
083274615
841203765
230184765
124805376
283106754
273185046
134825760
123607854
130624875
136802754
142835076
013526874
012843765
123804765
812403765
142803765
023184765
123674085
713628054
815302746
123674085
130824765
013864275
142603875
816502374
713504862
283104765
248713650
123845760
023145876
142863075
830564712
140832765
263845710
814302765
680132754
142835760
123845076
023185746
123845760
123856740
263817054
812745360
123704685
142703685
160852743
812503674
283104765
123864750
235186740
134825760
142305687
821703654
273108654
263107854
283104765
582403176
138702654
123805746
123845076
130824765
035172648
810732564
234185076
123785046
034185726
234108765
123708654
841205736
123804765
384105726
014835726
263104875
023186754
813745062
781643250
830712465
364172085
813752640
130546827
234185760
240135786
423718065
812403765
263174850
813524760
830724651
613204875
123605478
013624875
136824750
012843765
123845760
634215870
816742035
230841765
831402765
013724685
123804765
234108765
123784650
283145076
083214765
783601254
613824750
123804765
140862753
136507428
810643275
142603875
034172685
083216754
123784065
234108765
083214765
813204765
150432876
814302765
172603854
162853074
123605847
072413685
145206837
813245760
234108765
123745068
123768450
123784065
813704625
348265017
013825746
083216754
613824075
283106754
123805746
810324765
162834750
713284065
123805746
123405876
816732054
012843765
841235760
123704685
713204685
283164750
023145876
810243765
813724065
182703654
283715046
713258640
813264750
234108765
142806753
234105786
841235760
123805746
120843765
163208754
480235176
128403765
834701625
263104875
263104875
370124685
134675280
283714065
162783054
123864075
071283654
834215760
124735086
083216754
234165870
830214765
142863750
134805726
140832765
123845076
123864075
123845760
314206875
134672850
