675043281
472086153
143786205
805416327
847065132
185423607
256384701
584213706
124865703
716280534
832075164
105428763
316052784
846730215
206385741
103278645
517023486
423680175
306527841
721034568
425180736
152083467
602817435
187324605
207863541
427613508
427081536
718450236
861720543
421870356
816450372
514023687
516078234
768041523
645183207
807241536
306284175
248057613
341785206
516420783
472058631
684120375
724536108
283014765
324716805
521387604
235086741
132870654
786240531
371560248
745810632
714025683
671420853
842071635
527018643
462180735
781043625
128076435
283065714
127583406
421035876
406231785
618034752
415028763
728564301
135027468
678054321
784025631
627041853
832160754
263051874
473081265
153270648
645820317
102638475
706481532
451032678
371862504
124670358
861230754
702541863
706142583
634072158
452061837
215830467
726840513
472068135
625018743
175480236
627840531
528046173
813076524
386045217
461053872
743015862
135260874
603421587
724015386
605138724
854216703
254086317
413027865
758631204
675014832
872143506
342816705
432081657
361450872
586371204
382165704
142058763
128576403
621034758
276835104
562340781
124570386
368154702
263481705
283054167
708321645
516870324
586042317
812640735
412756803
408235617
805724613
234156708
751430268
267034581
526483701
861374205
812530746
562087314
684712503
613287405
867351402
205187463
851263407
183025764
364185702
508672341
472081635
103625847
721684503
102643875
342087165
826735104
236047518
408526713
485170236
348710562
204853671
847053216
681547302
154820673
103846572
847160253
401523678
234018765
682034175
756014832
524638701
728465103
651083427
703568241
834017526
527180643
153824706
168423507
826073514
207183654
265730184
347126508
836412507
704281653
203761584
621083547
715843602
164037825
236184705
642538701
283764501
742056831
138025674
172386504
123476508
401872653
842651703
253078146
534126807
712645308
678340125
613078254
103675824
306527184
427560318
801246753
821350674
167234805
742180356
731048265
368015472
813064275
635170842
803527641
843760512
413820765
407231586
162847305
137248506
175038642
613072845
236041875
305264178
354820617
843720615
814750236
103628574
341758602
308216457
132846705
712654803
304651278
105237846
321078564
613257804
801743625
684235107
804675231
283165407
604275318
768045132
574130268
601837254
516347802
306178542
482370651
304182657
741620853
645132807
374628105
206734581
308741625
281036574
135462708
173048652
801372546
816570342
857130624
304281756
601825743
156083724
126840753
203784615
835674201
234870165
736015842
283145706
865314207
415037628
761438502
604751823
764210358
137840526
807426153
104723658
501326748
438510762
738610452
856140372
715046238
815340627
834126705
842730516
283561704
138420567
837025146
726845103
634517802
842530617
837620451
782145306
702516384
157820634
218056374
134257608
406873215
208135476
162035478
836210475
512034768
516037428
203584716
103758642
215740368
472816305
273045816
512086437
825176403
832075641
681270543
861730245
638210574
158036724
683452701
346058217
318640257
261045783
782360514
731045286
241630578
201863745
356471802
507684132
805742316
584031267
128640357
754081623
657014382
803167524
413872506
478235601
723645108
283170645
341027586
832416705
601523487
285610734
501782364
401385267
502413867
754061832
504317826
235047816
806451732
123087564
718034256
318720645
237148605
821074356
623478501
704138562
503482671
835021746
134270865
134820657
812064573
325180476
475821603
324760815
103824765
287634501
478152306
405128736
148750623
362078451
642850137
324180756
238014675
167420853
738640512
301246785
702418653
801625734
106347528
123056874
681057342
153820476
361285704
304516278
386524107
864752103
465021837
608345271
213874605
507146238
824653701
504271836
713254806
718320654
163045827
705146283
842560713
403826571
784231506
845310726
786450231
524873106
128043765
327061485
712054368
276138504
245371806
603514782
652710834
136840257
732184605
283456107
475013286
763024815
257610834
348016725
568230147
356180247
102378654
741286503
468013572
741630258
628045371
174583206
254170386
165482703
302156847
683512704
618047352
437560812
874032156
543027861
841235706
172530684
728613504
107268453
843052167
807614532
841320675
783420156
421085736
813064275
203814567
452016873
574081263
472018653
517026843
162034875
506132784
238056471
375120648
824173506
768430251
536710842
482067153
104863257
154820736
103748562
804321756
401583627
701684325
283167504
804612753
254138706
783624501
874321506
753280416
576380142
586120437
172650384
253016487
158720436
834751206
832045761
813760245
682514703
702163548
876032145
803246157
105724863
826753401
302758641
413586207
608132475
172345608
826075413
723680154
234016875
183027546
518640732
453027168
237165408
805612347
275631408
167024835
731064285
183426507
617250483
235614807
142670853
374026518
721865403
841023765
168745203
106742385
126430587
564713208
713458206
612048573
561430278
271048653
132068547
873451206
241736508
602514873
504786321
814560372
732458106
654073128
356071248
861573204
236851407
837012546
536840127
162074853
687015342
108327465
103765428
601483275
843071526
741865302
375286401
207463851
523064178
803162754
261740583
348025167
201638745
364750281
351024786
206783154
832650714
603541287
682150437
841657203
106274538
816724503
105482673
713520684
603821574
123865407
365024178
381560742
453026187
541830627
531786402
501638472
834752601
316284705
641728305
637021485
435017268
651473802
654073812
472061853
861520734
256741803
273650841
364072518
674510328
276035481
482713605
234780615
812573604
802715346
701342586
721436508
874352106
234576108
517462803
604375812
345816207
205638714
827643501
516823407
304587126
164527308
173045286
182035467
265740138
826450317
804736521
835610247
813026547
207315486
156783204
132870654
584023167
205361847
706352481
103427586
302581746
653180274
427610835
235870461
873425106
653470128
172054386
108654723
728013465
258730641
184062357
563147802
378064521
284651703
263087145
623157408
201483765
863054127
183042576
671832405
672543108
748150326
872640315
428350167
357142806
407263158
167520348
154327608
653210748
806315742
654820713
654027381
637041258
143287605
607238514
815074263
802534716
346082175
804516372
832164705
804356217
701823564
486273501
724650318
283450617
451087623
436810275
306871245
234856107
501437826
142570683
248013657
786324105
714023658
806573214
254013876
276130548
613245807
678032154
874351602
528614703
302684715
725310684
167035482
734816502
458720316
401328675
853420761
304165278
361485207
804315726
624351807
601845273
206583147
106725438
631470528
756840231
326451807
814763205
164850273
801372546
302618574
813072546
306875142
301267854
142370865
512036847
612830457
315728406
203458716
728316405
203815764
217346805
503417862
451280736
861072543
765014238
723610584
504863712
875130264
807542136
457862301
483710562
861423705
785061243
784260513
248630175
483715602
401326785
123086754
643857201
263078415
703645821
143670825
462170853
104865327
481723506
243781605
508126743
182640375
781045632
681023745
503241876
136780542
253078461
206348517
204156378
128730645
746032185
306284751
367180245
742015683
425610873
321875406
243761508
572036481
651428307
504817362
278430165
815074263
502674813
502346187
536124708
137450268
374650821
823610754
237061584
281064735
126745803
154026738
375046218
243175806
235671804
712056384
374085261
748230651
482765103
735048621
607812534
815072364
781230654
132587406
831647205
852063174
407518632
468015273
307862451
832764501
734026581
274018563
604285137
314085627
658370124
384056721
456127803
671230854
158073246
835061247
827610453
108567423
206315784
734580126
146752803
735820641
753081264
718026543
503482167
546320178
321750846
742631805
148627503
146083752
148652703
428170536
372140865
234761805
704528316
157026348
564820731
401836725
806741253
137456802
172530684
814625307
471825306
562180437
184057362
826047513
507286413
754210386
613748502
801634572
301854627
407312865
354860271
702538416
172054863
831720645
146830752
708524613
261870435
703286154
824317506
187450623
541068273
804562137
705681324
208435716
156374802
203165784
517430268
605328147
152780346
805642371
716240358
482156703
801635742
172068534
204158673
576032184
865740231
186537402
418062573
362874105
863742105
182073654
158260743
724581603
302576418
842130675
405123687
704281653
814362705
362047185
618037254
365047128
308746521
314250786
713245608
176038452
135067248
208465731
147058362
864570312
481075362
814372506
347081652
738015246
523068147
865742301
814520673
643120758
853470162
145386207
163725408
506741238
341850726
123680457
408251637
405136287
768513204
678520143
478156203
123450876
308521476
261574803
361278504
164850732
701425683
651370842
712034658
163825704
864723105
621734508
586137204
308412765
706152843
108647352
376012584
134075286
582073164
748620351
342860157
582430761
217450683
726140853
584317206
473016852
736852401
816350274
465721803
738542106
407513862
801324765
475830612
782314605
634027185
814230756
823046751
312845706
674513208
605178342
203658174
463280157
206175843
504367812
201645738
856741302
824071653
801246375
586130247
631540728
315084672
501238467
715380246
754623801
875041632
304852761
125670843
804165237
618342705
731684205
765038142
547261803
803562174
817023546
136085742
732815604
583760241
584716203
206738514
786012534
831450726
413256807
537410286
801563427
207184635
807165243
512073684
261830457
812064573
612850734
387162504
735081624
685410732
423056781
751320684
278063541
852316704
407152863
153062874
503264718
304562817
136078254
701852643
248510637
508327641
674153802
614032875
872016453
512736804
604175823
802543617
504873216
503284617
105234867
854710632
802613475
174680235
817346502
845071623
674258301
874230516
402731568
801237465
513046278
783140625
871430652
723056841
783015264
418065372
237081465
845073612
361720458
856271304
861257403
415280637
328756401
728153604
802734561
152037468
605173248
547160823
