684203751
530486721
213805764
147508236
240751836
586103247
064352178
436815027
156874023
052731648
480253167
017284653
412603785
285471036
845137620
038164527
078213564
214506738
527401836
347205861
041573826
823657041
257406831
072651438
132687540
125463870
238104567
345108672
140832765
230146785
136824750
238465170
136508247
613728450
340185726
513428076
867324015
463702158
130426857
481356720
651378420
625173048
014678523
876253014
083451726
364725018
480675321
630145782
237415068
561207843
180237456
852763041
031567842
584102673
287405316
326741850
760348521
028356741
264351780
058237614
615403278
362178045
682705341
012853467
035816742
125634870
810732564
013874625
813705426
534871260
361408752
570813462
067341285
236718054
146573082
864275130
710854632
651482730
328706451
571608234
361425780
264803175
563124870
074325681
081473265
238604157
728503641
365802174
025736481
064758321
573468120
068375142
380425617
230854761
134625870
721483056
125743086
241503768
325708461
017324865
520134867
348126075
563402817
135408726
681425073
045167832
150832746
183526074
032158674
724368051
435208167
856314072
034258167
435107826
812745036
123758064
258743610
043126587
327584160
083614275
240758631
738426510
340216758
146783052
670218435
876402315
054732861
416257083
280643175
786451023
370651284
125374860
237485160
032145786
721503468
276504138
781564320
658472013
085246731
568302174
854162073
013257486
123675048
810462753
821703546
810763452
723504816
041832675
738506412
850163724
047253186
842763015
634805271
613874052
510648732
138602574
613274085
375806412
734206158
824605137
743285061
721563480
260154738
243158076
842305716
072358614
213406758
685142037
186273450
074168235
153807246
570428163
125634087
813204657
854106732
152376840
012748365
374265180
514832067
120378465
821506437
012876435
534201867
025147368
012643587
413687025
712608543
483207615
713602548
540261387
351602784
376518042
640782351
854306172
052431876
843205761
631842075
385214760
386754120
573401268
486107253
213574086
452687031
032871546
024751683
031452876
670823451
013476825
368702415
843206571
364215780
168732054
728364015
514672083
861574320
736802514
548612370
456103872
813546720
384206157
586107342
036154827
816235740
038275146
163405782
461308572
652178043
134678052
061752843
312405876
120843657
830546217
013782456
825463071
431608275
458317026
173852064
672534810
153278064
826453170
126483057
832507146
372865140
035167824
158302674
680724513
364758120
768205143
754803261
670134285
275183064
082437516
145308276
015638742
574801632
628507134
560847231
674302851
734206158
418735062
268731045
641578320
230587461
743812560
852603417
682401753
130824765
087164523
521734086
410872536
321567840
870456213
346802175
356107842
182745063
642157380
835206714
650243817
351208764
013645287
128573640
123604875
081347652
326805174
310284765
768513024
123758640
065173482
257684310
065381724
084127356
530426718
740318265
842603571
321506478
042178365
486203715
872601435
134602587
270836451
582106473
027348156
768205314
625108743
870534612
382104675
674238015
416203758
128607453
370528164
841607253
751203648
268301574
721805463
235761048
160345782
150324687
152407863
650827143
267854310
182745630
173508246
148703265
481265073
472608351
028541637
041625783
826304517
132805647
234501768
081746352
714385026
745368210
213804756
241308765
764105832
238647015
084273165
581236470
035142876
526407183
164328570
430678521
873415062
680352714
832706451
624351870
376104852
642308715
820547316
364812075
835624170
065214378
750461328
482367015
456102837
423165870
610378542
827564013
814602753
065812437
625104873
420867351
123845076
126835740
061428753
826405731
138256074
014738265
672431085
042375681
416708325
312604875
124705836
083745621
480257136
780215463
246538017
071654238
041583276
068532417
836501274
052164873
738604125
582304716
613827540
741602853
276145830
627534180
521308476
073215864
512783640
180423576
814732065
068734521
085413726
672185430
530867124
238507164
271508634
478205631
358207164
360217845
613804572
527834016
670328415
160548732
723461580
286543170
610238475
673841052
420176583
281705634
035246718
076124538
583406217
483721065
648317250
230186754
621704385
632751480
126807354
618204573
281635047
256704831
073284651
013578246
513742680
026134578
068432157
564271083
140576823
567312084
580346217
251803764
753601248
835612047
561743082
281437065
781405632
374102685
236845170
172804536
016723485
418602735
283571460
610854372
234708615
712456038
248105736
168752043
250138674
241687530
016328475
560413287
186503427
873254160
783601254
451203687
513647028
134526780
230658741
071234658
031485276
437201658
734281650
851724063
475236081
023671854
027854316
683127450
327845160
742306815
231804576
476328015
142803765
012734865
574186230
267548031
245371860
640237851
634108527
426513780
152437680
382704165
834602571
645801723
267308514
823104756
186473520
461507823
142803765
168305742
064732815
842706315
138402756
126834057
536208471
481506237
032417865
257641038
025436187
250681734
178423650
173864520
613205847
157208364
813205467
741502836
285134760
524176083
571824630
083516742
015834762
021368754
670813254
460812753
057342861
340578216
530481276
726514038
130458276
281346750
237658014
814605732
013748562
316205874
540128637
384706251
416802375
820745613
213547068
671325840
524803761
783402561
162743085
147806352
753604812
164205783
053187246
716402538
810736425
273456081
647281053
013546827
180367452
180623754
682701543
815306472
630475218
263408175
082641753
830612745
816207354
273148056
083214765
214867530
176542830
365128470
065371284
452103786
628104375
530827461
410835276
387162054
328406715
810634725
362105874
361524087
084231765
438721056
435276018
068314752
723584610
548207163
421605837
062815734
732685140
381704562
745231086
210476583
450172836
847203615
457302168
456702138
024835176
358604712
823701645
485307126
052183746
832164750
084675231
274103586
183762540
465702183
851406372
023856714
536781024
634207518
327504618
543826170
315726840
247638015
083174652
130824765
031687542
346572081
085637142
472685130
340125768
482701653
120783654
074182635
781406352
231507468
531246870
125783064
410783652
835627041
852436071
581267043
165204873
234607815
081235476
780346512
671548230
430158267
412308576
214785036
321704658
786521043
658132470
023684175
375601482
568201437
140857263
420678513
236405817
328105674
083415627
682341750
576802143
534607821
470182653
146807532
753801642
216348750
283564017
741605283
520671834
573612084
021536874
340156872
415306782
540268137
015732486
241305786
425318670
640183257
084253761
254107863
072368154
734806125
086341752
147503826
150738624
081234675
052316478
321605748
782614530
325846170
351804762
235168047
136805427
324815760
513768042
045263187
713845026
048136752
271453860
085241637
264305817
640851273
527403618
174658320
621804573
785431260
325608174
135402687
743251068
845706213
260134857
350278641
153408762
013724685
012863475
617538240
183526074
763145280
324705861
874305216
163854072
832701654
871345620
470138526
058731624
240531876
521604387
124653087
563824071
651302874
812763054
143572860
130674285
184307652
632457180
815743260
135687042
370614852
672481053
675812430
430275186
073851642
281346075
260485137
340782615
120753486
168745230
538102467
418603275
038764512
470213685
035281764
812465370
124367580
842315760
086531274
840152376
562801473
216304587
041873256
673524018
781206453
248601735
482106375
530617824
371602485
758324016
843601725
057342618
740826153
435806712
542136087
036482715
320761485
076521438
318547062
084125367
154826730
610372584
354172680
568203471
364107285
350168427
123704685
867153240
283701546
054136782
813542067
534176280
210376854
258476031
031625874
175624830
012684375
843756210
324568071
260135874
612834570
415306827
654138270
047826135
031756842
764385120
150742683
274501863
243165078
415268073
823604571
710458236
174205386
230586741
127486530
085472613
386724051
435168720
614235078
432175086
418602735
784206135
710485632
354706182
034615872
716284530
863145720
152864073
145672830
435128067
016378452
013276485
056341287
376501284
310584672
820453671
035467812
024135786
218703546
735264018
076245183
152863047
280641735
146507823
723156840
145807362
835167420
420817536
430752186
726401358
610824573
130275468
852634170
024635187
482156730
025816734
258146037
638412075
253104678
013786254
081374625
250816347
578301426
431627850
846723510
340572186
683504172
586407213
583142670
752184036
610784352
081234756
520473168
680325417
327506148
562103847
015432687
036582174
250473618
186735024
738412056
125736840
248705631
380145627
540278631
530724186
251403678
128407356
472103685
586304721
861532074
714625830
386124750
425378160
287631450
165402783
752403618
021346587
185724063
415708623
128674053
085126734
813652470
682341750
120758634
682701435
238107465
610738524
124385076
382576041
543281067
530216748
143508267
140376852
315768240
036871452
140682573
072316854
863705412
850164273
054831762
586371240
625307841
243157068
125804736
260417583
157206348
172408635
170462853
052814367
374285610
158402376
651304782
237584061
250417863
725804631
137264058
821357046
582301647
723106485
281673045
152783460
087436251
753201846
031864725
263407581
783564210
034162758
512704863
684103725
352764081
720354681
135274680
348165720
784205631
530487612
381604527
723165480
561842073
746251083
561372048
273804651
673241085
580172436
670148523
134256870
278301546
725301684
512406873
086125374
137405682
517302684
683104752
723814065
643208175
142603875
530714268
732104685
812543760
032514786
561243780
362501478
610534287
537601248
312504678
683407521
038164275
085742631
243815760
623418075
285104367
753628410
872301645
263104587
678203451
034127865
310748265
028514673
470318562
658134072
120768543
213508467
012753486
341625870
281435760
780632541
081642735
051273684
462307158
068754312
258147063
814275360
345706128
062834715
430815726
781542036
756348210
531876024
231704856
672104538
610248573
126703854
