123856740
146823057
123604875
234706518
830245176
472356810
710583642
250417638
328576014
213605874
120563487
426358170
834605172
134782650
581263074
153846720
230184765
123864750
162538074
810732645
286314075
136802754
068274153
420673815
142603875
781623054
520173648
013874625
731504826
813604275
810243765
814576032
152406837
316472850
836201754
082315764
083214765
068213475
164805732
712403685
140835726
125807634
082614735
084231765
172504638
671405832
150743628
780632541
813702654
145703286
268103754
240836157
140528736
076415832
623508174
354607812
018423765
472603815
473281065
130728654
243806751
435127086
234168750
142803765
083712654
370148625
064182753
283576140
713458026
642581073
812704653
234706851
871204653
810256734
218634570
782503614
720683154
620387541
241305867
021435876
013627854
813702546
423718065
480263175
263857041
235106784
152604873
234108657
782105634
276304185
851723046
234107856
534178062
064325187
283104765
057134682
612503784
340165827
023147865
345628170
634821075
142673085
012763458
384206157
026518734
163874250
420513876
423617850
438162750
123706584
831762540
187643520
081243765
134862750
415302876
231864075
713268450
153806742
162573840
034178265
142306857
813506274
071485632
136845072
645102837
013874625
123806754
230147865
035841762
460318752
513206874
026381754
126873054
312405876
713264058
013624875
172684053
120743685
257103864
132804675
134856720
826713054
180632574
376504218
234705168
234108765
015432768
352146870
034157826
235406187
284361075
086531274
215407638
028431765
154237086
812405736
728104563
637425180
463105872
612537840
751428630
420815763
048762513
167304852
283705641
843712065
231506874
123704685
023145768
012743685
520136874
278653014
130254768
712643085
035126748
120453768
713625048
412503687
273465180
510824763
482163075
813725460
712643085
248713065
125748630
023745186
123674850
123604875
072618543
683745012
283704615
247603815
638204175
781203654
584712036
283105746
134672085
230547168
247806153
675481032
341827650
452106873
034821765
280173645
412805763
830714256
154603287
082713456
310284765
134805726
240165387
280651437
712603584
682713054
614802735
316527840
432108756
130724685
482106753
164802753
234805617
834201657
283475016
271643850
568304127
123864750
732608145
140832765
081623574
182607543
034285176
435271860
142756380
461832075
810732456
762103485
230715468
263815470
120863754
134708652
063812547
140732685
813206754
083241675
023841576
234718065
548712063
642708513
024137685
123508647
834615027
384257610
364175028
130725648
710634285
130854726
816403752
852316740
135806724
123678054
340275168
153704286
043281765
467105238
283406157
160435872
864235710
721385460
384162075
273104568
028153746
132856047
340728651
140752638
478613052
231784065
240735816
035174682
014632875
235476081
482701653
024715863
125863074
384275160
872153064
861573024
347106852
538402176
016253874
123406857
248103765
783621045
536184027
263174085
140832765
843217056
123684570
610432875
653207184
283645170
732608145
145703286
834706521
081263754
081243765
283701654
720643518
124506783
138726540
710263458
652103874
023185467
120673485
734506821
324105876
423701658
028145736
017342685
340125876
613804725
145738620
763218540
134856720
485102763
825167340
280147635
836205741
123864075
187643052
065412873
671432058
023164875
671285340
238157064
023156874
013624875
351782460
812304756
136572084
024186735
627503418
263815047
718532046
580236417
017384625
720564138
261503847
214705638
280163754
130854726
720813465
810652743
142863750
823654170
123845760
123645870
812403765
014832765
820673514
142803765
376102584
325401876
245706318
470236185
075182364
175423860
256813047
231764058
120843765
182703465
052763814
025738416
280673541
245103786
137625480
063415287
083174652
734621085
140863725
861403572
375208416
813724065
081743625
135604872
173204865
142635870
130724685
612473085
158402763
812763540
078641532
850234761
320148765
482103765
873641250
783104625
251403786
671452083
123607854
482105736
835162074
173826540
287103654
170832645
162374085
137805624
123704685
834175026
814735026
042135687
364812750
284671035
012835476
083215746
128463750
023167485
143782056
142375086
042186753
276104835
374602815
472183065
183274065
247168035
245183760
381705264
263504178
283106475
254106837
286537140
134862750
851703642
423501768
120647538
420713865
082641753
068253174
348602157
627508143
041835762
143687052
463215087
270413586
043821756
642308715
263801754
350748216
617502384
450826317
523708641
256413780
137526840
237801654
261403875
823715640
374285610
783605412
812406753
624137580
782103564
142803765
814307625
283165047
730218654
061823754
810423675
538206741
230865741
258103746
264301587
234761850
134805267
761203584
034157826
835401762
745681320
671285340
230475168
437185026
853214076
128406753
248103765
642105738
128704653
087243615
813702465
135782046
034258167
123704685
813475260
813604527
123405876
218345760
284576310
736842015
240835761
364805217
670341528
364217085
130724685
280647153
485306172
142863750
140385276
063824175
314625780
260473158
651872043
314268750
013674528
013824765
237608415
840312765
246135087
861405732
234168750
813724650
740621538
621508734
380124765
041873625
150463287
814305726
123856740
013428675
612538470
682104735
243705186
813206754
374125680
680132475
083567214
851703426
853702164
423685170
013528764
271583046
735408216
085432716
710283654
345102876
234758016
712803654
018425736
762548013
253401876
180742635
134785026
120783654
613827054
146702853
710642538
135826740
613504827
430281765
023178654
023685147
238104756
134802765
170452683
013825467
630257184
036425718
483261075
231845760
063815427
173852064
123586470
123604758
123674850
853421760
423685017
024863517
124368750
132864570
275108643
142673850
513207684
120876543
182734065
123864750
068534127
836501274
164802753
142835076
712605834
234718065
830124675
812506473
813204765
123804765
751623048
346207851
813456027
024138765
450326187
230164875
345108726
713208465
461258073
156247830
172603854
123674850
263105847
156784032
840612375
538201476
816305742
058431726
718632054
123806754
674201853
370451682
085476123
482156730
234685170
024376581
861507432
013624875
130764825
463518027
123805746
251374860
162475083
813264075
120863754
613507284
821674035
247106835
380124765
162503874
614853720
140862753
387105624
028163754
438102765
356814027
015834276
810743625
013764582
154706328
376801524
284375610
350178246
163542870
134806275
273165840
234501768
876214530
356284170
132865740
021348765
135784062
523106478
345108726
034126785
812357640
260348175
380247615
235714068
714306258
235846071
810743625
813504726
310857642
235708164
480321765
234107685
152673048
042613857
028173645
723156084
810736425
123804765
764328015
384127650
812703645
712408653
386104725
813264750
523786410
234165087
571862043
712406583
175603842
840631752
781643025
120453768
813745620
063245187
243105876
025436187
740368125
513276084
214375086
173824065
140672853
861302745
124738065
034582167
713526084
038462175
124308765
841603275
650248713
613205847
376205184
325147860
014876532
512306847
081762543
712408653
580216734
813506274
042683175
123607548
482705631
140825376
734268150
023145876
380751642
283746150
632185740
016358274
213745086
074215836
324607851
234705681
014832765
684102753
023164875
430627158
123704685
145823076
048213765
120863754
258147630
035216847
032814765
034825671
520617843
123604875
814325760
714308652
012546873
213546870
150832746
083261574
053146872
367405218
074132865
130524867
150243687
123807456
721804653
235478160
516803427
742103865
230184765
067841532
841263075
142568073
728403615
025143786
813702654
136502874
813245760
840312765
063421875
283564017
453201786
084731562
182734650
142708653
481762530
724351680
026538174
027613854
153802764
832704156
413205687
468107235
583214067
683105247
386701542
378261054
043726851
023146857
130854726
164507832
824736150
152436870
013725648
823104675
482105736
134206785
012643875
123704685
740183265
083214765
348105762
023156874
253176840
014538762
263801754
630284715
120843765
328645170
134275086
815403726
254708631
084235716
810325746
243105876
853406271
150832746
352174860
081723654
821645370
178203546
378654120
680132754
470532186
813204765
140632875
267348150
068437251
036851274
364105782
483725016
723601584
083156724
013845762
142783065
152783460
284175360
123645087
713864025
812607453
082714653
814302765
834105276
120853746
235406187
823501746
140856723
137864025
612753084
142503867
015387462
054183762
861742053
715862043
152703486
260743185
142735068
263105847
182304765
120573846
130728654
861402753
042183765
830724651
135672048
786201543
023814756
841502763
120753648
123875064
513604287
062817543
123708654
142805736
863204175
120643587
210734856
428103756
230658174
153607842
413752860
635701824
860135724
760213854
423175068
728361540
136507842
346215087
715368420
126504387
123804765
153804726
158604723
152836740
283714065
374185260
534186720
741803265
752104863
831602475
813264075
134802765
035147862
130824765
023468175
413206785
471803625
210783645
312748056
137865420
418703625
053246178
025176483
130725864
082415673
015782634
324805716
243805716
013284675
165824073
364105782
740216853
861452730
316208754
078123654
142703685
748351062
280643175
014832765
841702536
785426031
851406372
210843567
234706185
683204715
813504726
761243085
120853746
613274085
140783625
813206754
710532486
026184753
357812460
273614085
130265487
134802765
152603784
214607538
683214075
385406271
130724685
286701534
064152387
173624058
034175628
315824076
710853246
824135076
467201853
013426785
851473026
341705286
123804765
723184560
813205746
140752638
672105834
283645017
130684725
023186754
812746053
234185760
180726543
378612054
482105736
682153740
713856240
385214760
012843765
240185763
345281076
134862075
240386175
247103685
713526084
064781253
153804726
712804635
725108346
270183546
138264750
861724035
082573641
812764350
712503486
834201765
127603458
130527468
281753046
210843756
