471602583
130825746
873204615
134802765
260138754
613405728
123704685
073216458
721583640
185473026
821734650
613204875
023164875
135602847
134205876
182703465
057382164
520873146
182504673
856142037
083154276
380641275
120843765
123856740
742683150
718542063
038574126
230865417
270413865
127804563
075324186
043186257
821753064
142703685
834506271
128704653
145708632
814325076
614285370
542806317
385702164
321546870
273145680
013724685
083245617
038465127
134802765
013874625
412857063
581603274
841235760
083264751
610843725
130724685
820763154
123405876
482105736
013426857
810246753
123586470
152473086
071582634
013824765
234168750
263408751
123704685
713608524
243815076
213607584
320174865
371602854
814735026
470265183
712345086
720316854
162503487
135802746
624105783
812703564
123806754
384206715
681432075
013248765
123607485
021738546
123856740
718502643
157604832
830214765
071654238
123845760
037528164
723601584
016325874
842315760
142863075
123845076
482307651
410823765
613574280
283104765
023641875
420186753
035126874
283164075
520143876
234156078
125704863
123864075
120653847
810253746
873204615
134702685
136754820
142835760
130784265
236158740
624308175
234716058
713864025
145273086
480132765
380126754
482365710
120643875
416305287
123805746
134825760
184702653
714265038
015724386
253184760
851243076
123805746
482156073
460851237
123804765
814305726
842107653
172843650
320157648
013874625
182734065
062134875
236108754
263704518
342105786
123804765
470182653
714632085
346105872
047132685
243185670
180435276
024735816
153748620
213804567
247103685
823617540
123805746
341827650
234105678
134602875
821753640
160842735
123805746
283156074
821704635
081324765
263478150
235106784
043165287
026173854
283105746
034162875
140832765
284305716
234105867
354176082
283715046
134286075
134825076
840612753
813752640
134856720
720836154
283164750
180632574
123785046
581743260
314726058
324178650
782314650
130825746
253107846
168542073
150874326
486752130
815306724
345721086
481725630
234168750
142735068
782613045
584316720
423605187
251764083
851203746
831602754
123576084
831742065
153862074
823614750
134805726
370624815
613824075
041253876
012863754
234185760
812435760
017682453
283105746
834205716
814302765
812403765
062173584
137624850
810742653
145236870
810752463
164723580
182703465
814625370
813702465
624801753
135786024
023784615
247863015
042163875
630421875
068213754
813724065
123547086
713405826
813724065
813402756
130824765
123748560
150842763
230714865
374102685
234187065
482703615
013725648
413207865
146782035
724356081
138705426
023167854
134275086
043215876
234108765
763201854
634207185
814763025
125846730
013527684
615832047
253406781
140865732
781452630
123867054
053186742
453106782
134705286
042135876
120483675
162785043
851723460
465837210
283745061
468102753
028743615
014372586
182753064
813204765
312845760
053284761
041872365
364207158
012843765
462103875
261803457
036218754
267804513
741682035
130784652
123806754
026731548
134725068
236104785
280163754
163208754
364102875
428703165
243706815
813724065
126305748
480752316
712503648
152673048
042175386
134825076
812706543
120473865
240173865
012753486
236174580
142605837
062413875
683214075
163824057
641805273
138764520
283571046
340867512
813256074
613205847
023148756
714638052
130725486
268147350
012643875
480723651
243781065
083274615
450128736
816235740
042315867
430175826
830216754
712804635
840625713
841602735
435816072
081453276
123604875
750132846
123857046
852307164
145362087
283674015
234786015
724165830
638401275
710243685
852603174
812403765
143852760
680132754
813264075
364718250
530861274
013527846
352601487
123807564
623175084
632108745
243605178
831762540
138702465
160738542
813405276
834165720
324105876
162783540
815736024
230146857
238107654
820613475
520143687
810734652
035217486
082413765
813405276
831702645
153782064
014536872
425813760
812703645
135748026
124678350
023178546
271803546
021465837
034185726
482105736
248135076
062158473
145203876
423165870
713624085
063217854
652103748
240738615
387504216
048371625
237608154
235146870
680132754
162804735
086731524
710243685
261503847
230784615
013856274
034186752
486203715
014782653
083761542
813704625
346715028
013824765
482105736
813407265
243156870
253604871
021753684
261384750
230487165
243785160
812735640
083615724
160832754
812405673
214657083
120685473
824105673
083256174
843706512
824305176
438702615
120864357
530184726
146582073
134805726
035178462
834261750
651704832
623571480
783124065
123704685
345102876
270683514
123678054
613258470
263174085
012673854
283164750
152437068
082613754
813704625
235406187
256173048
243815760
058623174
732684510
623871540
123806754
173264085
610453287
723648510
013826754
418263075
123845760
234176085
125308746
140725683
235167840
034185726
813405276
142673085
273145680
234108765
361802475
612503847
142806753
410875263
280143765
813725460
613784025
123487560
842713560
425108367
243815760
125748063
713604825
246103875
281605743
630482751
348215076
146783052
842137056
063214875
712604538
142635870
613204875
710328654
172603854
283604175
135604872
120783465
140752386
130825467
713405268
170652843
831742065
136852074
273108465
617432850
123804765
813724650
423807165
462103875
123708546
364257180
710824653
230164875
312604875
035167824
083517624
173805426
613704285
024315876
184632075
812674530
130864752
812753046
071354628
362154870
146803752
713604825
034176258
582703416
670124358
734201685
025168473
712608354
120863754
472105638
123864075
821603574
348701625
728643015
813764052
286301754
036428175
830642517
814506372
150243768
345201786
126754038
682134750
370158642
013875426
816534072
123405876
236105874
260153847
823754610
081723546
386102754
123845076
140632875
753164028
736508214
056312748
270653841
235806174
134782650
142603875
613824075
852106743
710283654
230184765
034871625
530286714
418723065
813204765
142603875
047523168
142308675
026713584
412385076
035427861
240156783
140638572
135426870
283714065
170462853
123786540
230184765
045317862
014862375
318725640
614832075
723804615
712465083
613704285
036185742
510473862
043281765
614372085
710432685
182753640
742301685
142783065
123604875
718634025
134705286
182703654
523106784
134802576
613245870
341685072
834715062
062145387
034852761
214708653
812403576
152803746
841263075
621804735
835724061
231708654
813206754
340182765
123758640
013428756
247803165
812746053
783106452
083214765
130465827
162834075
263174085
783405162
810435726
248103657
174625038
213576048
861354720
261385047
123805746
841235760
135728640
062138745
035276814
138702654
134856072
623108547
813205746
412503876
815702436
041825736
841235760
728435061
130824765
813204765
071628534
013845276
034267815
230758146
124876053
034162875
813624570
671243058
784301625
238174650
342108765
310842765
123845760
023186754
452308716
812463750
134758062
628753140
038412765
061435827
134785260
613207485
163428075
210873654
820467153
364172850
132754068
782143065
814736052
138456270
123806754
850246317
364207815
172806543
256183740
260138754
150246837
324861750
218704635
485103726
782501643
835241760
145802637
136802754
146573082
028743615
162534087
830264751
146302875
813407265
340287165
361875024
051632874
061348275
134602875
084253176
834601275
123784650
234816075
183706254
083214765
130625847
623805147
132785640
861702543
031684275
324105876
123506874
042763185
781435062
135806247
124305867
253874160
854203176
843712650
618204573
246135870
260813754
071532648
813547260
183702645
085412763
823401765
720345618
128753460
076253418
083624715
412708635
123845076
816302754
831402765
235708641
126807543
814306752
245831076
130624875
012758463
813204765
372816054
071254683
230745618
354826017
123805746
230684175
325816074
713428065
823401765
263851074
263105784
034871625
834701625
068172453
861503274
023165847
134825076
812704365
810243765
314268075
613245870
152843076
135782460
243105876
140832765
135802746
834721650
612843750
263817054
068234175
463108752
280137654
458302761
146783052
142706583
561273840
234185760
125846730
138706245
248163075
681432750
138702654
234768051
861203475
152803746
384716052
260138754
170842653
413205876
062315874
813704625
214307865
134862075
610385742
162803754
140832765
142573680
152803746
123864075
130856742
284107653
283105746
234875160
143805762
263145870
813527640
014738265
283106754
247103685
123786540
845306271
820413765
314872650
423751680
820543617
147803625
283105746
165403872
253487160
360284175
812603475
023186754
015634872
526801743
340728165
120438765
083724165
281406753
123806754
430825176
284356710
342107856
248673150
713605428
162534870
014326875
213805764
830714625
238156470
130826754
142657083
143806572
120864735
064312758
012843576
083264175
810462753
263574180
513864720
830271654
841673025
253146780
123674850
230784156
134786520
013724685
831507642
683107542
713428650
435801267
280741653
461203785
820413765
148732065
283641075
034126785
152783460
130645872
348701625
123504867
034815762
086345172
026873514
320156847
710638254
823401765
362108754
154832076
253186047
238157640
120463578
134725680
370256184
130527846
238465170
712834650
273568014
840315726
023785416
320148765
152843076
713562048
180725634
253104867
364102875
013764582
453102876
013486527
263148750
823675014
263157840
345167820
613274850
742103658
012863754
053827614
016547823
710463285
028435716
123507684
163208754
135607824
213748650
835602741
347106852
713285460
142805736
027163584
734621085
234106587
324705186
123805746
123845076
283145760
123604875
123405768
280453176
374105286
142368570
850416273
015428763
283164750
482506173
283716054
042861753
834102675
263705148
182703654
130567824
023156874
620134875
368472015
123708654
281463750
243815076
086315274
248713065
120763584
123806754
062413875
025841736
283156074
481275036
418203765
283604175
843205176
287563014
712863045
812605743
123605847
034867125
134205768
518203746
358124760
380124765
136802754
342175680
120753648
012843765
023654718
283745610
146805237
023174685
