813724065
134825760
120843765
023184765
234108765
023184765
023174685
123604875
123784650
013624875
123845760
812403765
813264750
130824765
123845076
023185746
123845760
123804765
123856740
123845760
123804765
034182765
123804765
123804765
130824765
123805746
813724065
123845760
043215876
012863754
130825746
123758064
813724650
123645870
123805746
123804765
123864075
234718065
123864075
263104875
042135876
123845076
123804765
120863754
813704625
813702654
123845076
123864750
142803765
123864750
123607854
123745680
023167854
013824765
123806754
123845076
123784065
123864075
042183765
235146870
123864075
134856720
123804765
120783654
234185760
123864750
123604875
013824765
023184765
023164875
123804765
134825760
130824765
230184765
140832765
120843765
123864750
123704685
813754026
123804765
123704685
120843765
813204765
123704685
234105786
123804765
813724065
123804765
123708654
120843765
063214875
023164875
123784065
230186754
120843765
814735026
260143875
123784650
163804752
013826754
120743685
283604175
123845076
120843765
123604875
123785046
123864750
012843765
123784065
813724065
462103875
120743685
142863750
123864750
134825760
813724065
023184765
023145876
123864075
813726054
123806754
230184765
120843765
813245760
123706584
123806754
123804765
813264075
023164875
120863754
123806754
083214765
123784065
023164875
134802765
134825760
123607854
813264075
283164750
012863754
134802765
813704625
812706543
130826754
120853746
123864750
142835760
134802765
123806754
123845760
123806754
123604875
812603754
014732685
243105876
813724065
013825746
123804765
123704685
162503874
123674850
120743685
123604875
123845760
123804765
134825760
283104765
234105867
123475086
123864075
120783654
130824765
813724065
023164875
230184765
142803765
120863754
283104765
123784065
123804765
123708654
142863075
123864750
123804765
123804765
042183765
123864075
023184765
123845076
230184765
023184765
123784065
123864750
134825760
012843765
023184765
283701654
013824765
123804765
012843765
123804765
123806754
813704625
283104765
023164875
023184765
013724685
813724650
012843765
230164875
812703645
123645087
123405876
123845076
123405876
263174085
130824765
134802765
234105786
023164875
123806754
813704625
023164875
123674085
263145870
023184765
123864750
123706584
230184765
123845760
812403765
013824765
123674085
123806754
283104765
134862750
123845760
014832765
134802765
230184765
142835760
813206754
134782065
023174685
813204765
123864750
034182765
123674085
123804765
813724065
283145760
123804765
120843765
130824765
120643875
813725046
130824765
042183765
123864075
260143875
123804765
123645870
123745680
123804765
813704625
230184765
013824765
123804765
023174685
123604875
123784065
134805726
023184765
013425876
123804765
145836720
123804765
142863075
023186754
123804765
140832765
813204765
134862750
123704685
123806754
230184765
813204765
123604875
023186754
813245760
123864750
812743065
813264075
123784065
134782065
081743625
123864750
283104765
813204765
134802765
230184765
123864750
123806754
283105746
123804765
123864750
230184765
123804765
812743065
123864750
123758064
230184765
123864075
123784650
013824765
142835760
830214765
120743685
812743065
123805746
134805726
123805746
240138765
123805746
134825076
123845076
123804765
420183765
810723654
123745680
123784650
123657840
123784065
814705236
130824765
283105746
123604875
123806754
013824765
120863754
813724065
283104765
120843765
013824765
013825746
013826754
123864075
013824765
123704685
240138765
123845760
123864075
142603875
123806754
123805746
123805746
243105876
134802765
283105746
123806754
123784065
123845760
234185760
130825746
123804765
134862750
482103765
123804765
123506874
120843765
013825746
813264750
813702654
012843765
130824765
023145876
123864075
812743065
123674850
013824765
230164875
023156874
123804765
813205746
134802765
123804765
812603754
023164875
123804765
130824765
023145876
123804765
283164750
281743065
130824765
814702635
123804765
230184765
083214765
813204765
123845760
012843765
280163754
123864075
123405876
120853746
013874625
140832765
123704685
120843765
130824765
283104765
123845760
023184765
123804765
023164875
283164750
123804765
042183765
813204765
140832765
142673850
123605847
613204875
120843765
134805726
283714065
123708654
123805746
130824765
123845076
123804765
134862075
813264750
142835760
162803754
812403765
230145876
142803765
123804765
123845760
134802765
023184765
123804765
162803754
123475860
123804765
263104875
123604875
120843765
813724065
134802765
120743685
023145876
123804765
123784065
123845760
134805726
130724685
813264750
013824765
134806752
123604875
012843765
023185746
152803746
123605847
813204765
813704625
123784065
813724650
130624875
283104765
123804765
123864075
813724065
130824765
123806754
123864750
123864075
814732065
023184765
234156780
083714625
123645870
123845760
123845760
120643875
120863754
142703685
123784065
142803765
123845076
813204765
023184765
123804765
182703654
123804765
123845760
123674085
283104765
813724065
123604875
123804765
813204765
134802765
023184765
123864750
123405876
142803765
123704685
023164875
023184765
234108765
012843765
813724650
142803765
234185760
012863754
123805746
123845076
813264750
142803765
134825760
283104765
012863754
014832765
230184765
142703685
123864750
120743685
130824765
120853746
134825760
123745680
134205876
813724065
123856740
230184765
012783654
263174850
023186754
813204765
123864750
130854726
123804765
023164875
140832765
142803765
123845760
834261750
123804765
123704685
023184765
083214765
120843765
230174685
130624875
123804765
130824765
123864075
123804765
283105746
130824765
123784065
812403765
123805746
134802765
123864075
083214765
230184765
230184765
283714065
123804765
134825760
083214765
813704625
813204765
162803754
083264175
023164875
123785046
123745680
134802765
014835726
034215786
123806754
023186754
034182765
123806754
120643875
123784065
023145876
013724685
142863750
263104875
263104875
123805746
123806754
283106754
812403765
142803765
134702685
013824765
283604175
813724065
230184765
023164875
012643875
123864075
123856740
123805746
023184765
123804765
682103754
134825760
123405876
123708654
123784065
012643875
123784650
142783650
283405176
120863754
123784065
813204765
813724065
120843765
283104765
123845760
120843765
283104765
142806753
130728654
123804765
134862750
120783654
123804765
830214765
123784650
134825760
123806754
123784650
123704685
123784065
123804765
013724685
123785046
142835760
120843765
123405876
230184765
134862075
123784650
123864750
120863754
812403765
123704685
120743685
012843765
134602875
013824765
230145876
713284650
123845760
123804765
123804765
813245760
023167854
813702654
263145870
130824765
123804765
123804765
123804765
123845760
120863754
130824765
283104765
123845076
012853746
123405876
813204765
123845760
142603875
123785046
130824765
130824765
123805746
012843765
123784065
134602875
123845760
123864075
123405876
123805746
142803765
134802765
813204765
283104765
120843765
123845760
123804765
123804765
123864750
123804765
230184765
023164875
123805746
813745620
123786054
123604875
023184765
123804765
123784650
123845760
123604875
123806754
830614275
813264750
130824765
042183765
713604825
134802765
123784065
712483650
023174685
123704685
134805726
023174685
813204765
123704685
120783654
023184765
120843765
142783065
812403765
123704685
123845760
123864075
142803765
123708654
012843765
134625870
123705486
120863754
813726054
234108765
062183754
013725648
123804765
023184765
268103754
023184765
123674850
023164875
812435760
120863754
013825746
234105786
134825076
123804765
123784065
283104765
123806754
013824765
123845760
123704685
234185076
123804765
013824765
813674025
013824765
123604875
034182765
120843765
123864750
142803765
134862750
813674025
268103754
120783654
142783065
123864750
123805746
123845760
130854726
162783054
120863754
120863754
120843765
123645870
123804765
120863754
810243765
813724065
230164875
123804765
813724065
134862750
123845760
162803754
134862075
234108765
283714650
012843765
130824765
713624085
234106875
814302765
123784065
123804765
123645870
813264075
280163754
014732685
813264750
013726584
123845760
123785046
120843765
130824765
123806754
813245076
123604875
134825076
012863754
120863754
123704685
812435760
123645087
123805746
123805746
123804765
130824765
013824765
123864750
012843765
123864750
123804765
123864750
123785046
013824765
230184765
123804765
123864750
830214765
234718065
134825076
234108765
813725046
023156874
134825760
812743650
123704685
123864750
234185760
123804765
283106754
123804765
123804765
013824765
123864075
123864075
130824765
130425876
012843765
123845760
263104875
142783650
013824765
123845760
283104765
130824765
142863075
130825746
014832765
134802765
123845760
283104765
123758064
142835760
130825746
123784650
123804765
123804765
123405876
134805726
813724065
813724065
012843765
123786054
123804765
134805726
123845760
140832765
123704685
023145876
123864075
813206754
013824765
123784065
023185746
230164875
123704685
230164875
120843765
134782650
142603875
023174685
142803765
813264750
812634075
130826754
123804765
140832765
130824765
134825076
123804765
120743685
034125876
123804765
783104625
123604875
013824765
123784065
123805746
813204765
013824765
123864075
813204765
812403765
134802765
283104765
123864075
812403765
810243765
120843765
123804765
012843765
123804765
123845760
023784615
812403765
023145876
230184765
123604875
123405876
142863750
123845760
123864750
283145760
123784065
123864075
028143765
123845760
134825076
324105876
130824765
123704685
023145876
130826754
123604875
162803754
013824765
120843765
123864750
123804765
023186754
283704615
234108765
013824765
123804765
384205176
134805726
283714065
813724065
123845760
123678054
813704625
813204765
123804765
028143765
812403765
123804765
123864750
230164875
120783654
123804765
123678054
813724065
123864750
123864750
123864075
023184765
123758640
813704625
130824765
134802765
813204765
