142350876
142730685
471023865
134768205
812760543
142835706
812763504
123845706
761082453
136720584
812063754
813250746
123670854
134862705
613240875
123786504
123064875
813640275
123057684
836740512
237160485
248013765
123074685
123065847
123864705
814356702
304125876
283064175
812063475
813245706
831627504
472015638
135728604
143026875
614032875
142835706
481052736
234185706
162073584
801246753
402173685
781240635
123074856
703268514
142835706
783145602
713084652
152083746
102673854
603214875
813260754
203164875
123085746
263817504
123740685
243156807
136850742
803214765
123465708
802315476
812460753
134862705
135820746
713624805
804316752
348160725
134620875
403825176
243165708
324170865
103825746
803274615
123640875
304126857
108732654
803214765
812043765
134860275
103624875
302148765
102846753
813056274
801624753
134782605
603214875
813024576
812435706
136850274
283016754
283140765
123850746
623041875
581042763
134082765
123640875
134056872
814075623
123074685
384012765
273014685
123056487
813056274
134780652
263174805
123864705
813720654
804235716
713024685
103825746
148032765
123864705
236058174
106823745
401382765
632140875
134782605
124073865
814362705
264371805
103624875
385120746
163874205
712053648
603214875
236158704
841230765
123740685
134027658
873240615
873251604
123750648
634021875
203154786
142830765
123570846
384125706
236580174
783150642
102453876
713024685
814750623
102743685
246085317
134825706
263015847
102843765
785061243
413025876
831062754
102853746
102643875
273150648
813260754
385120746
841630752
124368705
816043752
123758604
102863754
813024765
402815763
123085746
413256807
263150847
201867543
304162875
123086754
402183765
803214765
701432685
103824765
208163754
123856704
235180746
142780653
406132875
102863754
783014625
142768305
803214765
134876205
273014856
156340872
243768105
123078654
803415276
253678104
103425876
268153704
524168703
823415706
123467805
234850176
276813504
234150678
123084765
123845706
105836724
485136702
803614275
123750648
134720685
473285106
713628504
134620875
813245706
102743685
123784605
835710642
861723504
823710564
723064851
613240875
103826754
813074625
263014875
142860753
813025746
123785406
243760158
142865307
123075864
304816725
283150746
235180746
703421685
182753604
283140765
123780654
203178465
256137804
123074685
841723605
134025768
314720658
803214765
234718605
105824673
182530764
235170486
182730654
281043765
813754206
162083754
802613475
126034857
136820754
123647508
364170852
614872503
713024685
462173805
812063475
123860754
142783605
821036754
102843765
804325176
206173854
613274805
238170654
123840765
102843765
612730485
103825746
248135706
813065472
234756801
812450736
173820654
163840275
304275816
814356702
134860752
812435706
162853704
123740685
462870513
283156704
123845706
472130685
871624503
134025876
528031746
203178654
341082765
324175806
123840765
103824765
813740625
812435706
812073564
813045276
103724568
813056274
283140765
134850726
874012653
413026857
803714625
235140876
152830746
104235876
123657804
134820765
162853704
273180654
142783605
152073486
123045768
103624875
142835706
713640825
713240685
123740685
103825746
801734265
182340765
142835706
142783605
134825706
203156874
801723654
813024765
162785403
235186704
781043625
713528406
712084563
134672805
821345706
812043765
123086754
812743605
832514706
103625847
482063175
123064875
682130754
315028746
203457186
104832765
204136875
314068275
845230716
247180653
123840765
284315706
207143685
812063475
803214765
142860753
203186754
102743685
712680543
812430765
604231875
134072685
283610745
283640175
402163875
162853704
123670854
812053746
142086753
102743685
412053876
283140765
812043765
283064175
134820765
803215746
713624805
403817625
834215706
136724508
832714605
102743685
425130768
413025876
734210685
134725608
123084657
314260875
503174286
234170685
203185746
283045176
386274105
123657804
123845706
106234587
124850763
804731625
203184765
201845763
123840765
682015743
123085746
123856704
134725608
813264705
234185706
134620875
614830752
345270168
285041376
123475806
123856704
134670852
241350786
203174685
102853746
183074652
481052736
123650847
816254703
124780635
428315706
123450876
283714605
814360752
814362705
572130486
712063584
135820746
613024875
102863754
248130765
281743605
708352164
302146875
712435608
156820743
203145876
123850746
803761254
145830726
123850746
123564807
402165837
236870154
812746503
123758604
538012746
103425876
123674805
103826754
182753604
405123876
176052843
203487165
345260187
203186754
843712605
283645107
102843765
102453876
273184605
812073645
203185746
203164875
204138765
134782605
203154867
813025746
283045176
136852704
145026837
502671483
203184765
831062475
123784605
348260175
813720654
182745603
613284507
283670154
834260751
234068175
602183754
826710543
712063584
812760354
127640853
263740185
134856702
234185706
123087645
134720685
123780546
148730652
813726504
275183604
713280546
123084765
812630754
813725406
123064875
613027854
234160758
123670485
104832765
203186754
142830765
135026874
814032765
135280764
405318726
103274865
512630874
123485607
712053648
123865407
104832765
813245706
103728546
813064275
206845731
312045876
813026754
204136758
162034875
203174685
102863754
234780615
102843765
123856704
713286504
124360758
102743685
203158476
123067854
102743685
721035486
481052736
803614275
163250487
123045876
243150876
324856701
208143765
256130847
136824705
203176584
123784605
813074625
103826754
834720165
623084175
256043871
126870543
134625807
123750648
134062875
342150786
102783654
308124765
831460752
734615802
104835726
134625807
238567104
831572604
283014765
836014275
123840765
103826754
142350876
134250876
386152704
243750186
103724685
304172685
831042765
814750623
813067254
203184765
103625847
402156873
623874105
102843765
463210875
104732685
812560734
142375806
215430876
781643205
234180765
142083765
208643175
385120746
135467802
123780654
342175608
314028765
253180764
243150876
305182746
123645807
812760543
103854726
234815607
412870653
153062874
813720654
823615407
234187605
134782605
243815706
246130758
781230654
815732406
236184705
813056274
783140625
432075186
164852703
403265817
173820654
825013746
203156874
123640875
135082746
481032765
283150746
813025746
613250847
841630275
123780654
123740685
123784605
136782504
801563274
304821765
123860754
248160753
612840753
243150876
123640875
123064875
813024765
134862705
802413765
713026584
162085743
813562704
283140765
123760458
134862705
142863705
134256807
182074635
234870165
128634705
123780546
123086754
134860275
714385206
803215746
612473805
813260754
123046578
634170825
203186754
123758604
813764502
134860752
812063754
812750634
134062875
283710654
152830746
184023765
386120754
375146802
142085736
134820765
102783654
104325786
723086514
812763504
123740685
123064875
831620754
243150876
105273864
714032685
283150746
142860753
234150786
102783654
812043576
248163705
412763805
701532648
123670854
438265701
123758604
123784605
236180754
801734652
403185276
581042763
102843765
842310765
142083765
823710645
237140865
203185746
104835726
304125687
134672805
873021546
142863705
234016875
123840765
482075316
613274805
102843765
123086754
432810765
723510648
134025876
123576804
134082765
203145876
203684175
123758604
243860517
103824765
134250876
384012765
831420765
163840752
682413705
413820765
142630875
134825706
123045876
102843765
134825706
702413685
123780654
723085416
613240875
514032678
123475806
214350876
813056274
234018765
263814705
142783605
203875614
102853746
146083752
253810674
123745608
103826754
108345726
813024765
123084765
134250876
283145706
103526874
142830765
812653704
712830654
246017853
134082765
563284107
235840716
841026753
218340765
123085746
684031275
104832765
813045762
137620854
485267103
836210754
501632874
128043765
283645107
813650724
418250736
863724501
203186754
123065847
142083765
623084175
123570846
342065187
103625478
142085736
853260174
401863275
135820746
128043765
234185706
142863705
102853746
841723605
203845716
183764205
136572804
123074685
104832765
812730645
851723406
134820765
283145706
142067853
301284765
482063175
102643875
134758602
813240765
641823705
123845706
283016754
142086753
163728504
123640875
123780654
248673105
126854703
803216754
812730564
712083654
813250746
102843765
502143876
841730625
841230765
834261705
123084765
106842735
102853746
138724605
283164705
123085746
123076584
103725486
103824765
186740532
608273514
812056734
812043765
482163705
813740625
402163875
813450276
104235876
813726504
801754623
103824765
123740685
652038174
803215746
234180765
872153604
203785641
134758602
123740685
172630854
813240765
204835617
102845736
134850726
834210765
134865207
612435807
123074685
801243765
273140685
402178365
138674205
813026754
103826754
103825746
235816407
134670528
142863705
142785306
342078615
135826704
813024765
604281735
384150726
378120654
142083765
134025876
235746108
803214765
263145807
602183754
281463705
341720685
123860754
813264705
204173865
123086754
713680524
812673405
105862734
142863705
841230765
801432765
145230876
813264705
482130765
671452803
354120867
123845706
123860754
813045276
402183765
123740685
142863705
135082746
283045761
683210754
135820746
283164705
135476208
614320875
103728546
813724605
103826754
142063875
123785406
103728654
134720685
142673805
812430765
123057684
263814705
123856704
348071625
283160754
123784605
521086734
142083765
142063875
123856704
683251704
134672805
123780546
804231765
248160753
283145706
123068745
248035176
482156703
134072685
861452703
814362705
251380746
103827645
814320765
803214765
123780654
203784615
814035726
708324165
104732685
235018746
123076584
152840763
142863705
512860743
135786204
813074625
102853746
305182746
123670485
182630574
142730685
324780651
304825671
803271654
134670852
283750641
123845706
123084765
281750346
123864705
812463705
173840625
826340175
104732685
542130768
384062175
102643875
812743605
103826754
748310652
502143876
124360758
