306718245
846230175
512346807
618472305
271083546
513846207
701628453
841630275
136078254
403568172
385162407
365840712
208461753
758032164
802674531
206738145
618540237
145326708
721456803
641523807
274356108
261358704
432780651
473852106
324670851
831264507
214635807
732850461
278541603
703126854
103578246
248350617
782140536
124680375
671450328
203186754
172850463
543217608
703241658
432780165
451827603
702835146
172835604
563087124
371425806
128750634
701683452
234081675
802436715
704253168
724036185
512736804
107583624
702635184
627540138
308164752
358024176
123860754
384016752
106273584
476580132
421860753
178052634
714630852
234875106
374150628
183025764
264150738
637842501
821064375
167023548
237814605
518463702
816245307
365870214
183064725
731620584
523071468
568231407
723615804
615720483
821073654
605842173
264753108
851026347
804132756
406538127
273186504
753164208
243170865
317240865
517480236
704231568
425637801
572430816
831560247
723645108
805134672
217045683
105824736
753148206
416078325
425130876
345816207
618340752
102387564
304718625
352014876
352687104
308254617
821674305
147683205
123054867
651480732
634715208
642780351
471052863
102836745
135287604
123056748
273658401
634081572
638214507
623850147
602385471
206813475
123680457
528076341
451830672
865072413
681732504
641250837
546078132
437580162
784032516
805761324
827056134
756130824
384670152
305178462
154628307
237516408
736841502
324871506
873650421
207548631
801235764
281653704
128034675
418073256
534270168
253041768
367245108
237148605
618054237
852730461
365128407
673258104
358216704
654031872
584271306
402186537
425768103
654328107
541362708
631870254
804215376
624830571
345280761
832014765
706485231
763145208
604315782
803412756
316085724
108246573
402715836
614280375
732018654
564170238
316048257
712063584
843562107
263185704
602137854
308621745
483720651
714680253
802673514
531046728
783024165
157862403
623781405
785031642
123856704
236780145
461087532
318075462
281035476
358620741
781562403
534168207
678413205
805623147
762843105
142357608
154072386
325178406
531476802
206143587
382015647
135420876
283156704
703814265
815072643
503462781
782631504
701526834
438256107
675841203
836045271
401563872
726430518
801742653
845360127
821460357
234058671
532860471
148360752
845061732
246817503
208173564
874152603
842057631
213064785
512386704
478210365
102764853
472158603
463018275
304268751
245068173
236058174
436180725
158034627
318520674
104325678
805271436
413850672
578024361
136075248
146072853
608245317
613784205
734510286
612530847
602487351
231784605
245130678
608142735
316420758
847023615
237180564
706314528
802157463
204867315
425860317
624830715
415637208
487023165
764150283
652380174
507132864
421765803
213087465
648372105
702618435
416823705
128035476
306284751
873150462
235680471
804165372
406853271
214057368
504317682
703146825
438570612
138076245
708316524
103825467
256013784
635780421
507862413
514860732
715048632
241063785
678054213
653741802
825016734
185372406
842510367
301826574
652713408
721453608
103275684
284036517
752143806
102643587
108463275
317860524
813045276
143520687
483025167
438120765
746235801
741260835
637120584
573014628
673140582
713082645
804712563
502147863
731064528
104536872
312875604
834752601
203561874
214035876
403162785
371620854
647051823
712063584
126034578
264583107
532640871
413275806
603712458
103624875
284371506
418576203
745280316
583410276
435620871
162534807
218736504
816043275
805216374
601832574
821756403
173685402
126530478
613025847
463017825
682370415
163482507
485230617
157230468
105742836
418263705
812074536
263084571
364827105
126084753
604235817
706158342
187645203
253170846
806241357
281035764
354780261
165038724
421038675
126384705
143670258
102843765
362450817
316045827
804127635
312075486
437068251
286574103
412780635
307241568
803741526
602314785
356187204
813245706
253481607
312475806
704352861
185760324
582031764
384017625
845710362
327680145
867530124
603857214
123865407
651048273
462375801
837120654
643720518
813520647
275361804
605817234
234170685
205763841
418735602
702135648
813720465
815472306
164537802
152674803
123786504
203615748
604187235
231460857
528740631
501384276
841056273
356082714
426370851
851026734
367140582
326751408
362471805
235810476
123078465
134027865
756810324
237810654
567028314
346025781
271048365
875023614
314075826
275380146
364082715
762583104
213054687
534120768
731845602
231065478
427351806
731486502
435162807
803261745
513240867
423178506
468120753
624835701
823754601
102854763
173420685
831760542
153062487
732081645
784360521
804621573
842076531
123874506
123084657
378042561
123640875
583210467
763124508
813270645
784061235
356180724
134860275
526073184
503284176
502873614
746350812
801247356
703425861
463720815
641720835
805623471
748326105
478510632
681247503
803167245
658074231
832670541
582136704
172034685
521380476
653027841
713065842
801465273
803541627
182634507
146320758
721035486
478210653
208146753
673452108
602514738
816025734
104865732
753468201
241763805
456270318
512380746
436270158
837260415
541276803
207184563
231840765
487310265
134287506
607285143
213475608
628743501
306784521
326417805
351472806
836251704
134856702
782610453
548273106
573410268
265874103
216730845
723486501
231075486
345867201
324160785
305681427
405681372
134570682
701638542
136872405
204861735
734865102
503124687
304725618
406315287
345782106
703126548
586471302
381245706
103826754
381260754
428015763
574216803
106735824
154872603
147360825
823751406
827560341
205176348
206473158
417038256
746350128
352840671
134086275
701426385
601387452
408321765
681043275
703125468
146853702
308517642
543810726
143852706
485320167
138760452
731428506
718056342
872645301
237460158
821354607
318456702
145083726
247350681
153284607
347260581
602534817
304215786
432675108
215736408
406237815
716420385
156782403
653210874
603178452
384612507
384056172
105642387
257038164
402516837
138256704
621453807
104635827
374285601
857026143
658017423
843012576
123640875
173240865
362784501
375012486
104578632
386014572
751042863
678125304
254630178
104235768
745031286
342078561
705384621
421586307
102543867
872514603
734165208
802143675
408713625
528430716
752043861
238065417
612073485
786120534
123870564
125670843
813024765
835240176
647021583
402135687
714028563
174835206
612058374
867451203
603184275
204735168
304125768
403876251
612843705
216357804
307154862
238015476
836027514
102587634
513074826
413587602
376258401
361540827
873056412
152473806
648012357
167254308
183074652
143267508
107534862
136072584
426310587
486075321
103275846
783120465
178620543
745280163
851260734
452180763
156084732
306174528
305421768
854076123
702158643
653214807
482135706
253086714
603812754
328415607
347025861
706134825
823517406
732180465
826415307
184732506
206147385
637054218
165384702
812670534
807534261
423160758
452018763
205681473
304651827
174038256
258047316
184036725
612780534
352140876
402367158
612354807
841057623
183275406
873026451
761853204
187352604
238470156
407163852
123054867
605132748
461280753
802615437
871026435
605314728
345167802
682031574
281730564
361027548
754310826
142063875
213460758
256817304
802513674
601748325
107658234
853412607
634271805
326450718
572140836
506217348
278460153
435162807
105432876
643810527
705231648
853672401
102658743
384270516
146032875
153647802
403682571
571468203
623071548
802153476
684017352
503864217
104283765
483760521
215843706
105684273
256380714
835740621
632170548
234651807
201748563
265138704
408513267
356810274
435160287
854631207
748032156
782563401
132586704
502178634
684210573
785324601
135720486
876420153
502618473
801324765
536018742
124083567
281063547
508631742
324810765
621483705
623071548
261047385
781620435
437821605
108753462
123576804
862074135
356810274
314850762
612073485
581032467
134076582
623180754
154062837
205638147
873140265
581026374
853140276
823461705
243810576
407128356
706851243
814072563
312075648
816053247
683127405
145236807
631285407
704862135
268710543
603147852
205431786
418027635
134720685
284370156
634052187
205671843
542863107
623180754
657430821
825140376
483572106
836054721
375240861
605321874
502168743
245068731
621034758
601258743
487063215
453627801
124053768
853260417
743218605
207684153
602781354
703618524
821073654
263840715
358076241
803726541
571263408
608514723
701846325
576038142
103625784
408256173
752038146
714032685
375860412
276543801
215843706
801274365
823740516
751632804
356781402
204763581
258130746
572360148
602378514
468310752
452361708
485170236
107865234
123468507
415360827
837461205
251083476
784632501
234670158
142065837
802741635
804327516
813250746
825360174
684270531
321675804
203174685
601783425
851230746
218360754
106754238
126084375
403725168
701863425
874256103
418235706
136854207
142573608
246530781
234785601
182563704
407386251
703462185
247830651
807364251
812056473
436750281
408236157
403125786
238175406
803264175
862710534
403517826
438126507
873140265
103752846
206431758
108634752
813256704
451680723
205431678
604317285
451786302
812347506
105382647
613580724
805421673
148750362
354026817
347081652
245083176
671345208
643052781
132675804
413580276
804357261
425687103
572013486
104368275
215037846
708324165
671430582
708241563
726184305
504127683
758013426
873512604
835410762
183054276
258063714
804721365
304768215
542861703
632840715
143085762
723568401
273410586
806345217
803264175
213540768
501346278
851067342
162074385
176085243
237160485
801563427
804275613
843670152
713620485
405183726
814732605
381675402
367024185
403256871
801256347
152084763
675023418
672843501
135640287
301268745
406753218
263871405
162857403
134670285
854062731
573480162
472580163
536720814
403562718
126738504
324156807
364085217
284715603
304812567
402183576
308142675
521840763
653274108
456872103
653184207
603847512
653074218
607832415
276540138
814673502
651827304
716028534
143082756
728465103
412065873
805431276
712640853
485130726
845210376
207684315
601837254
805743261
