251743086
834215076
263178540
314206758
013824765
123475086
134825076
810752463
214635870
831702645
013745268
016723854
081643527
172634850
534208176
712604853
873251640
320851764
254836071
273615048
074132865
425371068
461803275
786104352
812403765
283576014
123805746
613205847
016843752
283715046
140835726
234751680
283164075
128704653
084712635
028436175
123405876
130826754
035267841
132506847
130856427
150437862
583162740
384102765
246703185
814305672
482735610
023186754
072143865
182607543
834215760
813745062
860134275
816257340
234607815
324671085
724835016
083275416
230186475
841562073
123785046
015237468
816324750
283164075
061273854
120783546
713205648
263104587
867504213
851703426
814302765
023185746
410852763
384675210
083256174
246385017
238104675
083215746
012743685
235406187
613874052
173264085
813405276
623517840
826104573
152403876
341862075
630125874
071634852
245386710
034162875
123804765
123467085
283105746
061853742
520784613
613257840
042318765
013248765
032145786
783645210
247856130
163802745
128743065
423158670
034725861
360184725
231784650
162703584
234605187
283751064
340728165
123604875
075426183
123704685
130246758
153864027
143852760
814302765
234816750
136852074
063514782
614302875
518362074
172603548
725843016
638124750
130425876
423805176
071863254
042163875
062583174
134205687
173206485
813724650
823415760
138672540
047185263
034621875
164802753
234805176
134702685
672835410
083162754
781405263
814573260
813726540
082173546
782634150
123784065
350214768
172834560
736825140
083725614
123754860
423175680
821473650
410783265
834261750
821304765
142783065
834201765
810754236
024138765
810243765
812503746
678203514
283145760
314782056
328104765
154267038
384625170
482156073
245301876
634201875
280713654
084312765
263145087
123605847
340216875
865403712
013674285
140352768
374681025
034125876
160832754
123785046
654208731
142803765
162503874
043825761
126743058
726408153
068314752
851403762
810732645
812743065
134876250
812673045
063254178
430128765
031825476
140632875
140836275
324105687
381245760
314657028
143805627
128756034
345106827
123657840
123806754
435801726
830674251
264103857
380521764
248105736
035748216
283704615
145836720
162703584
135826740
012863754
162783054
035148726
710432685
123805467
082143675
013872654
140637852
713205486
876305124
230164875
512634087
528603174
837521640
641752380
820713645
821704635
412653870
230618475
123805746
015736284
713684052
834721065
081253674
013645287
120853674
240761853
264135078
381642075
234187065
230185746
263105847
083214765
142783650
520183746
071832654
423168075
132754680
738406521
420781536
013854672
834602715
134782065
845236710
412785630
840261753
120378654
062413875
172643058
081653724
054273186
813642750
063274185
140782653
012853746
136804725
023174685
134806752
453176280
236804517
235108746
265813740
813264075
346105728
340125768
376814052
230156874
234106875
251403786
278603154
023154786
410273865
235401786
480132765
142783065
012863475
813504267
012843765
360854217
814205376
813706524
130824765
712563084
571236840
230864715
162703845
034218765
165824730
340815276
781603452
123867054
023184765
035821746
813604275
258104763
013674285
283106754
650812743
130456287
145823076
130624875
042158763
283704615
863412075
172856034
013624875
083245176
162753480
013627854
182703654
034218765
418203765
071283654
162834750
482105736
781435062
214835076
130524678
385126074
416723058
436581270
370852416
123675480
041583276
682134750
813245076
283164750
412783056
230184765
612873540
812634075
062471835
256401783
147805632
136724058
016253874
610432875
264718530
871602453
762801543
067238514
140732685
163804752
813504726
360814275
714632085
614532870
035814726
712643085
812705634
263157840
084236751
023475168
124805376
371208654
810734265
073465281
183745260
034125687
713258640
483215076
023684175
273608514
123674085
145206837
016832754
023168574
314268750
283705416
837106452
234157086
123784650
281703645
067482531
152803746
782643510
813624570
038175642
017852634
012647853
135846270
485721360
270136854
123864075
283105746
613208574
710642853
142806753
123708546
813725046
142863075
851604732
128743650
416723058
136805742
123754860
150836247
142785036
123804765
674253180
410238765
820513467
031586274
348205716
140237865
152836740
280673154
014782536
045632187
851472063
173806452
530864172
634275018
254107386
135802746
123607854
251604783
042173685
253104867
812403765
230185746
834752061
263845710
068213475
846703521
142803765
425837160
823415760
534806217
124368075
137652840
250146738
123405876
034178652
650128743
154726380
510836274
730184625
830216754
034125876
036182754
260153847
861723540
283701654
160283754
830761542
813724065
230845716
123786054
013726584
823401765
834752610
635108247
387154620
064185732
134805726
012836745
135806724
730245681
268103754
120843765
641823750
213806574
430758162
240816375
150243876
248735061
074835621
173204865
012745638
640327158
235147680
371824560
063175428
340685127
240716583
364705812
810542763
123507684
812306574
142803765
812743065
457812063
741235068
812546037
048273615
324817065
712305846
813245760
230184765
170632854
120587463
713602485
812603475
015748263
827401563
371602854
023475168
718204653
435281670
162804735
120873645
483526170
430125786
842175036
152783046
120743685
362815074
134602875
634815720
072813465
057128436
123784650
078124635
713605428
182674035
523718046
134672085
583102764
810743625
256718430
021873654
234685017
315206784
134705628
841602573
814305726
248735610
861502734
425816037
012843765
812403765
013824765
314287650
164802753
230174685
023157684
420135687
143205786
182703654
123678540
620183754
834215760
283604175
473608215
384162750
130728465
237164850
240135786
620485173
173824065
014872635
465728031
154728630
248351760
810243765
813604275
123804765
146253087
613748520
675104832
124608375
126574083
035216847
621835470
852301746
283107564
380714526
043216857
723814650
314268750
263147058
813724065
123784065
154782036
280164735
187325460
235107486
012643875
162783054
254831670
862351740
063824175
042163875
230157468
420763185
134276058
283576140
841205736
714206385
813256074
241608753
035287146
130824765
674502813
136408275
123806754
170862354
647123085
642803175
120736485
018673524
051826473
123856740
182763450
086251743
062413875
810723546
120753486
374802516
160852743
135802746
146203785
153482760
170853642
780531426
258731064
630214875
154702638
280753416
140732685
014236857
813264075
021784653
612473850
342106758
832704615
043285716
412807536
845703126
835241760
834621057
142735680
128764035
147235860
035684172
125806743
635102874
140873652
142806753
364285170
520816743
715402836
814503276
713562048
074582613
257406183
142503678
710253486
140735628
481572063
610837542
420356178
652834071
034165827
163854720
083214765
130876524
850231746
013462587
512708643
134825076
243175860
125863074
230418765
125804736
135602847
216503874
147203865
724508631
134705628
120854376
125476083
518243760
134802765
134625870
813275064
235768140
340125876
062173584
783605412
852143067
640518732
264315870
730186452
230841657
618427053
082413765
123704685
162803754
230865417
814736520
084315726
153702684
241703865
043168275
130748625
715432860
841235760
065127483
283715046
243105876
134685720
034617582
421783065
012853746
120853746
064218375
120853746
724803516
415367820
034815762
023157684
013586724
482105736
234708156
280153746
123745680
134862750
274103865
130824765
160832754
012873645
854701632
028137654
810243765
136204875
173542680
142783650
026415387
814305726
012573684
234157086
712408653
081432765
710253864
783124650
072153684
013876524
245163870
057263184
381702654
061573284
162804735
263104875
246135870
425801763
728345016
834721065
123607854
217608345
235701468
340586172
350147862
136824750
478625031
142603875
674308215
013874625
345176280
410368572
165703248
286301754
613824075
748102653
784631025
051826734
248103765
028361574
812406753
127645038
671203854
123674850
850214736
314728650
462135870
360257814
134256087
258143076
451836072
125367084
728306415
418263750
014836752
376201854
613274850
340168572
281743650
814306752
834205716
146703582
324806517
185704362
235146870
023186754
731402685
472801563
130824765
264705318
043517826
870213654
832716540
134702685
513206874
514306287
134607285
278143065
134802765
064325187
471803625
840123765
247651083
681703254
128405736
028643175
124306875
814306752
236401875
820613754
016827543
123745680
830421765
237164850
235814076
862103574
142863750
283657140
428731065
613705248
813205467
812653074
836514270
324105687
384267015
683721054
012863754
324105687
210683754
861342075
235814076
813724065
814753620
781625043
130724685
123745680
012645837
482673150
834201765
645238017
741603582
243705186
380125746
783641052
134725680
081742653
250183764
036214785
354107682
137602854
845326170
684307512
123805746
216804735
846203175
610583724
243105876
357618042
283104765
675301284
021354876
134625870
823645710
612853470
172604835
248163075
140675283
240736851
031682574
610284537
230475168
086514732
023184765
283475160
134205876
253184076
123864075
123784650
613824075
813264075
130826754
315602874
680371452
012683574
713205648
034215786
083215746
142786530
452187063
142783650
038412765
472568130
384105726
230184765
143852760
142657083
273508164
283705641
012863754
851702346
823415760
613274850
275103684
374125068
283104765
251873046
230186754
234705816
213604857
423108765
142703685
624305871
123845076
123674085
018532764
136274850
730264158
158306724
174635082
825671034
162783054
012864735
810275346
034182765
630214875
182673540
213804675
081453276
120843765
812465037
273105648
354106872
836701524
460132875
184752630
035618724
123856740
173204865
154802736
026345187
123704685
123807564
420158637
756823410
814702635
247831065
135826740
273458016
364715082
134625870
026314875
042376185
723801654
423168075
130247568
671203854
512783064
014832765
130824765
021873654
826503417
273145068
123705648
436205718
315806742
813205746
342108765
281406753
513706284
