120463785
720653148
713645820
681702453
835241076
072184653
123785460
013845762
374205816
621503874
834215076
823604157
243815760
613274085
613245870
230145876
841603275
142653780
234807165
081763524
342708615
130824765
715302486
814732065
286403175
134782065
042183765
123864750
713208654
028163475
710623854
412305786
017843625
187603254
783612540
130527846
283604175
130264857
120438765
423185076
681432075
423715086
380254176
852316740
136824075
123406785
016852743
783614025
834601275
243781650
016852743
234165087
134672850
123805746
128635470
714802365
438702615
014632875
236814057
120843765
873201546
741203685
130254687
012843765
235174860
130854726
052186734
123804765
134802765
130425876
683751420
324805716
283164750
072813654
864135027
450136872
032148765
023174685
810724563
823701564
781643025
518273640
462103875
163874250
234165087
041872653
123758064
034125876
162573084
612804537
134806752
283164750
386102754
283716054
230145876
162834750
023185746
042173685
120437685
123405876
234108765
123856740
850134726
830517624
230147586
243105876
210368754
163842750
642315087
236157048
235106784
613852074
123805746
318627054
613204875
013864275
013864527
162803754
813245760
015623487
034127658
812734056
123784650
814732065
038152764
123784065
825316470
830724651
328164750
085314762
142605837
135467082
146802735
013826754
813725046
273465018
613207854
230814756
142635087
024835176
021873546
362158074
073215648
213804567
128756340
145803726
713624850
142783650
034172685
123506748
782105634
123607854
054382176
123745680
123604875
120683574
134725680
120453876
123407865
513284760
812406753
120843765
823701645
123705648
248713065
714308265
013625847
014278653
712603584
120853746
263104875
413206857
240153876
354286071
182506743
082613475
013826475
073218654
152403876
376148052
138402756
263784015
812705634
853207146
812743650
082713645
123845760
263104875
173405862
423185076
152843760
142835760
420167853
130864275
671584032
720183645
813674250
163874250
410326857
270143685
084735126
023164875
012863754
145203876
042185736
830714625
123708654
083214765
260173485
815206743
835641027
150782463
013624875
134702685
254803716
142305876
045381276
670182354
230154867
134672085
413205876
073612854
182503764
123806754
523167840
240138765
134602875
234678015
612703854
283105746
013624875
234856170
134802765
513207846
162407835
243105687
340215786
130425768
684307251
845126730
814302765
130824765
163845270
435821076
123856074
162803754
863407251
134657820
781603245
034871625
126847053
810726534
162703584
438701265
813702654
234105786
034815762
830216754
042385176
342176085
680435721
618452073
134672085
123506874
120843765
813256074
235146087
283714065
230816745
023468175
026513874
783105426
841735620
034782615
123708465
042163875
235406187
812603754
813604275
482105736
710863542
023167854
713568024
813726054
123804765
142758063
162534870
172403865
014235687
120835764
082173654
015437862
364172085
128743065
824103765
130826754
123568074
821503764
240135786
160782543
142835076
671205843
472103685
836201754
130825746
234608175
013825746
012653847
120583476
176804235
340862715
530174628
123604875
120863754
420783615
813206754
214805736
120653847
236154870
123678054
183704265
630274185
834126750
123785460
071253648
276153084
152603847
832501764
071562843
038124765
123604875
748512360
428701356
671203854
023184765
123405876
142673085
230146785
042135876
138724065
430158726
136702584
634207185
034827615
145273086
824105736
813506274
013725648
135846027
240176853
472183065
034865217
048263175
134827065
814732065
143675820
234657180
152603847
013856274
243675180
142703685
140682735
741203685
143805762
142678530
340172685
140632875
813604275
814305726
342187650
721863540
841735620
814736520
034125876
236184750
045123876
813726540
048321765
064385172
683214075
384162075
013674852
374158062
013826754
064172583
812703645
130728654
482103765
012473865
012843765
142863750
123845076
120364587
123845760
123675048
234816075
823761054
123704685
140832765
358204617
324105876
821634570
263704518
073184625
246803715
172683450
123845760
120673854
812403765
134725680
150632847
712435068
814673052
610354827
173685042
423608175
135864072
324805716
610324875
467302185
283604175
342816750
123758640
120753486
813764052
135407628
042173685
130784652
320784165
123804765
182673054
283604175
830716524
814356072
134802765
145203687
617243850
821703654
234715086
123804765
135602847
142673085
518304726
872563014
123745068
234105786
631285047
135407862
123745680
721584360
246813075
812435760
836201754
283156740
714632085
058314726
134786052
130425876
813204765
172643580
236158074
035748216
086234715
120863754
142703685
120645837
162803475
120643875
034216875
820634175
140682573
234105867
120573846
840631275
142635087
142783650
718302546
813574062
813745620
162803754
124703658
078123654
354162870
083624715
652107843
013824765
354716280
120783654
067814523
812673450
482163750
123805746
128403765
516832074
136824075
230764185
123405876
120836745
834702651
123675048
712683540
082413765
134856072
123645870
840261753
123804765
162834750
235186740
210834765
812605743
142873056
482103765
135802746
813204765
784135260
123657084
613257840
280563174
731602584
412853076
378402615
280163754
123856740
162305847
873215460
135802746
014835726
045812673
142563870
823705614
130864752
023167854
152843760
283706514
013856742
781604253
736521084
024153876
036724185
270183654
013824765
135426870
216783054
013582746
130824765
023156874
152436870
213845067
014862753
162853074
283406157
082413765
412703658
761283054
354206178
130728654
034721685
123845760
086345172
124637085
283156740
084312765
123604875
023145876
813204765
820415736
423806715
280143765
123845076
073284165
128365740
861203754
712603845
023176584
273105648
783604152
025184736
082713645
830274156
123845760
256104738
342706185
034276185
071632845
236184750
042183765
163258074
130526874
813702546
074356128
812653740
610823754
354706182
014738526
083614275
240385716
134672085
126835740
013824765
134205876
036284175
130627854
813264750
135728640
812304675
438125076
710632845
683207514
743265180
163427580
125784036
012743685
123786540
340125876
283576140
523108746
273405168
012834756
268704153
180732654
123708654
123785046
740328615
518702463
813205746
420315678
123856740
821735460
813264750
384725610
012643875
726103845
120673854
042376185
814735260
620413875
782104653
123674085
142708365
134506287
023174685
135627840
014235876
283701654
810734652
234805176
134257680
083216754
283104765
482103765
235108467
120745638
140832765
120864735
031578426
152843076
162304875
810643275
138724650
623415870
025347186
283106754
182704635
120845736
084172536
142735680
041823765
283104765
230168745
680143752
023176584
283104765
013824765
821764053
135426870
813204765
082673514
310728645
014632875
218673540
742608153
712643085
235746180
174652083
125704638
123405876
851304726
028613574
812435076
082413765
123607854
714605238
156702483
061872435
134825076
136524870
138502764
230165478
280431765
134825760
135406827
614307528
470152386
721653840
256138047
810723654
018732465
316208754
042163875
842105763
631825740
137652084
023684175
234685017
842753061
130845276
280763514
364278150
023185746
425186730
712835046
132675084
234107856
012643875
268153074
320145786
123405687
314805762
123784065
023186754
254173086
813724650
034815762
123856074
482106753
152803746
713645820
123705486
830125647
137526840
835201746
162834750
142703685
825136740
140632875
123864750
243815760
283701546
234708615
240736185
230475168
813264750
326145870
120846753
714683025
712803465
612403875
072413685
152803746
013528764
134782065
135864720
023185746
813725046
813205746
013824765
612803745
634708125
682103754
162803754
123708654
314706852
043275186
012843765
816405237
023815647
234785061
243756180
142803765
234805761
024835176
812403765
230174685
042163875
130825746
813204765
730625481
018253764
083216754
263457180
860432175
841703625
054132876
234105867
710832654
136805742
340185726
123645870
630251874
837614250
043715286
123745068
123804765
123784650
123674085
063814725
248103765
780412563
374158062
142703685
134702685
134208756
120853746
048321765
124803675
048213765
063812754
123576084
782104653
130864752
018263745
123708654
013874625
028143765
283105746
142308756
123784650
172806543
134825760
836251074
413206785
230178654
823714056
182705643
134275086
123506874
271405638
427805631
316804275
031654728
048235176
243756180
783105642
521803746
012743685
035816274
142803765
142856073
815704632
130526874
215703864
472103685
063215847
142635870
283104765
280153746
142863075
234715086
283706514
243105876
128403765
185702463
142803657
130624875
134568720
713624085
123806754
120854763
258103746
120743685
148365270
240135867
813726540
348125067
082163574
235104687
136578420
023854176
713205648
813245760
813752640
172843650
513276840
123856740
614837052
480213765
083245176
813702654
130874625
152843760
714603852
814502736
124738065
124853760
134205687
123847065
123405876
138702654
130624875
283164075
056321784
130864752
378612054
048632175
270143685
813724650
813704625
812403765
283716054
128463075
130872654
420183765
082475316
283164075
863104725
173642850
485306172
341705628
342185760
468702513
012843765
263107854
412803675
840736215
810643275
260143875
083216754
834721650
283105746
841752063
142856730
280154637
230164875
145863027
123804765
345718026
813602574
142863750
832714650
128407635
012743685
123856740
482105736
034156872
258314760
831702645
234175068
123864075
273605418
153824076
234685170
082573164
263104875
810723546
180653742
250846137
712435680
013724685
320156784
621853740
816302754
812576430
136802754
240135786
135402687
423105867
034162875
413825076
015846732
142835760
143608275
374825160
023186754
136704285
360182754
340871625
234185760
840715236
142863075
123564870
820163457
138402756
682134075
720813465
712645038
620873154
123674085
023175648
340216875
812705634
123764580
036278514
172835640
140832765
341706825
380126754
763125084
340218765
710623548
845213760
