038125746
023145876
342105678
015378642
482156730
315248760
746801235
652104837
641203875
384256170
850732614
472183650
142803765
248375016
753804162
210834657
213874650
784152036
142735680
135426870
078623514
813205746
657401832
816243750
280743615
168702534
752306184
128504637
620134758
120485376
732816045
864372150
063128475
472105638
714308652
821704635
036154827
048571632
034281675
137286054
731602845
713604582
143805762
384602175
834172650
123806754
814672035
145308276
283745610
621705834
748132560
135702648
247106358
146802357
123607854
721465380
863712054
310826574
147805632
175843260
163842075
023167854
620153874
634807215
826503417
782463015
130824765
713206584
120863754
126804537
130254876
235864017
423165087
183705624
135607824
384102765
123475860
670143582
146732580
238615047
138604275
074318652
842103756
128705463
856731024
413608725
123845760
512634870
830142765
450263187
830615724
023174685
462501873
413802765
140372865
714608532
123674085
137402865
123804765
815236047
410728653
123786054
547183260
624875013
830152746
613208574
521734086
081243765
263148750
026154873
756314280
032175684
023174685
083624157
623714085
810735462
184702653
231705648
263105847
174203685
013874625
061873245
841203765
538706214
873204615
470126853
183704652
014832765
063158274
841726053
568132074
263704185
283756041
386104725
215306874
123704685
824601573
283564017
851203746
258403761
345128076
460285317
274308651
815264037
145203876
812743650
123704685
654203187
350426178
642301875
145703628
217658430
012653478
172634850
234815067
052863741
230416875
867543210
085241376
063845217
071423865
013265874
048162753
350146782
286347150
620548731
248701653
871402635
176832054
143708625
478102563
142865037
812504376
835716042
240187365
856104237
813764520
610273548
210873465
162804735
581734062
823601475
620754138
346258017
834206751
274386051
813256740
714506283
123605478
612403875
142705638
054167238
082173465
126507834
123704685
732415086
813256740
310852674
137802645
813204765
734681052
034186752
623471850
813256740
651302874
034278156
841703625
130824765
831704652
812654370
123745680
750348261
123607854
438257610
146835270
134706582
713208654
026738514
850173642
120643875
781325640
341825076
124605873
072568143
241305867
063218574
640712385
281763054
273405681
345102876
263184570
135402876
628105734
563204718
280541763
123705648
012653847
123708654
620481753
250163487
260173854
012563874
023185467
352176048
074652813
150246837
143502768
681403275
152467083
852741630
451823076
614835027
130826754
126805473
832457061
782365140
640271853
810732645
324705186
758241063
234851076
382401765
864371520
413825076
123758640
240168375
134785026
046175832
052384167
123856074
123786054
548103672
812763054
621307548
025783614
610534287
210784536
123784065
130624875
286403175
281735064
120748653
047183625
356204718
341765820
518304672
125843067
138624057
683102457
016543872
587612034
134802765
012743685
670154823
142705638
013674528
712483065
270153864
082164375
310265784
052176438
712504836
456103728
247103568
684213057
081465732
024185637
142603875
130824765
213608754
864302175
243105876
134802765
826134075
023714586
812704536
761248053
163527840
142803765
142703685
378204165
123764580
123807564
120563874
084137652
283164075
124875036
250814376
813725460
130762485
480672153
465172830
123508764
813206754
025183764
371208546
136502874
815736240
123845760
584263017
614205873
620438175
134825760
340865721
352864017
283105746
143805627
724501836
053126847
248156730
150426738
354162870
345267018
137204685
472105638
234761850
134862075
813706524
670132584
834106725
780321645
130625784
634107825
124307568
120476385
860214753
710358642
182563074
038257164
142675038
623108754
814725063
612804375
160852743
657102483
740615823
235806741
781253640
450817263
482713065
250613784
834601275
178403625
283564170
013825746
123675480
150432687
138702465
571208364
157824630
173805264
713568240
243805716
780324651
258431076
134856072
673104582
136782054
140532867
328674015
135782046
140837256
057263418
872534016
510832476
023186754
043126875
643205187
132678045
825107643
035248176
358104726
273608145
152703486
218705643
120854763
263704185
138245760
723804615
134287560
810642735
834201765
340186275
138724650
864513027
165307842
653217480
210834765
132684075
815736024
016832754
325401876
725681043
134687250
634708251
123864750
135426870
134862750
136204875
835206714
813264075
153204876
258146370
213875460
364805217
134568720
613485027
172804365
163825740
231786540
610452837
167823540
823701645
458372160
210563847
120743685
243165780
834205716
034167285
013624875
130728465
124736058
481536270
345826071
235478016
135806724
143725860
260378154
142708653
263104587
621304587
452806137
812703645
837625014
437102685
084375216
781362540
263145870
013425768
146532870
815342076
013845276
032845617
320148765
680124753
367102548
056832174
173804625
143705682
570182346
420375816
781245063
081726534
074261583
513708624
084756231
135874026
234105786
374582160
520478613
851203746
418602573
120783654
053782614
462851073
512746380
672384510
374102685
153842670
420517863
140835726
482163075
167483052
748162035
510324867
386102754
815326740
681273054
124306758
720514368
265703841
147802653
634207851
152783046
273601854
016342875
813704625
682103754
172835640
123576084
745308126
143826750
384205176
230176458
483715620
037162854
123745680
043258761
845301726
130846572
560314782
061823754
136524870
376204158
173804625
012853746
253104786
142703685
812703645
735801462
263478150
134678052
138526470
830214765
478602315
637801524
180734625
384102765
813204657
720436185
162804735
315728046
830617254
273416580
384216750
035182746
123657840
420687531
721403658
035286174
073184625
762801543
182604537
423708615
436702185
418702365
723106854
130542876
435271086
812703645
735208614
830215746
784601352
826103547
041532768
872103546
513826074
248163750
276538410
314208765
235817064
125748063
123785046
123805746
841732056
813475260
041385726
163842075
056813742
251634087
764513082
820351674
123864750
781624035
062183547
813405627
570182346
630215847
235176048
712643085
415306278
015834762
012863475
723601584
123845760
120643758
135428076
142835076
426105873
312804765
623801574
423168075
280374156
418203765
530618274
124753068
631802745
152783046
038241765
183746052
058647213
123758064
124805376
013842756
482103765
370142865
548102763
016854327
861203754
123708465
823761054
173402856
071265483
826573140
314206875
634105287
573862140
023861475
042785316
830214576
364205187
315208746
013867254
023854176
510826734
280735146
342807165
083521746
028174536
137502684
146703825
710832546
126403875
134705628
342857061
140852736
154702386
145723068
123786054
180273654
361824075
820715463
458201376
340728651
186245073
172503684
835702614
348615027
823605741
720381654
140862753
247863150
380125746
236104785
681204375
258734016
715403862
583204761
230874165
834715620
871653024
216853074
468103725
741836520
012473658
781634520
782463015
281306574
283156740
365108742
830725614
640325187
310842765
412708563
152307846
283405176
235407168
123856074
825641073
142758063
435107826
324106785
683105724
123845076
813764520
034875612
032856417
714608532
123756480
723801465
812573064
013852764
174582630
641823075
136824750
073214685
248103765
132806745
085347162
854136072
273804165
082613754
321865074
271563840
023175486
380257164
813264750
164703528
810263754
078641532
150732486
135728640
813725046
813724065
815746032
142356870
162803754
237106854
182305746
042135876
120874653
642703815
528406173
167803524
042163875
841703625
124836075
018732654
253184760
810364752
521608374
820715346
041257863
345286017
248315670
243108675
430627158
813706524
821453076
130784265
465183072
053721684
310254786
413865270
513704682
236578014
013825746
162703584
781534026
830415276
812534670
014378625
120853746
243805716
263417085
713645082
234105867
813475026
135782460
810372654
824107356
813256740
824703156
520816743
810723546
027483561
812704365
142607853
083276451
234715860
530164827
260783541
035184762
450738126
062175483
625841370
173605482
023781546
013862574
428305716
032185647
360814752
812703645
023184765
013856274
476831520
263105847
314608527
813706524
854716320
162405873
172634850
782154063
084631275
470621835
358271064
123607854
186203754
085264137
130842756
856247310
528371064
281603754
123805746
342175680
728634051
743201865
034851672
062183754
730415826
482103765
810452673
630714285
384625170
146703582
162803754
283645170
032178564
152706384
620183475
082715346
024735168
630285741
016543872
247835160
680731542
123758640
173684025
021543876
283716054
247105638
564103872
274813650
234506178
482135760
534281076
724103685
526304187
273458160
813726054
023145768
026143875
041832675
812643057
783614250
024318756
416273085
175402863
426701385
124385076
120853746
064328175
641782053
412387650
863241750
612503847
512304768
718623045
865732014
280145736
164802537
482156730
081745326
073126854
830715426
123784065
238154760
734205618
782416035
534102876
712643085
134672850
142705638
013624875
760312584
023784615
068275413
283456017
520874631
472183065
123806754
814623075
182673054
132745086
152407863
137524068
812463075
834705261
145608723
761302485
710328654
830475261
627813054
085412376
063824175
830245761
873102456
813705426
120648735
162734580
621834750
142378650
123604875
032816547
268103754
283714065
487613025
012734865
120647538
081743625
813204765
314625078
742683015
621783054
240178635
782401635
624873051
075684231
346825017
815702436
760153248
472103685
385276014
260153847
280763514
427631085
268475013
850316724
140862753
351648720
813206754
124836075
173825046
147235860
125804736
812435076
812453670
356782140
283105746
671842053
142835760
870513264
036174852
234507186
410632785
148605327
125863740
240637158
814356720
142803765
134762580
345801762
340265718
162534870
273158064
812604735
680473215
021834765
173482065
780351246
120435786
124705683
812703645
820713564
310278546
016283754
273108546
235407168
185702463
430127685
