803712654
134025876
204137685
123864705
123860754
123784605
203184765
102843765
102843765
613250847
812743605
103824765
203184765
807132654
134082765
813025746
142083765
103724685
102843765
813024765
203184765
123740685
123674805
123860754
203184765
863240175
142063875
813052764
123856704
103624875
134825706
281063475
142863705
203184765
812043765
812430765
123084765
104632875
134086752
123640875
234718605
203145876
812435706
283164705
814035726
813745602
162853704
243156807
204138765
813024765
135082746
103824765
283145706
103526874
124038765
613240875
814032765
123760584
103825746
103728654
142063875
123856704
102863754
123845706
123084765
283074615
803214765
283450176
123784605
145230876
134825706
152730486
682130754
123784605
813074625
103824765
283064175
803214765
813672504
103824765
283714605
103824765
834210765
203145876
613045287
283014765
103824765
123450876
713624805
123845706
134856702
123840765
123640875
136082754
123045876
134820765
263140875
134062875
123864705
123840765
123045876
812673405
142783605
246730185
103824765
102843765
263084715
182753604
104835726
813674205
102863754
834215706
134620875
841250736
812043765
235780641
713864205
784031625
123864705
234180765
203156874
812073645
813724605
782013645
134862705
803256174
142830765
812043765
813025746
234180765
102643875
142863705
138762405
123845706
243175806
123045876
123845706
123064875
123085746
123674805
136052874
102783654
813640275
713024685
813260754
283710654
273018654
813072654
123845706
103824765
162083754
104862753
263174805
834210765
123860754
713624805
803614275
136820754
732180654
123845706
208163754
234185706
152083746
123450876
123784605
813260754
803214765
103825746
841350276
123064875
812460753
203184765
142730685
123840765
103724685
783014625
284031765
203185746
813260754
812630754
384025176
702413685
813256704
206743185
801643275
162084735
123864705
136852704
123084765
102853746
208143765
134820765
182743506
813240765
283140765
813250746
234180765
283714605
123450768
123084765
103824765
462130875
813264705
123064875
136824705
102853746
813674205
103824765
123086754
872153604
813264705
134862705
123786504
304218765
803214765
801743625
103627854
134825706
103724685
123078546
142863705
102843765
123860754
136572804
482713605
283014765
142783605
123845706
204136875
812743605
123864705
142830765
123780654
126073854
123840765
813264705
103624875
123840765
841023765
103726584
812053746
142730685
103824765
203164758
402163875
203184765
103874625
135826704
713258604
123084765
246173805
803215746
103824765
103725648
134850726
134758602
276153804
102843765
283014765
813724605
123860754
402163875
103824765
123864705
512063874
238170654
203174685
134082765
104832765
813264705
314268705
102843765
123064875
123860754
423185706
783140625
624038175
283150746
134862705
203164875
234180765
682713504
142830765
123784605
123086754
812043765
123640875
801243765
234180765
283710654
134856702
234016875
123084765
813264705
263174805
203164875
803214765
142083765
162853704
812763504
104835726
813045276
283140765
123064875
283164705
103826754
103864752
283164705
123074685
123864705
783014625
601843725
203164875
203164875
813250746
103624875
123840765
182753604
123064875
234180765
123840765
103824765
182750643
812670453
123084765
248160753
283156704
234180765
813752604
813724605
283015746
601382754
103425876
821745603
203175486
123045876
203186754
812043765
162853704
142083765
283014765
783052164
123840765
123865407
123078654
735210648
823056147
782013645
234678105
134082765
134025876
123084765
142830765
814725603
813724605
203185746
203145876
283750416
203184765
246013875
123860754
102863754
123864705
123780654
813264705
102453876
123056487
813026754
123864705
813025746
823064715
813074625
203186754
283140765
123860754
813024765
263140875
203185746
861230754
283740615
204138765
142035876
123074685
813026754
123780654
283014765
713024685
813024765
123840765
123840765
142630875
813260754
634270185
123784605
234180765
123086754
123864705
812463705
123864705
634810725
103826754
123640875
234015786
123675408
423018765
813724605
142830765
102743685
123064875
801723654
783014625
123840765
782014653
234015867
203184765
813740625
123840765
123840765
123864705
123045876
263174805
127043685
123840765
304186752
812043765
834210765
123045876
403256187
203145876
813064752
813024765
152473806
102843765
123084765
812743605
142783605
283015746
123064875
813024765
384120765
813745602
834261705
123057684
123674805
813720654
123760584
103826754
812763504
102743685
123850746
104835726
384016752
103526874
162830754
815342706
136720584
123864705
123850746
123850746
813720654
142860753
834610275
162853704
123860754
103824765
123576804
123064875
103824765
123864705
102843765
123840765
234170856
263840715
304185726
258013746
784012635
103874625
103624875
134620875
713024685
126043875
123760584
283160754
813724605
813726504
813264705
812743605
123864705
812430765
814032765
134620875
203186754
236150874
102843765
203184765
413025876
283714605
102863754
821730654
102863754
841263705
102845736
813740625
812743605
123084765
203145876
831462705
283164705
142850736
801543726
123064875
134862705
142860753
142073685
103864275
123860754
824751603
162834705
156430827
123674805
123785406
803216754
142730685
134820765
837651204
123740685
134782605
134820765
102853746
102843765
813240765
123064875
134862705
102863754
123864705
123840765
134825706
234015867
123780465
103624875
283160754
801243765
123084765
813740625
123645807
123864705
123045768
803712654
134082765
103784265
813720654
123674805
123475806
234715806
123864705
182734605
136082754
142863705
123864705
102743685
812043765
834260175
235180746
123784605
203164875
801723654
142035876
123784605
841063275
134862705
134820765
123075486
142086753
134625807
834210765
103824765
813724605
813720654
123674805
634210875
412853706
123085746
234160875
203145876
806243175
123084765
324015876
834210765
142835706
203186754
142783605
203185746
203164875
134062875
283710654
813752604
123860754
123450768
102783654
402163875
137650842
234160875
283150746
814032765
152043876
134085726
162830754
123784605
813024765
246013875
103724685
142780653
602183754
123845706
142830765
834210765
103824765
803214765
123750648
123860754
813264705
134862705
813024765
123074685
103425876
813045762
138072654
104862753
423160875
142863705
134085726
813064275
812743605
812063754
134072685
134780652
134820765
123745608
123084765
283145706
104832765
123860754
134820765
142850736
283640175
123864705
234180765
813726504
203174685
403275186
803214765
123864705
236180754
283164705
123864705
123084765
142830765
812740653
813720654
102863754
102863475
803214765
134820765
138720654
273140685
814032765
123864705
123845706
283576104
123860754
123064875
345186702
803214765
123860754
803214765
234168705
123084765
123064875
103826754
123740685
804312765
803214765
134862705
103724685
204136875
234180765
203145876
123645807
812743605
102843765
713250648
102863754
102843765
123470865
283064175
813074625
813024765
204138765
142730685
142083765
103724685
713024685
104832765
123840765
234160758
154372806
234180765
364172805
834071625
123860754
812430765
203184765
182563704
123064875
812463705
123084765
462173805
135082746
813240765
283164705
781023654
103824765
402173685
123086754
813064275
123845706
813740625
125038746
203184765
136820754
814732605
123784605
803215746
123860754
803216754
841025736
813724605
812530674
123086754
123740685
248710653
162083754
423185706
813264705
283145706
263145807
123864705
812463705
142063875
123450876
203174685
243075186
283164705
123784605
273185406
103826754
203764185
123058764
813720654
104832765
283014765
152830746
342180765
123840765
134825706
248013765
123840765
123086754
712483605
123645807
248135706
513026874
123760584
603214875
813250746
134850726
103854726
123064875
814072635
142783605
162830754
234068175
813024765
142063875
482013765
103824765
813264705
234160758
134820765
123670854
234180765
812053746
641023875
123657804
304185726
123845706
613045287
206843715
236150748
128043765
283064175
125846703
123576804
123864705
103728654
134820765
134782605
203184765
814730652
248163705
125840736
104832765
812740653
123864705
134625807
248130765
123786504
102863754
803516274
243150876
813240765
613024875
123840765
134720685
102843765
813024765
283016754
142863705
718052643
804231765
103824765
105243876
203184765
123084765
283714605
123740685
812430765
712643805
142083765
102643875
134085726
123084765
134820765
263145807
123840765
138052764
134025876
813752604
102673854
123850746
483015276
814732605
482163705
103824765
123084765
104862753
812743605
283014765
203164875
134780265
203156874
123864705
104235876
134820765
603274185
123074685
803214765
834021765
216840735
713862504
812045736
803714625
102783654
283140765
134825706
123740685
813240765
123645807
834215706
123845706
208153746
803715642
813250746
803214765
134062875
234710865
102843765
102863754
102846753
105832746
123467805
123860754
142830765
283014765
814320765
103624875
123064875
123640875
402183765
243156807
803214765
182530764
102853746
134860752
134082765
102843765
283164705
162853704
102743685
123674805
123085746
123845706
102865743
123856704
712083654
123740685
813024765
123750648
813724605
123784605
813720654
234160875
123784605
712083654
123064875
123840765
283074615
283015746
134860752
283164705
234850176
102683574
634210875
123856704
123086754
234180765
123840765
134860752
123856704
234180765
203164875
123860754
142830765
283164705
613240875
152843706
123784605
102846753
324015876
203184765
861230754
103824765
134820765
801243765
123840765
134820765
813245706
152843706
123084765
142783605
812054763
123864705
124078635
803214765
102743685
134620875
123780654
123064875
134860752
304182765
134820765
142830765
652173804
713024685
123784605
102863754
102743685
832710654
713024685
162783504
801743625
103425876
123064875
203164875
102753486
123450876
123840765
134820765
123576804
263145807
628430175
402183765
123740685
102845736
235180746
104732685
834210765
203184765
813024765
482713605
