034216758
134862075
851703642
346215870
120843765
142803765
034182765
142805736
123804765
248156730
123806754
142673085
012863754
123674850
123604875
162873045
162853074
482103765
814753062
384105726
023185746
123784065
813204765
140832765
152803746
813264750
023184765
013864275
042183765
140832765
123804765
712804635
810243765
123704685
123604875
123405876
120863754
123864750
162783054
283104765
123784065
140832765
482103765
123806754
182703654
130824765
130624875
230174685
813264075
263145870
430215876
420183765
312405876
134802765
123804765
821703654
234875016
813245760
130425876
028143765
014832765
712853064
023164875
013825746
283714065
028743615
130724685
023174685
123786054
140328765
120863754
813704625
140832765
034218765
813604275
123704685
482103765
130624875
283745061
123704685
123806754
123704685
123645870
162803754
012783654
150782463
130824765
263104875
135806724
263104875
034162875
120783654
230184765
342108765
280163754
120873564
384156720
260143875
234168075
023184765
283714065
123708654
130824765
283104765
234168075
283105746
123604875
123804765
130865724
042185736
245683170
120853746
134802765
482105736
283714065
230178654
784301625
182673054
812405736
812603754
152836074
813604275
236184750
130824765
813204765
283145076
120863754
120643875
136824750
812763054
142803765
134825760
120843765
823415760
123405687
134825076
813245760
134802765
013728654
813264075
280143765
234108765
134205768
230186754
013824765
123704685
162803754
123704685
234185076
120643875
182703654
813206754
134802765
123704685
423108765
123804765
420183765
283605147
280143765
013826754
123864075
263405187
283716540
023184765
123804765
123604875
014832765
345102876
283674015
234805761
135806724
023184765
813264075
123604875
830714625
162853074
142803765
713628054
134825760
130824765
134802765
123706584
123506874
123864075
123456087
120843765
813704625
023184765
123605847
072413685
123864750
813206754
280153746
134825760
810453762
180732654
142803765
123405687
123806754
034268175
283145076
280743615
813204765
023164875
134825760
230145876
142783065
123804765
130728654
123786054
123864750
023184765
083216754
123604875
120863754
123704685
134825076
130725648
813724650
120863754
140862753
813724650
123605478
283104765
482103765
142763058
134602875
120863754
123864750
123804765
012863754
283104765
142657830
123804765
123708654
283164075
134802765
130728654
123804765
062184735
234108765
120843765
230178654
123745680
234105867
813256740
123864075
012863754
083712654
230154786
812743650
134625870
713204685
123804765
812634750
813725046
120643875
813204765
534102876
123804765
283164075
123804765
810742653
813245760
813724065
820413765
813205746
014368275
812753046
138724650
123856074
123864750
123784065
123708546
134862750
140538762
123784065
123784650
613824075
613824075
124738065
134862750
123745680
861203754
234165087
123704685
036258174
280163754
013824765
123784065
248135760
834105276
123856740
134825760
083215746
013425876
123784065
120863754
023184765
123856740
283104765
230164875
823415760
130824765
120843765
120843765
123475086
123674850
482103765
134782650
123804765
123804765
820713645
123704685
013824765
283104765
048263175
130824765
841203765
014732685
123804765
123804765
140632875
462103875
812754063
152843760
283106754
120843765
283104765
120783654
063214875
230145876
123864750
123607854
248635170
123806754
023145768
083264175
035182746
023145876
123856074
821703654
135802746
283145076
482103765
482163750
140832765
834206751
234108765
123864750
123845076
123804765
813704625
283145760
130824765
813704625
283104765
813724650
142803765
142783065
142806753
123645870
120853746
263704185
834701625
120846753
423185760
834215760
123406857
861203754
123845076
283715046
140752386
024138765
136802754
013724685
123845760
123804765
023145876
073214685
812635470
123785046
023186754
120673854
120863754
013825746
813724065
123845076
034185726
123645870
123704685
413205876
123604875
268153074
123705486
123804765
120843765
123456870
134205876
123784065
120863754
013825746
024315876
142803765
083251764
283714065
123784650
123674085
230184765
123864750
462103875
713624085
123806754
810243765
123864075
730214685
123856074
042183765
134825760
813264075
023184765
123804765
083245176
834261075
263814750
243156870
234185760
123704685
173804625
123804765
613824075
123864075
120843765
023164875
142305876
712403685
142806753
012843765
234165870
812603754
810723465
012843765
023145876
123674850
123864750
142785036
813704625
162703584
123864750
013826754
248106753
812406753
042163875
614832075
123864075
023174685
812603754
130826754
123804765
012863754
812603754
123856740
013872654
023174685
283104765
813674025
028143765
013728654
013824765
123804765
123864075
120473865
142803765
142835760
123564870
120783654
813725046
123784065
082413765
083215746
134672085
123804765
134625870
135402876
123704685
123405768
283145076
123864075
125784036
123674085
140862753
234185760
234168075
810643275
074312685
813245760
142783650
134862075
142803765
130824765
813245076
023184765
013726584
123758064
023184765
023185746
134205876
613274085
283106754
064182753
134856072
134802765
123786054
810742653
248103765
023184765
013824765
123604875
123475086
812763054
142863075
142783065
082615743
123864750
134785260
134862075
813726054
314728065
136802754
134802765
841263750
062413875
813264075
120863754
013824765
816724053
130825746
140735628
123864075
120783654
130864752
613204875
013824765
023185746
134708652
813245760
081742653
123784065
123864075
830214765
123475860
263104875
260143875
023864715
234718065
123845760
134802765
230186754
123678054
123804765
813264750
123786540
123864750
813264750
123604875
482103765
123764580
142803765
083214765
015834762
123784065
123864075
123784065
123806754
034265187
230164875
162503874
042183765
073214685
142803765
083216754
123845076
134802765
023174685
120673854
023185746
042183765
813724065
123804765
134862750
380124765
123704685
123784650
083214765
123804765
813745062
283104765
023164875
423108765
813206754
123864750
135702486
024731658
120863754
813264075
812403765
280713654
123845076
150432876
123804765
134825760
123607854
042185736
136502874
140632875
134782065
034125876
813726054
123784650
124705836
142603875
013427865
120783654
083214765
142803765
134802765
234106875
283145076
013725648
813264750
130826754
123804765
243615087
234108765
013824765
123674850
812763054
682103754
150843726
083714625
013824765
023164875
813724065
160832754
234168750
123674085
813724650
134785026
034175628
230184765
013824765
123784065
123845760
012783654
813264750
123845076
123845760
012843765
023184765
384102765
123806754
123806754
234108765
134805726
283714650
283104765
734621085
012843765
042173685
023184765
235106847
342185760
813204765
013825746
023185746
123704685
134672850
234106875
812743065
130824765
123864750
140836752
283145760
142863750
263104875
014832765
280153746
123645870
123804765
013824765
142603875
137625480
013824765
813724065
134825760
123864075
023145876
123804765
142603875
123507684
482713065
123784065
283105746
120643875
240138765
123704685
123864750
182703654
123864075
120843765
120783654
234168750
142783065
712834650
230184765
812703645
142863075
123704685
136824750
273614085
134825760
362184750
813204765
123708654
013824765
034162875
123804765
123674085
134785026
013824765
013825746
083214765
814735026
134782065
013824765
120843765
123784650
613274085
210873654
123805746
230184765
123704685
123804765
283145076
812403765
123806754
123806754
714382065
130824765
013624875
136782540
813764052
810243765
245713086
784132650
283104765
230184765
123784650
120783654
813204765
123845760
120783654
013784265
142603875
810243765
123856740
073284165
082713645
123704685
283105746
120863754
283714065
123804765
420183765
023184765
130824765
280143765
123705486
123806754
152843760
123604875
123804765
813725046
234718065
830214765
273614850
142863750
342108765
123864750
123864075
182703654
123704685
123784065
120853746
012573846
123784065
123674085
813204765
123845760
813674025
120846753
120843765
014536872
123804765
083215746
120843765
123856740
123786054
243815076
713425086
813245760
062183754
123805746
123705486
263104875
234105786
123604875
134782065
134702685
230184765
134825076
162783054
081243765
420183765
134825760
123856074
014832765
120843765
230164875
134802765
830215746
283104765
280143765
123745680
612843075
123456087
123845076
123705648
130824765
134856720
123845760
283104765
134802765
042183765
134802765
013826754
135428760
134625870
142803765
273104685
136802754
120783654
410623875
834215760
123674850
136802754
123804765
123784065
123784065
123806754
013624875
182704635
273614085
123745680
230158764
134825760
810452736
013826754
324876015
162803754
268713054
160832754
123784065
260143875
234165087
130824765
012863754
230164875
123804765
130825746
142835760
123704685
038217654
123845076
812703564
142806753
273105648
123786540
134802765
123806754
123674850
162803754
142835076
123805746
234108765
134825760
123784650
273104685
023184765
123856074
034216875
283714650
263104875
126843075
015832746
123804765
130724685
134802765
340162875
380124765
134825760
123456870
841203765
023184765
134785026
814302765
134786052
230174685
810673254
813702654
130864275
018732654
013624875
123786054
130824765
034172685
013754628
012853746
128403765
123674085
134725680
123784065
013824765
130825746
134782065
364812075
152783046
142603875
230178654
210873654
813204765
083264175
120843765
123784650
123678054
123805746
083245176
134502867
612403875
140672853
123604875
123804765
812763054
042173685
012783654
123804765
283674015
123864750
813704625
123645087
123784650
230184765
120863754
134725680
120843765
130825746
813245760
013724685
136782054
142703685
283104765
234106875
123804765
123845760
120843765
263174850
120863754
340125876
123674085
710283654
283745610
234185760
023185746
134602875
140835726
134862075
130824765
123605847
142805736
123405876
153784026
123864750
830724651
140832765
234168075
123864750
012843765
120853746
813245760
130425876
