418023765
813024765
834210765
813740625
134082765
123840765
123085746
102843765
812043765
803214765
813724605
123084765
123784605
103824765
134085726
123084765
234185706
102673854
123475806
813045762
134720685
134620875
135842706
203184765
103825746
134082765
103624875
134625807
162780543
123845706
235186704
123084765
234175608
103724685
142673805
134025876
123860754
712083654
412053876
123850746
103824765
813024765
123856704
123845706
208143765
614032875
203164875
123084765
203185746
813024765
123780546
123864705
234180765
804315726
283014765
103824765
123084765
136824705
813240765
103728654
123780654
123084765
123860754
123860754
812073645
103824765
203186754
263174805
123864705
123864705
103826754
123674805
134820765
103528764
123864705
123864705
203156874
123840765
134782605
142830765
136852704
123056874
813074625
102843765
123864705
134862705
123064875
283140765
102843765
283014765
123864705
204138765
142863705
142673805
103824765
813024765
304125876
103824765
123850746
123745608
123780654
402163875
123845706
813064275
105832746
123840765
203174685
102783654
142863705
123840765
834610275
813024765
142083765
814032765
203164875
123780654
801723654
134720685
123470865
425136807
123074685
123780465
134082765
123045768
123860754
142830765
813264705
283014765
123084765
123784605
123850746
123784605
123064875
103826754
123860754
803714625
123860754
123640875
123084765
813264705
203174685
103624875
103624875
102853746
801732645
102743685
123780654
104832765
803714625
142856703
203184765
123084765
813024765
123784605
102743685
123078654
123745608
834256701
123084765
123864705
123674805
134062875
283164705
236180754
134860275
162083754
123780654
123864705
123064875
812043765
103824765
103624875
103728654
123640875
234150867
813674205
123840765
103725486
812743605
102843765
142083765
123560874
103824765
106834725
283164705
123064875
402163875
803215746
134082765
813264705
813264705
103825746
123840765
123045876
123084765
123864705
123740685
203184765
203164875
134082765
123784605
234160875
134085726
234160758
123845706
134082765
134825706
123085746
123074685
103824765
123860754
103824765
123064875
103824765
123845706
134862705
713028654
102743685
304182765
123074685
253016874
134085726
134820765
123840765
803214765
813024765
123084765
142630875
103726584
103824765
102846753
273184605
813024765
123086754
123840765
234016875
402183765
103826754
813026754
123745608
182053764
123856704
803214765
142860753
102783654
123845706
134062875
283014765
283164705
142830765
123785406
134850726
103624875
134275806
134082765
142835706
123840765
135420876
813264705
103824765
123840765
136824705
234168705
123856704
135820746
103724685
123084765
102863754
103826754
813264705
103826754
482013765
203184765
134862705
812063754
246130875
203164875
123784605
123864705
102783654
134620875
123064875
134025876
283164705
803712654
203184765
123785406
123640875
123864705
203185746
263174805
234185706
123758604
263170854
234180765
123674805
123864705
134082765
813724605
102453876
123845706
123084765
102863754
203184765
813064275
123856704
103824765
123840765
123074685
123064875
123864705
123780654
203186754
206143875
123780654
123856704
283064175
482013765
204138765
283064175
283045176
134850726
103625847
813740625
103874625
134825706
812763504
203185746
813725406
135426807
803216754
123845706
123845706
813724605
813256704
823461705
283145706
821753604
103826754
123860754
813726504
834710625
203174685
123864705
123674805
102863754
103865724
123856704
803214765
803214765
103425876
102643875
123075486
123840765
123864705
813260754
628043175
142835706
283164705
324156807
123864705
103624875
123845706
782013645
134820765
123840765
203184765
123084765
125840736
402185736
103728654
248130765
812043765
123840765
813260754
283140765
123475806
123845706
142783605
123784605
813024765
801432765
103728654
103874625
123840765
123740685
102753648
813074625
123074685
813720654
123850746
103627854
243185607
813740625
102743685
123740685
123086754
103824765
834210765
123864705
123084765
283014765
234018765
123086754
203164875
123840765
142863705
103824765
203145876
142835706
603214875
134082765
123786504
134082765
134720685
814720635
283014765
123845706
103627854
234816705
123856704
103824765
102863754
803214765
283014765
102843765
134820765
283140765
123086754
102843765
123856704
102763584
134062875
813024765
234180765
142860375
234875106
813724605
102753486
123064875
103824765
283164705
813245706
713024685
203185746
813674205
283064175
234185706
123860754
134825706
203184765
134825706
102743685
102845736
123084765
263170854
123784605
134856702
123074685
814320765
123840765
812053746
812430765
123864705
123670854
123860754
123785406
123674805
243815706
136820754
142856703
123864705
123086754
234180765
203186754
142830765
123784605
123784605
123845706
102783654
103824765
283145706
102863754
203186754
813240765
123084765
234165807
123864705
103854726
234180765
102863754
804231765
813264705
103825746
263014875
813026754
123085746
803714625
134025876
234185706
103824765
803714625
103824765
304182765
104632875
812630475
813024765
126043875
123860754
123078654
103826754
123840765
123840765
123470865
123784605
142083765
813260754
123845706
102783654
134082765
123845706
134850726
102753648
803216754
142830765
803214765
813264705
803214765
134862705
134820765
142786503
402183765
123045876
801243765
801243765
283714605
123045876
283045176
803215746
123856704
123864705
102863754
102843765
123085746
102853746
203186754
142830765
123785406
123674805
834210765
123864705
203164875
134820765
802413765
142830765
803715642
142830765
283164705
831042765
203174685
103824765
803214765
235160784
104862753
103824765
123864705
234018765
134862705
123740685
603214875
123860754
123475806
123864705
813024765
123674805
123840765
123758604
103824765
813724605
203184765
123056874
123864705
123864705
123860754
123084765
123784605
234180765
123740685
102843765
136820754
213480765
613024875
813740625
234180765
134025876
813024765
624380175
162830754
203164875
284031765
203184765
103824765
123780654
123784605
103624875
103728654
123084765
123640875
123085746
123780465
103824765
813045276
203184765
203184765
813752604
123740685
801263754
123860754
102843765
123840765
123850746
123780654
813024765
103724685
813264705
123840765
813026754
813260754
283750416
813245706
142830765
803714625
203184765
142863705
123864705
103824765
103724685
813724605
402183765
203175486
234170685
203164875
283140765
812073645
813024765
103824765
203164875
123045876
103427865
713624805
803214765
142850736
103624875
103824765
813260754
802413765
123064875
813024765
203164875
134862705
123674805
134820765
142830765
234085176
283164705
123864705
102863754
142863705
203184765
123856704
812043765
162830754
134850726
123845706
102863754
263014875
134082765
283140765
123085746
812463705
123864705
123086754
123860754
102863754
134670852
123840765
123674805
803214765
102783654
142083765
142783605
123056874
123645807
203174685
138720654
712083654
123864705
123045687
812730645
102438765
123780654
142083765
134825706
102843765
713240685
123085746
102853746
102843765
123860754
123084765
234076185
813724605
103825746
123084765
813074625
834210765
283164705
103624875
203186754
123745608
142830765
103824765
123084765
713624805
235160847
283140765
134620875
234180765
123864705
123864705
103624875
204138765
813024765
123064875
813724605
234068175
123864705
134825706
163084275
203164875
134825706
813724605
812430765
783012465
123084765
123084765
123845706
283014765
104632875
123845706
123860754
613824705
304182765
123740685
123850746
123845706
102843765
283014765
134085726
123074685
602183754
281053746
103825746
813724605
123674805
203175648
203184765
813024765
234018765
134082765
413250876
123860754
142083765
123864705
813024765
402183765
162830754
283140765
123860754
123860754
123840765
603214875
813720654
123864705
123845706
104835726
103824765
123780654
283710654
134825706
102846753
103824765
123785406
203184765
134820765
123784605
613024875
134820765
123745608
234180765
123864705
102843765
142830765
123640875
613840725
103824765
203186754
235140876
103824765
162053874
203186754
123850746
123845706
203145876
103725648
203174685
135420876
123745608
123085746
781042653
813024765
813064275
102863754
142830765
201483765
812043765
142850736
103824765
235180746
105836724
123064875
402163875
123850746
103824765
124068375
123085746
103824765
102783546
801243765
813045276
123860754
203174685
134820765
813025746
134825706
812043765
813264705
273614805
103824765
134072685
203185746
103724685
234185706
123780465
813264705
103825746
123860754
134820765
123860754
812463705
123864705
103824765
123780654
803714625
203184765
142835706
102783546
123074685
103824765
123864705
134082765
103624875
103824765
103724685
812740653
801243765
123860754
134780265
812063754
813024765
123670854
134720685
162573804
103824765
123845706
123450876
123840765
813024765
813240765
273140685
813024765
123845706
102843765
123078654
123840765
134820765
123780654
102843765
123840765
263814705
123840765
123784605
123780654
402183765
812063754
813025746
123758604
106852743
102863754
812063754
106534827
812650743
813740625
123084765
134820765
203184765
173840625
142083765
283140765
123056874
123780654
123084765
134720685
123056874
103624875
102845736
203184765
134820765
283140765
142083765
142830765
203184765
123845706
142835706
102843765
803714625
123856704
123780654
814320765
123860754
123056874
123760584
162850743
102843765
123840765
203184765
123845706
783014625
123064875
834210765
234875106
123074685
803214765
123067854
123075648
102863754
123084765
234180765
103824765
234168705
812740653
234185706
123864705
813024765
123784605
203184765
134082765
142830765
123840765
103824765
103824765
142083765
273184605
103824765
102863754
103728654
123740685
123860754
134860752
103824765
102843765
123845706
142863705
123850746
123845706
123084765
135826704
123784605
123784605
803214765
813724605
203145876
123864705
283560174
102763584
136820754
123784605
103724685
813064275
134862705
