134708652
134786520
423785061
258103746
068253174
142803765
134805726
273156480
123805746
638102754
134802765
873264510
681253047
410238765
713604825
162803754
820613754
123607854
120863754
142805736
258703416
234706185
084253176
234701658
327804165
245873016
235146870
813205746
813724065
062413875
814302765
841206753
813672054
812763054
814305726
154802736
123564870
712503486
234165870
810723546
041253768
283164075
136875024
034875126
123705648
016783524
273104685
376124058
013624875
682134750
142867053
153846720
610823754
182735046
861402753
123845760
713208654
213784056
123864075
263174850
721384650
260143875
162834750
862403175
283504167
120853746
320814765
214375086
258403176
782103645
130825746
123706584
385126740
280143765
024871536
023185746
048213765
123605847
134265078
813706524
136782054
013874625
123864750
254173086
623704158
830614275
342185760
830214765
042163875
152864073
123784065
182503764
734621085
213405786
273158640
263174085
152703486
146703582
813256740
130427865
234605187
842301765
273145680
821364075
123785460
123407865
472183650
812603754
180762453
162803754
023164875
081742653
023167854
064321578
123804765
123856074
041823765
340182765
283105746
074328615
283704615
140862753
034186752
037412685
024168375
240315876
813704625
831725640
140862753
812543760
841723650
142783650
823406175
263845071
260173854
023785641
012783654
123804765
342168750
042178653
730215648
340182765
012843765
123506874
153604827
143806725
613207854
036851274
510642837
023174685
814305726
123405876
013854726
860243751
123785046
630217854
124307856
172503684
128743065
813204765
612835740
123845760
814732065
120673548
142603875
084312765
246138750
024138765
263145870
145603827
813704625
364172085
084731625
123604875
234105786
123864075
182304765
831604725
230148756
128634750
120843765
023567184
234108765
283156740
830214765
083214765
063214875
134586027
013826754
015832746
513802746
034162875
152703486
134706582
816702534
035218467
823745016
781506432
170853642
238517046
123745680
046812753
134782065
823541760
812703645
736152840
716502834
154782036
140732685
023184765
813264750
283104765
263705148
810243765
413258076
651402837
734215680
134705286
056312874
120863754
134758620
142863075
130864752
314205678
123645870
013856274
738204615
245803617
160254837
263145087
031284765
741863025
374182650
518243076
236104857
042173685
130826754
813206754
123405768
514306872
712683054
834125067
386105742
034185267
021845763
163802745
023164875
825401736
713604825
120753648
120753648
850416732
461832075
172684053
610842753
142305768
013872654
670243185
234108765
720813465
234108765
072613584
283145760
436128075
134625870
123804765
280761543
134785026
283546710
814702635
273685140
123475860
243105876
623175840
853246710
034175628
234608175
120753486
230654187
283714065
812703645
852304176
236184750
814605732
283704615
063184275
634185027
813245760
230156748
138264750
813506274
013764825
481702563
013685427
013726584
134827065
514306872
718602534
283714065
123804765
283675410
130254687
283714065
038164752
134786052
273618054
152478630
813705642
830215746
142863075
123704685
123645870
052314876
246138750
123785460
025147836
813204765
268103754
325104678
713845260
023184765
142603875
130758642
160852743
123784065
678413025
134678052
814735026
234608175
683104275
123786054
135426870
123675048
234185760
013824765
134782065
263704185
120743685
842713056
024836715
123705486
042186753
230185746
140635827
013654278
140832765
162805743
720613584
164852730
834615027
042315786
142835760
283104765
513208647
823764150
152803746
146873025
142306857
713605428
085231746
042183765
520143768
816732054
841203765
123864075
123864750
142305876
063214875
130624875
160834725
140853276
180532476
123845760
025134876
230764185
283104765
712643085
160342758
613204875
123805746
813205746
153274860
160532874
123806754
283604175
123745680
682503174
081723654
138672540
123846570
273108654
385104276
152783460
243805167
630421875
810432765
013824765
830712654
350846217
023684175
813405276
014738652
123856074
243105768
273806154
234105867
832104765
120843765
015324876
230145876
023164875
273145680
134625870
813206754
120783654
534806172
283105746
130268754
231584760
263845710
620783145
813724065
810243765
135842760
123805746
273156480
234785610
813256074
283104765
234185760
734106852
748301652
234675810
120673548
834156270
032158746
142783065
023184765
142785036
243157680
014328765
612853470
162834750
014832765
258603147
023146857
283671054
218605473
734215680
134625870
120863754
348105627
423105867
237804615
841723650
128603754
135726480
134806752
812456730
140253867
354102867
234185076
120753648
230145876
130547286
023184765
152463780
012854763
042185736
234708615
714632850
023185746
154802736
134862075
425106378
123708654
123405876
812706543
258403176
123785046
130846725
682534170
872103654
812403765
283164075
061823754
014832765
612854730
014235876
134568720
542107863
423176850
258136074
120853746
218706453
012374856
813206754
324806751
023185746
123864075
078213645
235186074
348205716
183674052
234108765
023714865
813256740
620473185
814732650
845362710
152708634
283716054
123806754
023145768
284731650
246783015
023784615
058213746
364102875
123708546
283706514
430185276
241785630
140832765
248103765
134805726
234106875
123807564
815704632
130825746
413825076
246103875
152473086
023186754
134862750
145703286
123608574
263845710
230156874
872603514
758402136
482703615
130425876
283714065
260143875
123657084
123804765
134802765
483201765
638102754
364285017
142863075
034182765
073825641
134602875
035124786
385106724
234805617
182503764
846723051
173405862
134805726
482106753
013824765
810462753
123758640
840231765
671234850
671832450
130864752
123864075
134705628
013825746
712603584
682143057
462103875
023184765
023186754
634821075
267431085
721603854
712643085
342617085
230718645
652803714
263104875
360241758
243156870
064231758
120785643
480162753
064153827
235146087
058172643
083274615
074312685
314852076
762103485
461702853
483215760
130824765
013465827
185762430
832604175
013824765
013825746
123674850
016832475
163804752
142803765
134802765
710683524
581603427
238174065
123864750
123604875
028153674
045312876
037142865
620183475
810643275
083274615
163204785
023184765
145703286
023145768
123874560
012863754
283165470
120748653
123705648
318425760
487302615
081764532
823761054
230186754
027163845
281763054
413705628
712483065
123864075
280713465
234506178
830214765
712403685
312674085
073145862
073216845
142635870
063257184
610823475
023186754
120653847
413802576
218703654
710632584
283164750
853701462
413205876
813204765
123405876
123704685
042183765
041823765
273145068
162734580
281603754
130254876
061243875
324801765
123405876
120643875
130728654
027183654
130824765
520143876
812753046
123804765
124637085
014782653
130824657
013754286
130856742
130245867
814735260
243107865
120573684
134862075
234867015
234176850
061823754
214305687
810643275
412503876
023478615
713526840
156842073
613204875
831425760
163874250
234671580
023158764
123856740
253106874
687403251
023165847
412573086
810326754
283105746
281603754
123674085
123806754
830264175
841602735
813745620
830215746
123845076
083617254
123805746
384672015
123478065
781603245
248163075
014835726
243105876
140865732
436157082
810742653
154283076
023184765
134205876
280143765
123604875
825703164
023167854
713204685
234107856
125304876
234701658
782104653
280743615
014672853
123784650
230184765
263154780
367145820
123807645
173682054
123804765
163804752
718654032
023175486
123805746
063128754
620153874
235174860
652103874
613825047
012843765
052813764
271645038
142867053
813702654
482163075
820143675
140385762
245136078
123564087
150762438
062417853
140862753
134856720
120843765
523146087
263817540
813704625
280451736
123704685
082413765
140732685
248163750
234718065
034176582
345867210
081245367
813475260
123845076
281506473
142603875
813204765
615327840
263157084
613204875
123605847
012753486
340162875
234105786
812406753
123475086
245716038
813704625
123845760
243105768
063215847
013824765
132704658
284301765
018623754
813726540
236407185
263174850
253806714
123706584
834201765
830214765
273864015
283104765
713804526
374102685
130824765
814302765
384162075
834201765
813206754
142635870
243815076
846315270
384712065
123806754
263104875
256137840
123478650
610432875
152803746
123786054
012385746
123475860
410863275
023164875
310586274
861405732
376801452
180432756
135786024
234708615
230145876
123506874
134678052
053216874
813726054
034125876
734185062
120748653
124503876
830254716
283105746
135402876
123806754
324781065
240176853
813205746
136824750
123856740
140862753
123465780
130864752
834265017
142635087
713625480
247135680
612873054
513728640
345801276
812456730
134768025
024583176
158402376
152436870
713425860
246103875
034871625
134205876
713284065
023185746
123856740
812603754
813264750
613245870
245316870
123845076
634801725
012843765
283105746
260143875
612473085
124785063
136254780
782103564
862501743
613824750
123605847
410263857
043217865
813674250
128405736
245316870
235186740
134806752
026738514
283145076
130724685
134275086
860231754
034215786
126583074
813726540
013874625
025134876
230145876
830216754
134825076
780532614
834752061
253846170
143602785
563814027
123804765
812305476
014562873
083214765
016372485
150482736
623184075
162803754
283715046
023178654
283104765
130824765
743208615
782105634
682534170
063245187
123784065
423185076
123806754
840512736
123704685
825601743
358104726
384102765
238405716
236108754
243175860
072418653
230164875
620183754
134802765
163284750
120763584
812604735
283701654
248167053
830621754
134708652
718302654
841723065
123674850
713628054
863205147
012763584
236108754
140782653
172608453
182304765
813604275
713205648
014832765
813702546
830271654
073548216
283705641
342165870
814732065
134607852
172605843
134805726
028763514
230714658
810423756
042167853
014782653
123405876
123405876
283106754
142806753
073264815
123845760
230164875
451703286
823175460
